Wavelength          	  Flux
1.731416959761648104e+04 9.995806051657821767e-01
1.731410964222121038e+04 9.993587828477225043e-01
1.731404968724115315e+04 9.979019087865054205e-01
1.731398973267631663e+04 9.977274042691831601e-01
1.731392977852669355e+04 9.992776179152262905e-01
1.731386982479228755e+04 9.989915608066235464e-01
1.731380987147307678e+04 9.995297990250798792e-01
1.731374991856907218e+04 9.984770778366510724e-01
1.731368996608026282e+04 1.000466374102698675e+00
1.731363001400664143e+04 1.001914834920372144e+00
1.731357006234821893e+04 9.996380805134656988e-01
1.731351011110497348e+04 1.000206276433154962e+00
1.731345016027690508e+04 1.002165280089098331e+00
1.731339020986401374e+04 9.996513198582717141e-01
1.731333025986629946e+04 1.000532227406459196e+00
1.731327031028374404e+04 9.996971334074680193e-01
1.731321036111635476e+04 9.993663920976013637e-01
1.731315041236412071e+04 1.001577436939581789e+00
1.731309046402703825e+04 1.002237632613999896e+00
1.731303051610511466e+04 1.002253663485454638e+00
1.731297056859832810e+04 1.001984103518350322e+00
1.731291062150667858e+04 1.001555758277706154e+00
1.731285067483017338e+04 1.001578117296134662e+00
1.731279072856880521e+04 1.000454720459587943e+00
1.731273078272255225e+04 9.990794558813760329e-01
1.731267083729142905e+04 1.000710325053030703e+00
1.731261089227542470e+04 9.984558345856624495e-01
1.731255094767453556e+04 1.000029075616631236e+00
1.731249100348875800e+04 1.000582898302454060e+00
1.731243105971807745e+04 1.000381302957623397e+00
1.731237111636251211e+04 1.001150589759419285e+00
1.731231117342203288e+04 1.000712155219012356e+00
1.731225123089665794e+04 1.000432101580932320e+00
1.731219128878636184e+04 1.001961358144438652e+00
1.731213134709115548e+04 1.000819246618798397e+00
1.731207140581102794e+04 1.001231199899873525e+00
1.731201146494597560e+04 9.997889636535669533e-01
1.731195152449599846e+04 1.001903193056103758e+00
1.731189158446108559e+04 9.987748117036929774e-01
1.731183164484124063e+04 1.000978651921017981e+00
1.731177170563644540e+04 1.002090203522013834e+00
1.731171176684671082e+04 9.997130684035988590e-01
1.731165182847202595e+04 9.978454293002676501e-01
1.731159189051238718e+04 9.973325755882206378e-01
1.731153195296779086e+04 9.972137551692101809e-01
1.731147201583822971e+04 9.977929196542695278e-01
1.731141207912370010e+04 9.985031382884049789e-01
1.731135214282420202e+04 9.990011020650750861e-01
1.731129220693972820e+04 9.989824644681996046e-01
1.731123227147027501e+04 9.986194933331812296e-01
1.731117233641583516e+04 9.973286177878917247e-01
1.731111240177640866e+04 9.977664376777274358e-01
1.731105246755198459e+04 9.982401491193031440e-01
1.731099253374256659e+04 1.000482762758151178e+00
1.731093260034814739e+04 1.000135228274406929e+00
1.731087266736872334e+04 9.962389340056906351e-01
1.731081273480428717e+04 9.939395172684744040e-01
1.731075280265483889e+04 9.962976066751682014e-01
1.731069287092037121e+04 9.964584301622850804e-01
1.731063293960087321e+04 9.974417499737308068e-01
1.731057300869635219e+04 9.936465763161290710e-01
1.731051307820680086e+04 9.944677624155002782e-01
1.731045314813221557e+04 9.937544053792548571e-01
1.731039321847258907e+04 9.940097543929051760e-01
1.731033328922791407e+04 9.925774326306917583e-01
1.731027336039819784e+04 9.933998681123361596e-01
1.731021343198341856e+04 9.931878366419780724e-01
1.731015350398359078e+04 9.922114400594542749e-01
1.731009357639869268e+04 9.934590782894162642e-01
1.731003364922873152e+04 9.937286408069103683e-01
1.730997372247370004e+04 9.932348953641467748e-01
1.730991379613359823e+04 9.909833887699298627e-01
1.730985387020840790e+04 9.933209769467754580e-01
1.730979394469814360e+04 9.912961604837190466e-01
1.730973401960278352e+04 9.935473472254343630e-01
1.730967409492233128e+04 9.920325875274825789e-01
1.730961417065679416e+04 9.910596820138345420e-01
1.730955424680614669e+04 9.905054274597029362e-01
1.730949432337039252e+04 9.897567860932028339e-01
1.730943440034953892e+04 9.908351327668410979e-01
1.730937447774356042e+04 9.923792986084688517e-01
1.730931455555247157e+04 9.895294978369800765e-01
1.730925463377625783e+04 9.898029826733361070e-01
1.730919471241491556e+04 9.871792540051641529e-01
1.730913479146844838e+04 9.894528131527043913e-01
1.730907487093683812e+04 9.891962894411490126e-01
1.730901495082009205e+04 9.910851548788253140e-01
1.730895503111820290e+04 9.923459968773820083e-01
1.730889511183116338e+04 9.899749707839820001e-01
1.730883519295897713e+04 9.897166955401554000e-01
1.730877527450163325e+04 9.906107429293584676e-01
1.730871535645912445e+04 9.919081272896239643e-01
1.730865543883144710e+04 9.929836192005165874e-01
1.730859552161860483e+04 9.919753594083748904e-01
1.730853560482059038e+04 9.927193227845249046e-01
1.730847568843739646e+04 9.928463096364632534e-01
1.730841577246901943e+04 9.936906152586227892e-01
1.730835585691545202e+04 9.954978678886330368e-01
1.730829594177669424e+04 9.903446126613379974e-01
1.730823602705274971e+04 9.933010811873627111e-01
1.730817611274360024e+04 9.920571737476535645e-01
1.730811619884923857e+04 9.908356746094849621e-01
1.730805628536967561e+04 9.934806913396165839e-01
1.730799637230490043e+04 9.971373528125494490e-01
1.730793645965490941e+04 9.970881499278635429e-01
1.730787654741969527e+04 9.953550113340846606e-01
1.730781663559925437e+04 9.983746586470616524e-01
1.730775672419358307e+04 9.953927335483174765e-01
1.730769681320268501e+04 9.940207678577588357e-01
1.730763690262653836e+04 9.932411496723463351e-01
1.730757699246515404e+04 9.923109399394082208e-01
1.730751708271852112e+04 9.937442611418696448e-01
1.730745717338663599e+04 9.922395203589812196e-01
1.730739726446949862e+04 9.939013901997190148e-01
1.730733735596709448e+04 9.974023468728514530e-01
1.730727744787943448e+04 9.964438608358604510e-01
1.730721754020650042e+04 9.936490348952288221e-01
1.730715763294829230e+04 9.942771405951480457e-01
1.730709772610481014e+04 9.965943847582749981e-01
1.730703781967603936e+04 9.983635951614665549e-01
1.730697791366199090e+04 9.947682381421998343e-01
1.730691800806265019e+04 9.993494286439987828e-01
1.730685810287801360e+04 9.945091060243348435e-01
1.730679819810808112e+04 9.942563201485711266e-01
1.730673829375284186e+04 9.939105543446787872e-01
1.730667838981229579e+04 9.965244359711412647e-01
1.730661848628643929e+04 9.953392347013900743e-01
1.730655858317526145e+04 9.950967560723712468e-01
1.730649868047876953e+04 9.952359563646864249e-01
1.730643877819695990e+04 9.943405454343178240e-01
1.730637887632980710e+04 9.941602359098128394e-01
1.730631897487732567e+04 9.958573035368151194e-01
1.730625907383950835e+04 9.968252889719865228e-01
1.730619917321634784e+04 9.941245510951327580e-01
1.730613927300784417e+04 9.970934765603532979e-01
1.730607937321398640e+04 9.963717582695628128e-01
1.730601947383477454e+04 9.948344800587883840e-01
1.730595957487020496e+04 9.941954785680600093e-01
1.730589967632026674e+04 9.935052972766423851e-01
1.730583977818496714e+04 9.928845410410532812e-01
1.730577988046429164e+04 9.937630897115560247e-01
1.730571998315824385e+04 9.947728366702899283e-01
1.730566008626681651e+04 9.972754950015668696e-01
1.730560018978999506e+04 9.985049564085610729e-01
1.730554029372779405e+04 9.933273725075919547e-01
1.730548039808019166e+04 9.949604014651646233e-01
1.730542050284719517e+04 9.948148622945688357e-01
1.730536060802879365e+04 9.969938357797480943e-01
1.730530071362499075e+04 9.955939162303222290e-01
1.730524081963577555e+04 9.954993242454113211e-01
1.730518092606114442e+04 9.939063667214140807e-01
1.730512103290109371e+04 9.950005441587067567e-01
1.730506114015561616e+04 9.961661628252015399e-01
1.730500124782471539e+04 9.957462415001033795e-01
1.730494135590838050e+04 9.954193605579481074e-01
1.730488146440661149e+04 9.959794071436385288e-01
1.730482157331939743e+04 9.956011875559410695e-01
1.730476168264674197e+04 9.940174015160270216e-01
1.730470179238863420e+04 9.948405468671849272e-01
1.730464190254507412e+04 9.945348597510246247e-01
1.730458201311605444e+04 9.952588860720728015e-01
1.730452212410157517e+04 9.954120753419365419e-01
1.730446223550162540e+04 9.913051452440726496e-01
1.730440234731620512e+04 9.926181125455664223e-01
1.730434245954531070e+04 9.940104080985676660e-01
1.730428257218893486e+04 9.936917426032574330e-01
1.730422268524708124e+04 9.948807125877217050e-01
1.730416279871973165e+04 9.960944806740179569e-01
1.730410291260688973e+04 9.968657523547015398e-01
1.730404302690855548e+04 9.963267947467063790e-01
1.730398314162471797e+04 9.953500301980994225e-01
1.730392325675537722e+04 9.968569609942934395e-01
1.730386337230052595e+04 9.949925413131450735e-01
1.730380348826015688e+04 9.941252849843006389e-01
1.730374360463427729e+04 9.948346512728181157e-01
1.730368372142286898e+04 9.931000588940290807e-01
1.730362383862593197e+04 9.954502397901510147e-01
1.730356395624346987e+04 9.930918249170171963e-01
1.730350407427546452e+04 9.958875402807730870e-01
1.730344419272192317e+04 9.968467720279700073e-01
1.730338431158283493e+04 9.955920997196525679e-01
1.730332443085820705e+04 9.941434081114540744e-01
1.730326455054802136e+04 9.924588776213857377e-01
1.730320467065227058e+04 9.919180051405442899e-01
1.730314479117096926e+04 9.937926145703989134e-01
1.730308491210410284e+04 9.955562237655906088e-01
1.730302503345166042e+04 9.985368655847133290e-01
1.730296515521364199e+04 9.958572193714654297e-01
1.730290527739004392e+04 9.966933378385777198e-01
1.730284539998086984e+04 9.937388229924791760e-01
1.730278552298610884e+04 9.932985506912221929e-01
1.730272564640575001e+04 9.936529945581347167e-01
1.730266577023980062e+04 9.961711474471293126e-01
1.730260589448824976e+04 9.964810882257203462e-01
1.730254601915109015e+04 9.953381518287715002e-01
1.730248614422832907e+04 9.948465702009157141e-01
1.730242626971994832e+04 9.950521270559067322e-01
1.730236639562595155e+04 9.938324015436393877e-01
1.730230652194633876e+04 9.920886219146790586e-01
1.730224664868109539e+04 9.938745871322489656e-01
1.730218677583022145e+04 9.941418344813967023e-01
1.730212690339370965e+04 9.935195913340301166e-01
1.730206703137156364e+04 9.949083714214282947e-01
1.730200715976377614e+04 9.924464076246972688e-01
1.730194728857033624e+04 9.925819902849720711e-01
1.730188741779125485e+04 9.955931928198569203e-01
1.730182754742651014e+04 9.920171854348555085e-01
1.730176767747610211e+04 9.914452129214885723e-01
1.730170780794003440e+04 9.932647244608766579e-01
1.730164793881829246e+04 9.936442183557487873e-01
1.730158807011087993e+04 9.924918307438331810e-01
1.730152820181778952e+04 9.915901013870277447e-01
1.730146833393902125e+04 9.913702912708145520e-01
1.730140846647456056e+04 9.914824935079514789e-01
1.730134859942441835e+04 9.921155552724285620e-01
1.730128873278856918e+04 9.913343591427151713e-01
1.730122886656703122e+04 9.904530514880052205e-01
1.730116900075977901e+04 9.918066469486254144e-01
1.730110913536682710e+04 9.909117932129213324e-01
1.730104927038816822e+04 9.882333205056714753e-01
1.730098940582377691e+04 9.867918686085868085e-01
1.730092954167368225e+04 9.852565525854203310e-01
1.730086967793785516e+04 9.840895442159452999e-01
1.730080981461629563e+04 9.840789689077912294e-01
1.730074995170900729e+04 9.843900599212734859e-01
1.730069008921597924e+04 9.828909178565080618e-01
1.730063022713721148e+04 9.823167406193978879e-01
1.730057036547269672e+04 9.841619173753938243e-01
1.730051050422243134e+04 9.842901485663893002e-01
1.730045064338641168e+04 9.859568770407728389e-01
1.730039078296462321e+04 9.842145103727826250e-01
1.730033092295708411e+04 9.822816180560850485e-01
1.730027106336376892e+04 9.832892489707454331e-01
1.730021120418468854e+04 9.817455324123597338e-01
1.730015134541982843e+04 9.788512326679217335e-01
1.730009148706918495e+04 9.790521106008692742e-01
1.730003162913275810e+04 9.764535353859854494e-01
1.729997177161054424e+04 9.769293878723194213e-01
1.729991191450253245e+04 9.737606033176277043e-01
1.729985205780872275e+04 9.712757053629573756e-01
1.729979220152911512e+04 9.695494026804111209e-01
1.729973234566369865e+04 9.690980315219052121e-01
1.729967249021246971e+04 9.688536471193985866e-01
1.729961263517543557e+04 9.653683849628826863e-01
1.729955278055256713e+04 9.671789930262914003e-01
1.729949292634388257e+04 9.610683655533089897e-01
1.729943307254936371e+04 9.596708485514023890e-01
1.729937321916902511e+04 9.609957603670303827e-01
1.729931336620284128e+04 9.585995401082788581e-01
1.729925351365081224e+04 9.575268606860988241e-01
1.729919366151294525e+04 9.563892931782086437e-01
1.729913380978922942e+04 9.543075234906442939e-01
1.729907395847965381e+04 9.519348878136644210e-01
1.729901410758422571e+04 9.497647143051348717e-01
1.729895425710293057e+04 9.464759196972046817e-01
1.729889440703577202e+04 9.448357041265882383e-01
1.729883455738274642e+04 9.430821365481697471e-01
1.729877470814383196e+04 9.392101644233384894e-01
1.729871485931904681e+04 9.356861303306072131e-01
1.729865501090837643e+04 9.329442888002369427e-01
1.729859516291181717e+04 9.312326787318869759e-01
1.729853531532937268e+04 9.282681008791487942e-01
1.729847546816102476e+04 9.287323997876590909e-01
1.729841562140677343e+04 9.274398509141134062e-01
1.729835577506662594e+04 9.251455401878125873e-01
1.729829592914055684e+04 9.214728425822281688e-01
1.729823608362858431e+04 9.207514135319422310e-01
1.729817623853068653e+04 9.193407981101257009e-01
1.729811639384686350e+04 9.142404998522007942e-01
1.729805654957712250e+04 9.124167683456789746e-01
1.729799670572143805e+04 9.102238604873434946e-01
1.729793686227983562e+04 9.089319377464244454e-01
1.729787701925227884e+04 9.094244178800511280e-01
1.729781717663877862e+04 9.093348860860012151e-01
1.729775733443933495e+04 9.080532320238005051e-01
1.729769749265394057e+04 9.057352040719575115e-01
1.729763765128258456e+04 9.047978750437348783e-01
1.729757781032527055e+04 9.032469541989428530e-01
1.729751796978198399e+04 9.003927244132854391e-01
1.729745812965273944e+04 8.994626794978664019e-01
1.729739828993751507e+04 8.986584551118519393e-01
1.729733845063631088e+04 8.989191956797323302e-01
1.729727861174912323e+04 8.979160284460306896e-01
1.729721877327594848e+04 8.942061598688563206e-01
1.729715893521678299e+04 8.940902208617453883e-01
1.729709909757162313e+04 8.919530815848950578e-01
1.729703926034046162e+04 8.916680271378368827e-01
1.729697942352329846e+04 8.906207848647693659e-01
1.729691958712012638e+04 8.889598848134088183e-01
1.729685975113093446e+04 8.893965649582736832e-01
1.729679991555573724e+04 8.893600089123884223e-01
1.729674008039450928e+04 8.866655572847496058e-01
1.729668024564725420e+04 8.871055982607309875e-01
1.729662041131397928e+04 8.863098096161886597e-01
1.729656057739466269e+04 8.828013370241792890e-01
1.729650074388931171e+04 8.843489557369693665e-01
1.729644091079791178e+04 8.832013549820915133e-01
1.729638107812046655e+04 8.829461880964087905e-01
1.729632124585697602e+04 8.811611236043516149e-01
1.729626141400742199e+04 8.815768094770518593e-01
1.729620158257180810e+04 8.787374997291110823e-01
1.729614175155013436e+04 8.774124886290376457e-01
1.729608192094238620e+04 8.751920616887475246e-01
1.729602209074857092e+04 8.729736866323777322e-01
1.729596226096867758e+04 8.729099433350524517e-01
1.729590243160270256e+04 8.729253355531698677e-01
1.729584260265064222e+04 8.716709376665465747e-01
1.729578277411248200e+04 8.715182809038798384e-01
1.729572294598824010e+04 8.723803808634662538e-01
1.729566311827789104e+04 8.704439964950368980e-01
1.729560329098143848e+04 8.693437327681227123e-01
1.729554346409888603e+04 8.692300017853222815e-01
1.729548363763022280e+04 8.697068929169401441e-01
1.729542381157543059e+04 8.694775399348999567e-01
1.729536398593453123e+04 8.708357779323352421e-01
1.729530416070749925e+04 8.718719090543904926e-01
1.729524433589434557e+04 8.703487737864160634e-01
1.729518451149505563e+04 8.697783194311844435e-01
1.729512468750962944e+04 8.682940561298962967e-01
1.729506486393805972e+04 8.698213725788577211e-01
1.729500504078033919e+04 8.706942721763186732e-01
1.729494521803647513e+04 8.720843955964304728e-01
1.729488539570645298e+04 8.745883171261202849e-01
1.729482557379027276e+04 8.762570452155771239e-01
1.729476575228793081e+04 8.766179233098864154e-01
1.729470593119941987e+04 8.778342115835268133e-01
1.729464611052473992e+04 8.810902382280948464e-01
1.729458629026388371e+04 8.815120628360377797e-01
1.729452647041684031e+04 8.831120726111306718e-01
1.729446665098361700e+04 8.841409935083965888e-01
1.729440683196420650e+04 8.849321666255707264e-01
1.729434701335860154e+04 8.902996100522796441e-01
1.729428719516679848e+04 8.894179197173497364e-01
1.729422737738879732e+04 8.906573265973289910e-01
1.729416756002458351e+04 8.912607690814678962e-01
1.729410774307416068e+04 8.918569463672707531e-01
1.729404792653752156e+04 8.941621020083916349e-01
1.729398811041466979e+04 8.963306629572058704e-01
1.729392829470559445e+04 8.988860569477695739e-01
1.729386847941028100e+04 9.011591635863551719e-01
1.729380866452874398e+04 9.041664623727743155e-01
1.729374885006097247e+04 9.063479954535916816e-01
1.729368903600695558e+04 9.064997743345895032e-01
1.729362922236670056e+04 9.077032618608393832e-01
1.729356940914018924e+04 9.091486141887229477e-01
1.729350959632742888e+04 9.115886633220519064e-01
1.729344978392840858e+04 9.111346418174709472e-01
1.729338997194312833e+04 9.146957869501168847e-01
1.729333016037158086e+04 9.161808706309187977e-01
1.729327034921376253e+04 9.164757046348054326e-01
1.729321053846967334e+04 9.191349102398455040e-01
1.729315072813929510e+04 9.194334399621464371e-01
1.729309091822264236e+04 9.248514742791160703e-01
1.729303110871970057e+04 9.240238041962238746e-01
1.729297129963046609e+04 9.276205192703030900e-01
1.729291149095493165e+04 9.268116288962502392e-01
1.729285168269310088e+04 9.280295268361246075e-01
1.729279187484496288e+04 9.297995890617478665e-01
1.729273206741051399e+04 9.299010900359924170e-01
1.729267226038975787e+04 9.319159542962284215e-01
1.729261245378267995e+04 9.345417083976814698e-01
1.729255264758928388e+04 9.341595374677623687e-01
1.729249284180955510e+04 9.347845470707248916e-01
1.729243303644349726e+04 9.366805100179512733e-01
1.729237323149110671e+04 9.388278098515963066e-01
1.729231342695237618e+04 9.431417986324337477e-01
1.729225362282730202e+04 9.452324195468554402e-01
1.729219381911587698e+04 9.444912641700967670e-01
1.729213401581810467e+04 9.485931232077425834e-01
1.729207421293397783e+04 9.474451470860772995e-01
1.729201441046348555e+04 9.468589367740976037e-01
1.729195460840662781e+04 9.487399641358236213e-01
1.729189480676340463e+04 9.477214945068407337e-01
1.729183500553380509e+04 9.495494336284227010e-01
1.729177520471782918e+04 9.514490595956121011e-01
1.729171540431547328e+04 9.535608137908160309e-01
1.729165560432672282e+04 9.542230250191507945e-01
1.729159580475158873e+04 9.551891878008530457e-01
1.729153600559006009e+04 9.540629962626304694e-01
1.729147620684212961e+04 9.535715070469495958e-01
1.729141640850779731e+04 9.561082969401185627e-01
1.729135661058705227e+04 9.575655796895737870e-01
1.729129681307989449e+04 9.592416698234803585e-01
1.729123701598632761e+04 9.585276321059272853e-01
1.729117721930633707e+04 9.589083735520669283e-01
1.729111742303991923e+04 9.610164811762029746e-01
1.729105762718707410e+04 9.613750488473137290e-01
1.729099783174779441e+04 9.633092115442938308e-01
1.729093803672208014e+04 9.662548386249808496e-01
1.729087824210992039e+04 9.670047247847211036e-01
1.729081844791131516e+04 9.665932132008587807e-01
1.729075865412626081e+04 9.685904047120268423e-01
1.729069886075475006e+04 9.677727698157000402e-01
1.729063906779678291e+04 9.719406019664339480e-01
1.729057927525234481e+04 9.700509361203142333e-01
1.729051948312144668e+04 9.707589235054995269e-01
1.729045969140406669e+04 9.712964004236184223e-01
1.729039990010021575e+04 9.741786071292457549e-01
1.729034010920988658e+04 9.739839328830500742e-01
1.729028031873306827e+04 9.735991997218220728e-01
1.729022052866976082e+04 9.754699857471554880e-01
1.729016073901996060e+04 9.748534792053362708e-01
1.729010094978366396e+04 9.758874085668657328e-01
1.729004116096086364e+04 9.767747108383928456e-01
1.728998137255155598e+04 9.782973245096812098e-01
1.728992158455573735e+04 9.788548503085442443e-01
1.728986179697340049e+04 9.780396187601002600e-01
1.728980200980455629e+04 9.811667827124634922e-01
1.728974222304917930e+04 9.785782218339398320e-01
1.728968243670727315e+04 9.833158487999864583e-01
1.728962265077883421e+04 9.794094899154477396e-01
1.728956286526386612e+04 9.831524060955711963e-01
1.728950308016235067e+04 9.790201539167506795e-01
1.728944329547429152e+04 9.815460128069215529e-01
1.728938351119968138e+04 9.810997439140419774e-01
1.728932372733852390e+04 9.839027441828319676e-01
1.728926394389080087e+04 9.862033236013587612e-01
1.728920416085652323e+04 9.868564588904498169e-01
1.728914437823567278e+04 9.858533838187141241e-01
1.728908459602824951e+04 9.859707612618171524e-01
1.728902481423425343e+04 9.856197130381448845e-01
1.728896503285368453e+04 9.845997468393000718e-01
1.728890525188652464e+04 9.855402553039365188e-01
1.728884547133278102e+04 9.870455760224353670e-01
1.728878569119243912e+04 9.865054068934506759e-01
1.728872591146550621e+04 9.844229905424166649e-01
1.728866613215196776e+04 9.855041176581521567e-01
1.728860635325183102e+04 9.874123373367614809e-01
1.728854657476507782e+04 9.859054531962178070e-01
1.728848679669170815e+04 9.868446626757030327e-01
1.728842701903172929e+04 9.876501890363951208e-01
1.728836724178512668e+04 9.895391840903247083e-01
1.728830746495189305e+04 9.898078076535772318e-01
1.728824768853203204e+04 9.870235756427770957e-01
1.728818791252553274e+04 9.879339087373686379e-01
1.728812813693239514e+04 9.913649336960126401e-01
1.728806836175261924e+04 9.921754262004658376e-01
1.728800858698618686e+04 9.934093462742579206e-01
1.728794881263310162e+04 9.895656490074457023e-01
1.728788903869337082e+04 9.898812603558500012e-01
1.728782926516696898e+04 9.921140417205096540e-01
1.728776949205390702e+04 9.925412939560670500e-01
1.728770971935417037e+04 9.924591250938791243e-01
1.728764994706776270e+04 9.922734710632621358e-01
1.728759017519467670e+04 9.928003719118813075e-01
1.728753040373490876e+04 9.941129779965638402e-01
1.728747063268845886e+04 9.938114971753934102e-01
1.728741086205530883e+04 9.939684942604264384e-01
1.728735109183546592e+04 9.966505372327845169e-01
1.728729132202892652e+04 9.965743659764577655e-01
1.728723155263568697e+04 9.951006516265181734e-01
1.728717178365573272e+04 9.944123943643514707e-01
1.728711201508907470e+04 9.971539390246150214e-01
1.728705224693569107e+04 9.974115686193693042e-01
1.728699247919558547e+04 9.944108131881231882e-01
1.728693271186875791e+04 9.948226050411563826e-01
1.728687294495520473e+04 9.931924365993620718e-01
1.728681317845491139e+04 9.977279219641840280e-01
1.728675341236788154e+04 9.959387012413292162e-01
1.728669364669410788e+04 9.972536438810838400e-01
1.728663388143359771e+04 9.936100015500677340e-01
1.728657411658632918e+04 9.960713772239647712e-01
1.728651435215230231e+04 9.972039161850227984e-01
1.728645458813151708e+04 9.976753485173505132e-01
1.728639482452397351e+04 9.975681652050306658e-01
1.728633506132965704e+04 9.993820547190762626e-01
1.728627529854857130e+04 9.993466580060135218e-01
1.728621553618070175e+04 9.983775508432238821e-01
1.728615577422605929e+04 9.988814587535315148e-01
1.728609601268462575e+04 9.991301042128967191e-01
1.728603625155640475e+04 9.988374793160831322e-01
1.728597649084139630e+04 9.976604999175183730e-01
1.728591673053957857e+04 9.990994706482051457e-01
1.728585697065096974e+04 1.001617070244513075e+00
1.728579721117554800e+04 9.991854095134294900e-01
1.728573745211331334e+04 9.975474869570726266e-01
1.728567769346426576e+04 9.993281134688289935e-01
1.728561793522840162e+04 9.968827464873591948e-01
1.728555817740571001e+04 1.001727066256193677e+00
1.728549841999618729e+04 9.957293171134430354e-01
1.728543866299984074e+04 1.000189035991363662e+00
1.728537890641665581e+04 9.953726595349877693e-01
1.728531915024662521e+04 9.982847382488890808e-01
1.728525939448975259e+04 9.981454552467567964e-01
1.728519963914602340e+04 9.986273956907451010e-01
1.728513988421545218e+04 9.990908792904239499e-01
1.728508012969801348e+04 9.997862482981201282e-01
1.728502037559371820e+04 9.987227127511835167e-01
1.728496062190255179e+04 9.955856956496356158e-01
1.728490086862451790e+04 9.957992611442894049e-01
1.728484111575960560e+04 9.969558639517317467e-01
1.728478136330781490e+04 9.985993330065767726e-01
1.728472161126913852e+04 9.981177684826694207e-01
1.728466185964358010e+04 9.969529891885132722e-01
1.728460210843112873e+04 9.974500637633447742e-01
1.728454235763176985e+04 9.985133263691418071e-01
1.728448260724552165e+04 9.984514859354414185e-01
1.728442285727236595e+04 9.973295285094951890e-01
1.728436310771229910e+04 9.993131976817110074e-01
1.728430335856532110e+04 9.983124732320546313e-01
1.728424360983142105e+04 9.952499644542314172e-01
1.728418386151059894e+04 9.973912757101958126e-01
1.728412411360285478e+04 9.993825476855850987e-01
1.728406436610817764e+04 1.001785714682559947e+00
1.728400461902656389e+04 9.992197528402047002e-01
1.728394487235800989e+04 1.004212745354618130e+00
1.728388512610251200e+04 9.989978354607308431e-01
1.728382538026006659e+04 9.981894757097166115e-01
1.728376563483067002e+04 9.988802810830069712e-01
1.728370588981431865e+04 9.982685639041896097e-01
1.728364614521099793e+04 9.987349968370129449e-01
1.728358640102072241e+04 9.950060024322279206e-01
1.728352665724347389e+04 9.957118334618264566e-01
1.728346691387925239e+04 9.962510764221774728e-01
1.728340717092804698e+04 9.977593496302602505e-01
1.728334742838986494e+04 9.962605167439270160e-01
1.728328768626469173e+04 9.977611206801059174e-01
1.728322794455253461e+04 9.990302006574030003e-01
1.728316820325338267e+04 9.967284993200513643e-01
1.728310846236721773e+04 9.956014119096587844e-01
1.728304872189406160e+04 9.961296400461486789e-01
1.728298898183389974e+04 9.969989824396404687e-01
1.728292924218671760e+04 9.964241869159090603e-01
1.728286950295252609e+04 9.956048306867101294e-01
1.728280976413130338e+04 9.957492466990126578e-01
1.728275002572306039e+04 9.948409292341067189e-01
1.728269028772778984e+04 9.947288668977853909e-01
1.728263055014548081e+04 9.930489982542879401e-01
1.728257081297613695e+04 9.939039987452524816e-01
1.728251107621975825e+04 9.928156344676499767e-01
1.728245133987632289e+04 9.894270850631324832e-01
1.728239160394584178e+04 9.917416130128812179e-01
1.728233186842830401e+04 9.896470094249856242e-01
1.728227213332370593e+04 9.917672997148668790e-01
1.728221239863204391e+04 9.939204246865063208e-01
1.728215266435331432e+04 9.907934665055860846e-01
1.728209293048751351e+04 9.923249645105538530e-01
1.728203319703463785e+04 9.928841792363839458e-01
1.728197346399467278e+04 9.923772474698264734e-01
1.728191373136763650e+04 9.923807468112181285e-01
1.728185399915349990e+04 9.937855122031596933e-01
1.728179426735227389e+04 9.910510827588678850e-01
1.728173453596394756e+04 9.949579260008163395e-01
1.728167480498851728e+04 9.933361650500150963e-01
1.728161507442598668e+04 9.919577633230585167e-01
1.728155534427634484e+04 9.944397522332748540e-01
1.728149561453958449e+04 9.929220436268986205e-01
1.728143588521570200e+04 9.936863534804233344e-01
1.728137615630470100e+04 9.952734085423659005e-01
1.728131642780657057e+04 9.965466655567372101e-01
1.728125669972131436e+04 9.960703469741900573e-01
1.728119697204891418e+04 9.945124471332608129e-01
1.728113724478937365e+04 9.936680962319620614e-01
1.728107751794268916e+04 9.941927813178260687e-01
1.728101779150885341e+04 9.966365554397901283e-01
1.728095806548786641e+04 9.985023647727430118e-01
1.728089833987972088e+04 9.962710972337345261e-01
1.728083861468441319e+04 9.957096850907301011e-01
1.728077888990194333e+04 9.989468954919228372e-01
1.728071916553229676e+04 9.970430061850359404e-01
1.728065944157547710e+04 9.954018895483497387e-01
1.728059971803147346e+04 9.957964069499624093e-01
1.728053999490028946e+04 9.971224870544619368e-01
1.728048027218192146e+04 9.958041856109608458e-01
1.728042054987636584e+04 9.975331863873555527e-01
1.728036082798360439e+04 9.983546677493614352e-01
1.728030110650364077e+04 9.979494227359065883e-01
1.728024138543647496e+04 1.001263244298320254e+00
1.728018166478210333e+04 9.981775900707839932e-01
1.728012194454051496e+04 1.002628161935285922e+00
1.728006222471171714e+04 9.983365001105324321e-01
1.728000250529568439e+04 9.997429070222462189e-01
1.727994278629243126e+04 1.001337789524017641e+00
1.727988306770194686e+04 1.002113394217778675e+00
1.727982334952422752e+04 1.000848262546057965e+00
1.727976363175927327e+04 9.987639513656730861e-01
1.727970391440706953e+04 9.990209773440271723e-01
1.727964419746762360e+04 9.997067677731755753e-01
1.727958448094091727e+04 1.002475546638183612e+00
1.727952476482696511e+04 9.998705406544952101e-01
1.727946504912574528e+04 9.990741527266800981e-01
1.727940533383726142e+04 9.971821750947872376e-01
1.727934561896150990e+04 9.977526601406915274e-01
1.727928590449848343e+04 1.001523095544672781e+00
1.727922619044817839e+04 9.993245387923060941e-01
1.727916647681059112e+04 9.971789963095986087e-01
1.727910676358572164e+04 9.996012027796579158e-01
1.727904705077355902e+04 9.995479972593315221e-01
1.727898733837410327e+04 9.988293425736174402e-01
1.727892762638735439e+04 1.001099478694945866e+00
1.727886791481328692e+04 9.999715757481810741e-01
1.727880820365192267e+04 9.996112188558902156e-01
1.727874849290324346e+04 1.000278922738017329e+00
1.727868878256724565e+04 9.982868894271781368e-01
1.727862907264393652e+04 1.000383030093433767e+00
1.727856936313329425e+04 9.987324749187106443e-01
1.727850965403531882e+04 9.971995284949363159e-01
1.727844994535002115e+04 9.962062542932774711e-01
1.727839023707737942e+04 1.003043985432422236e+00
1.727833052921739363e+04 1.001526045432867829e+00
