4.000000000000000000e+00 6.902114938010210921e-01 7.413716375582201090e-01 1.431583131359241090e+00 4.352006829618337846e-02
1.000000000000000000e+01 1.138574533205347850e+00 1.184756647073288205e+00 2.323331180278636054e+00 9.892741840197061265e-03
2.000000000000000000e+01 1.610469951007384326e+00 1.665044252297478655e+00 3.275514203304862981e+00 3.670038949105691728e-02
3.000000000000000000e+01 1.972704651552205535e+00 2.032611901248404074e+00 4.005316552800609387e+00 -4.643407159347745505e-03
4.000000000000000000e+01 2.278386030621865288e+00 2.342025880783071834e+00 4.620411911404937122e+00 -6.464965471933759034e-03
5.000000000000000000e+01 2.548084729385165836e+00 2.614255262394937329e+00 5.162339991780102721e+00 -4.339187399066801731e-03
6.000000000000000000e+01 2.792134332101192218e+00 2.859910363534801103e+00 5.652044695635993321e+00 2.267782876913315704e-02
7.000000000000000000e+01 3.016678814018519894e+00 3.085539386228463687e+00 6.102218200246984026e+00 1.016364569243322080e-02
8.000000000000000000e+01 3.225747812537015591e+00 3.295134806539065764e+00 6.520882619076081355e+00 -3.385962316615298562e-02
9.000000000000000000e+01 3.422061187282201100e+00 3.491714019385196988e+00 6.913775206667398088e+00 5.057450596670332033e-02
1.000000000000000000e+02 3.607936668315300022e+00 3.677268486706542383e+00 7.285205155021841961e+00 -4.068323336653634215e-02
