5.000000000000000000e+00 7.823199692347307943e-01 8.425703690307471128e-01 1.624890338265478018e+00 2.529073866587117081e-02
1.000000000000000000e+01 1.124010751459365576e+00 1.191162071278234480e+00 2.315172822737600278e+00 -4.246596681825032249e-03
2.000000000000000000e+01 1.591177263301485789e+00 1.670736463564897578e+00 3.261913726866383367e+00 -1.726545231280463000e-02
3.000000000000000000e+01 1.948312280328965640e+00 2.036733173599894808e+00 3.985045453928860226e+00 -1.395354507014623380e-02
4.000000000000000000e+01 2.248448743001525418e+00 2.344287475281041200e+00 4.592736218282566618e+00 -4.610262055627689648e-02
5.000000000000000000e+01 2.511211341052734802e+00 2.614852691695674025e+00 5.126064032748408827e+00 7.345314029683969181e-03
6.000000000000000000e+01 2.747584094692706813e+00 2.858409956256329210e+00 5.605994050949036023e+00 7.395452350429820854e-03
7.000000000000000000e+01 2.963722042677927160e+00 3.081290383186916504e+00 6.045012425864843664e+00 -3.346605261364388184e-02
8.000000000000000000e+01 3.163434763303203834e+00 3.288087074179835589e+00 6.451521837483038979e+00 -2.685654089534850186e-02
9.000000000000000000e+01 3.349331951180666511e+00 3.481462419050543655e+00 6.830794370231210166e+00 3.249607193290415807e-02
1.000000000000000000e+02 3.523428629298351655e+00 3.663773932766470232e+00 7.187202562064822331e+00 -1.099563613338361279e-02
