-4.739540165165024632e+00 3.317088599374411473e-01
-4.647498123122986158e+00 4.148831183771757303e-01
-4.555456081080947683e+00 5.184370557819161229e-01
-4.463414039038902104e+00 6.473060838672061168e-01
-4.371371996996863629e+00 8.076309409165962627e-01
-4.279329954954818049e+00 1.007064028561939883e+00
-4.187287912912779575e+00 1.255160057265058082e+00
-4.095245870870733995e+00 1.563877043752845530e+00
-4.003203828828695521e+00 1.948222925704274688e+00
-3.911161786786649941e+00 2.427096051192536130e+00
-3.819119744744611467e+00 3.024386302216223843e+00
-3.727077702702565887e+00 3.770430178671187349e+00
-3.635035660660527412e+00 4.703951466130829928e+00
-3.542993618618481833e+00 5.874674184560484846e+00
-3.450951576576443358e+00 7.346872885088869154e+00
-3.358909534534397778e+00 9.204234614109912727e+00
-3.266867492492359304e+00 1.155655421607260713e+01
-3.174825450450313724e+00 1.454897371041571397e+01
-3.082783408408275250e+00 1.837470126856159425e+01
-2.990741366366229670e+00 2.329238063706649342e+01
-2.898699324324191196e+00 2.964946983671707414e+01
-2.806657282282145616e+00 3.791302211892940477e+01
-2.714615240240107141e+00 4.870897302008695107e+01
-2.622573198198068667e+00 6.287018786756656397e+01
-2.530531156156023087e+00 8.149182713389707544e+01
-2.438489114113984613e+00 1.059897604855143953e+02
-2.346447072071939033e+00 1.381536336227510162e+02
-2.254405030029900558e+00 1.801808681235181666e+02
-2.162362987987854979e+00 2.346719313044203830e+02
-2.070320945945816504e+00 3.045618943441267561e+02
-1.978278903903770924e+00 3.929606073372129913e+02
-1.886236861861732450e+00 5.028764095067801350e+02
-1.794194819819686870e+00 6.368090159588632559e+02
-1.702152777777648396e+00 7.962183116799942582e+02
-1.610110735735602816e+00 9.809076949170125772e+02
-1.518068693693564342e+00 1.188400772869325692e+03
-1.426026651651518762e+00 1.413432087307774736e+03
-1.333984609609480287e+00 1.647705554365534454e+03
-1.241942567567434708e+00 1.880085064567507516e+03
-1.149900525525396233e+00 2.097356825540450245e+03
-1.057858483483350653e+00 2.285633210849030093e+03
-9.658164414413121790e-01 2.432352578028850530e+03
-8.737743993992665992e-01 2.528683032407985138e+03
-7.817323573572281248e-01 2.572000010891804777e+03
-6.896903153151896504e-01 2.568047103665901432e+03
-5.976482732731440706e-01 2.532411345501594951e+03
-5.056062312311055962e-01 2.490647238036434828e+03
-4.135641891890600164e-01 2.474890777219462507e+03
-3.215221471470215420e-01 2.512876677408130490e+03
-2.294801051049759621e-01 2.608683919069543208e+03
-1.374380630629374878e-01 2.728118939594608037e+03
-4.539602102089190794e-02 2.811365899583119699e+03
4.664602102114656645e-02 2.815221999278954627e+03
1.386880630631921463e-01 2.748705611498516646e+03
2.307301051052306207e-01 2.664668132236583915e+03
3.227721471472762005e-01 2.617739184595743154e+03
4.148141891893146749e-01 2.631258751799399761e+03
5.068562312313602547e-01 2.694774188957131628e+03
5.988982732733987291e-01 2.779655138422040181e+03
6.909403153154443089e-01 2.854248980901255891e+03
7.829823573574827833e-01 2.892247114395545395e+03
8.750243993995283631e-01 2.876135661876349332e+03
9.670664414415668375e-01 2.798099915398501707e+03
1.059108483483612417e+00 2.659351487121132777e+03
1.151150525525650892e+00 2.468325821962607279e+03
1.243192567567689366e+00 2.238232874632185030e+03
1.335234609609734946e+00 1.984473757769731037e+03
1.427276651651773420e+00 1.722347289632305092e+03
1.519318693693819000e+00 1.465317361017250960e+03
1.611360735735857475e+00 1.223950279262671302e+03
1.703402777777903054e+00 1.005494763393648327e+03
1.795444819819941529e+00 8.139839316176727380e+02
1.887486861861987109e+00 6.506930407133165772e+02
1.979528903904025583e+00 5.147830120157418605e+02
2.071570945946071163e+00 4.039856298495463989e+02
2.163612987988109637e+00 3.152275154624790616e+02
2.255655030030155217e+00 2.451340134273802960e+02
2.347697072072193691e+00 1.903921664239522897e+02
2.439739114114239271e+00 1.479794640394505905e+02
2.531781156156277746e+00 1.152811700399402355e+02
2.623823198198323325e+00 9.012537461531067606e+01
2.715865240240361800e+00 7.076428783051402149e+01
2.807907282282407380e+00 5.582564345587321952e+01
2.899949324324445854e+00 4.425187500008705399e+01
2.991991366366491434e+00 3.523864361557575364e+01
3.084033408408529908e+00 2.817926271289638862e+01
3.176075450450568383e+00 2.261789900698861189e+01
3.268117492492613962e+00 1.821207032847236107e+01
3.360159534534652437e+00 1.470364967821978652e+01
3.452201576576698017e+00 1.189701269829977548e+01
3.544243618618736491e+00 9.642851911314487268e+00
3.636285660660782071e+00 7.826311341053271420e+00
3.728327702702820545e+00 6.358325550489364097e+00
3.820369744744866125e+00 5.169293014397738695e+00
3.912411786786904599e+00 4.204432973884387970e+00
4.004453828828950179e+00 3.420352252281368077e+00
4.096495870870988654e+00 2.782483415831315199e+00
4.188537912913034233e+00 2.263154212265813037e+00
4.280579954955072708e+00 1.840118357742940303e+00
4.372621996997118288e+00 1.495426919371622754e+00
4.464664039039156762e+00 1.214553817966980809e+00
4.556706081081202342e+00 9.857128979371282407e-01
4.648748123123240816e+00 7.993208155587029351e-01
4.740790165165286396e+00 6.475719177522263337e-01
4.832832207207324871e+00 5.240998368267658636e-01
4.924874249249370450e+00 4.237067353210643983e-01
5.016916291291408925e+00 3.421456914006633654e-01
