   Position                    Intensity
 6.61259579059872E+0003	 2.68042827420162E-0006
 6.61259697912180E+0003	 2.76658970335389E-0006
 6.61259816764489E+0003	 2.85516703228787E-0006
 6.61259935616797E+0003	 2.94621648764442E-0006
 6.61260054469106E+0003	 3.03979527627083E-0006
 6.61260173321414E+0003	 3.13596159450711E-0006
 6.61260292173723E+0003	 3.23477463742408E-0006
 6.61260411026031E+0003	 3.33629460801253E-0006
 6.61260529878339E+0003	 3.44058272632306E-0006
 6.61260648730648E+0003	 3.54770123855615E-0006
 6.61260767582956E+0003	 3.65771342610260E-0006
 6.61260886435265E+0003	 3.77068361453393E-0006
 6.61261005287573E+0003	 3.88667718254333E-0006
 6.61261124139881E+0003	 4.00576057083725E-0006
 6.61261242992190E+0003	 4.12800129097827E-0006
 6.61261361844498E+0003	 4.25346793418006E-0006
 6.61261480696807E+0003	 4.38223018005509E-0006
 6.61261599549115E+0003	 4.51435880531671E-0006
 6.61261718401424E+0003	 4.64992569243623E-0006
 6.61261837253732E+0003	 4.78900383825727E-0006
 6.61261956106040E+0003	 4.93166736256862E-0006
 6.61262074958349E+0003	 5.07799151663776E-0006
 6.61262193810657E+0003	 5.22805269170744E-0006
 6.61262312662966E+0003	 5.38192842745725E-0006
 6.61262431515274E+0003	 5.53969742043350E-0006
 6.61262550367583E+0003	 5.70143953244985E-0006
 6.61262669219891E+0003	 5.86723579896205E-0006
 6.61262788072199E+0003	 6.03716843742024E-0006
 6.61262906924508E+0003	 6.21132085560242E-0006
 6.61263025776816E+0003	 6.38977765993320E-0006
 6.61263144629125E+0003	 6.57262466379185E-0006
 6.61263263481433E+0003	 6.75994889581444E-0006
 6.61263382333742E+0003	 6.95183860819465E-0006
 6.61263501186050E+0003	 7.14838328498848E-0006
 6.61263620038358E+0003	 7.34967365042836E-0006
 6.61263738890667E+0003	 7.55580167725214E-0006
 6.61263857742975E+0003	 7.76686059505323E-0006
 6.61263976595284E+0003	 7.98294489865822E-0006
 6.61264095447592E+0003	 8.20415035653861E-0006
 6.61264214299901E+0003	 8.43057401926369E-0006
 6.61264333152209E+0003	 8.66231422800216E-0006
 6.61264452004517E+0003	 8.89947062308001E-0006
 6.61264570856826E+0003	 9.14214415260298E-0006
 6.61264689709134E+0003	 9.39043708115208E-0006
 6.61264808561443E+0003	 9.64445299856078E-0006
 6.61264927413751E+0003	 9.90429682878371E-0006
 6.61265046266059E+0003	 1.01700748388665E-0005
 6.61265165118368E+0003	 1.04418946480260E-0005
 6.61265283970676E+0003	 1.07198652368529E-0005
 6.61265402822985E+0003	 1.10040969566467E-0005
 6.61265521675293E+0003	 1.12947015388951E-0005
 6.61265640527602E+0003	 1.15917921049092E-0005
 6.61265759379910E+0003	 1.18954831756276E-0005
 6.61265878232218E+0003	 1.22058906816024E-0005
 6.61265997084527E+0003	 1.25231319731794E-0005
 6.61266115936835E+0003	 1.28473258308883E-0005
 6.61266234789144E+0003	 1.31785924760563E-0005
 6.61266353641452E+0003	 1.35170535816605E-0005
 6.61266472493761E+0003	 1.38628322834351E-0005
 6.61266591346069E+0003	 1.42160531912498E-0005
 6.61266710198377E+0003	 1.45768424007758E-0005
 6.61266829050686E+0003	 1.49453275054581E-0005
 6.61266947902994E+0003	 1.53216376088119E-0005
 6.61267066755303E+0003	 1.57059033370622E-0005
 6.61267185607611E+0003	 1.60982568521465E-0005
 6.61267304459920E+0003	 1.64988318651011E-0005
 6.61267423312228E+0003	 1.69077636498536E-0005
 6.61267542164536E+0003	 1.73251890574413E-0005
 6.61267661016845E+0003	 1.77512465306814E-0005
 6.61267779869153E+0003	 1.81860761193155E-0005
 6.61267898721462E+0003	 1.86298194956535E-0005
 6.61268017573770E+0003	 1.90826199707432E-0005
 6.61268136426078E+0003	 1.95446225110923E-0005
 6.61268255278387E+0003	 2.00159737559714E-0005
 6.61268374130695E+0003	 2.04968220353256E-0005
 6.61268492983004E+0003	 2.09873173883275E-0005
 6.61268611835312E+0003	 2.14876115826003E-0005
 6.61268730687621E+0003	 2.19978581341459E-0005
 6.61268849539929E+0003	 2.25182123280109E-0005
 6.61268968392237E+0003	 2.30488312397261E-0005
 6.61269087244546E+0003	 2.35898737575566E-0005
 6.61269206096854E+0003	 2.41415006056003E-0005
 6.61269324949163E+0003	 2.47038743677758E-0005
 6.61269443801471E+0003	 2.52771595127385E-0005
 6.61269562653780E+0003	 2.58615224197718E-0005
 6.61269681506088E+0003	 2.64571314056947E-0005
 6.61269800358396E+0003	 2.70641567528355E-0005
 6.61269919210705E+0003	 2.76827707381170E-0005
 6.61270038063013E+0003	 2.83131476633068E-0005
 6.61270156915322E+0003	 2.89554638864839E-0005
 6.61270275767630E+0003	 2.96098978547762E-0005
 6.61270394619939E+0003	 3.02766301384263E-0005
 6.61270513472247E+0003	 3.09558434662459E-0005
 6.61270632324555E+0003	 3.16477227625183E-0005
 6.61270751176864E+0003	 3.23524551854162E-0005
 6.61270870029172E+0003	 3.30702301669999E-0005
 6.61270988881481E+0003	 3.38012394548662E-0005
 6.61271107733789E+0003	 3.45456771555213E-0005
 6.61271226586098E+0003	 3.53037397795519E-0005
 6.61271345438406E+0003	 3.60756262886756E-0005
 6.61271464290714E+0003	 3.68615381447499E-0005
 6.61271583143023E+0003	 3.76616793608274E-0005
 6.61271701995331E+0003	 3.84762565543454E-0005
 6.61271820847640E+0003	 3.93054790025411E-0005
 6.61271939699948E+0003	 4.01495587001919E-0005
 6.61272058552256E+0003	 4.10087104197776E-0005
 6.61272177404565E+0003	 4.18831517741715E-0005
 6.61272296256873E+0003	 4.27731032819670E-0005
 6.61272415109182E+0003	 4.36787884355544E-0005
 6.61272533961490E+0003	 4.46004337720655E-0005
 6.61272652813799E+0003	 4.55382689473062E-0005
 6.61272771666107E+0003	 4.64925268128068E-0005
 6.61272890518415E+0003	 4.74634434961219E-0005
 6.61273009370724E+0003	 4.84512584845166E-0005
 6.61273128223032E+0003	 4.94562147121828E-0005
 6.61273247075341E+0003	 5.04785586511338E-0005
 6.61273365927649E+0003	 5.15185404059352E-0005
 6.61273484779958E+0003	 5.25764138124258E-0005
 6.61273603632266E+0003	 5.36524365406041E-0005
 6.61273722484574E+0003	 5.47468702018461E-0005
 6.61273841336883E+0003	 5.58599804606424E-0005
 6.61273960189191E+0003	 5.69920371510331E-0005
 6.61274079041500E+0003	 5.81433143979430E-0005
 6.61274197893808E+0003	 5.93140907436133E-0005
 6.61274316746117E+0003	 6.05046492793411E-0005
 6.61274435598425E+0003	 6.17152777827446E-0005
 6.61274554450733E+0003	 6.29462688607774E-0005
 6.61274673303042E+0003	 6.41979200987258E-0005
 6.61274792155350E+0003	 6.54705342154344E-0005
 6.61274911007659E+0003	 6.67644192250045E-0005
 6.61275029859967E+0003	 6.80798886052311E-0005
 6.61275148712275E+0003	 6.94172614730468E-0005
 6.61275267564584E+0003	 7.07768627672473E-0005
 6.61275386416892E+0003	 7.21590234387920E-0005
 6.61275505269201E+0003	 7.35640806489775E-0005
 6.61275624121509E+0003	 7.49923779757897E-0005
 6.61275742973818E+0003	 7.64442656287591E-0005
 6.61275861826126E+0003	 7.79201006726447E-0005
 6.61275980678434E+0003	 7.94202472602937E-0005
 6.61276099530743E+0003	 8.09450768750245E-0005
 6.61276218383051E+0003	 8.24949685829017E-0005
 6.61276337235360E+0003	 8.40703092952763E-0005
 6.61276456087668E+0003	 8.56714940419837E-0005
 6.61276574939977E+0003	 8.72989262555944E-0005
 6.61276693792285E+0003	 8.89530180671386E-0005
 6.61276812644593E+0003	 9.06341906137239E-0005
 6.61276931496902E+0003	 9.23428743584896E-0005
 6.61277050349210E+0003	 9.40795094233509E-0005
 6.61277169201519E+0003	 9.58445459349951E-0005
 6.61277288053827E+0003	 9.76384443846147E-0005
 6.61277406906136E+0003	 9.94616760018688E-0005
 6.61277525758444E+0003	 1.01314723143581E-0004
 6.61277644610752E+0003	 1.03198079697699E-0004
 6.61277763463061E+0003	 1.05112251503047E-0004
 6.61277882315369E+0003	 1.07057756785428E-0004
 6.61278001167678E+0003	 1.09035126610646E-0004
 6.61278120019986E+0003	 1.11044905355015E-0004
 6.61278238872295E+0003	 1.13087651193972E-0004
 6.61278357724603E+0003	 1.15163936609384E-0004
 6.61278476576911E+0003	 1.17274348916201E-0004
 6.61278595429220E+0003	 1.19419490809073E-0004
 6.61278714281528E+0003	 1.21599980929604E-0004
 6.61278833133837E+0003	 1.23816454454916E-0004
 6.61278951986145E+0003	 1.26069563708207E-0004
 6.61279070838453E+0003	 1.28359978792012E-0004
 6.61279189690762E+0003	 1.30688388244887E-0004
 6.61279308543070E+0003	 1.33055499722242E-0004
 6.61279427395379E+0003	 1.35462040702098E-0004
 6.61279546247687E+0003	 1.37908759216506E-0004
 6.61279665099996E+0003	 1.40396424609432E-0004
 6.61279783952304E+0003	 1.42925828321891E-0004
 6.61279902804612E+0003	 1.45497784705151E-0004
 6.61280021656921E+0003	 1.48113131862824E-0004
 6.61280140509229E+0003	 1.50772732522693E-0004
 6.61280259361538E+0003	 1.53477474939131E-0004
 6.61280378213846E+0003	 1.56228273826962E-0004
 6.61280497066155E+0003	 1.59026071327678E-0004
 6.61280615918463E+0003	 1.61871838008874E-0004
 6.61280734770771E+0003	 1.64766573897831E-0004
 6.61280853623080E+0003	 1.67711309550159E-0004
 6.61280972475388E+0003	 1.70707107154425E-0004
 6.61281091327697E+0003	 1.73755061673723E-0004
 6.61281210180005E+0003	 1.76856302025122E-0004
 6.61281329032314E+0003	 1.80011992297971E-0004
 6.61281447884622E+0003	 1.83223333012016E-0004
 6.61281566736930E+0003	 1.86491562416316E-0004
 6.61281685589239E+0003	 1.89817957829957E-0004
 6.61281804441547E+0003	 1.93203837025535E-0004
 6.61281923293856E+0003	 1.96650559656421E-0004
 6.61282042146164E+0003	 2.00159528728819E-0004
 6.61282160998473E+0003	 2.03732192119603E-0004
 6.61282279850781E+0003	 2.07370044140973E-0004
 6.61282398703089E+0003	 2.11074627152911E-0004
 6.61282517555398E+0003	 2.14847533224483E-0004
 6.61282636407706E+0003	 2.18690405844964E-0004
 6.61282755260015E+0003	 2.22604941685827E-0004
 6.61282874112323E+0003	 2.26592892414582E-0004
 6.61282992964631E+0003	 2.30656066561479E-0004
 6.61283111816940E+0003	 2.34796331440052E-0004
 6.61283230669248E+0003	 2.39015615122518E-0004
 6.61283349521557E+0003	 2.43315908470985E-0004
 6.61283468373865E+0003	 2.47699267225442E-0004
 6.61283587226174E+0003	 2.52167814149496E-0004
 6.61283706078482E+0003	 2.56723741234769E-0004
 6.61283824930790E+0003	 2.61369311964909E-0004
 6.61283943783099E+0003	 2.66106863640096E-0004
 6.61284062635407E+0003	 2.70938809762923E-0004
 6.61284181487716E+0003	 2.75867642486541E-0004
 6.61284300340024E+0003	 2.80895935125872E-0004
 6.61284419192333E+0003	 2.86026344732710E-0004
 6.61284538044641E+0003	 2.91261614735515E-0004
 6.61284656896949E+0003	 2.96604577644597E-0004
 6.61284775749258E+0003	 3.02058157823466E-0004
 6.61284894601566E+0003	 3.07625374326981E-0004
 6.61285013453875E+0003	 3.13309343806970E-0004
 6.61285132306183E+0003	 3.19113283485900E-0004
 6.61285251158492E+0003	 3.25040514199177E-0004
 6.61285370010800E+0003	 3.31094463506578E-0004
 6.61285488863108E+0003	 3.37278668873264E-0004
 6.61285607715417E+0003	 3.43596780920821E-0004
 6.61285726567725E+0003	 3.50052566748657E-0004
 6.61285845420034E+0003	 3.56649913326081E-0004
 6.61285964272342E+0003	 3.63392830955283E-0004
 6.61286083124650E+0003	 3.70285456805433E-0004
 6.61286201976959E+0003	 3.77332058517966E-0004
 6.61286320829267E+0003	 3.84537037883168E-0004
 6.61286439681576E+0003	 3.91904934587972E-0004
 6.61286558533884E+0003	 3.99440430034929E-0004
 6.61286677386193E+0003	 4.07148351232144E-0004
 6.61286796238501E+0003	 4.15033674753961E-0004
 6.61286915090809E+0003	 4.23101530772027E-0004
 6.61287033943118E+0003	 4.31357207156364E-0004
 6.61287152795426E+0003	 4.39806153645912E-0004
 6.61287271647735E+0003	 4.48453986087963E-0004
 6.61287390500043E+0003	 4.57306490745803E-0004
 6.61287509352352E+0003	 4.66369628673773E-0004
 6.61287628204660E+0003	 4.75649540158867E-0004
 6.61287747056968E+0003	 4.85152549227890E-0004
 6.61287865909277E+0003	 4.94885168219093E-0004
 6.61287984761585E+0003	 5.04854102417071E-0004
 6.61288103613894E+0003	 5.15066254749644E-0004
 6.61288222466202E+0003	 5.25528730545299E-0004
 6.61288341318511E+0003	 5.36248842349650E-0004
 6.61288460170819E+0003	 5.47234114799299E-0004
 6.61288579023127E+0003	 5.58492289551302E-0004
 6.61288697875436E+0003	 5.70031330266369E-0004
 6.61288816727744E+0003	 5.81859427643798E-0004
 6.61288935580053E+0003	 5.93985004505986E-0004
 6.61289054432361E+0003	 6.06416720930266E-0004
 6.61289173284670E+0003	 6.19163479425702E-0004
 6.61289292136978E+0003	 6.32234430152264E-0004
 6.61289410989286E+0003	 6.45638976179798E-0004
 6.61289529841595E+0003	 6.59386778783942E-0004
 6.61289648693903E+0003	 6.73487762776132E-0004
 6.61289767546212E+0003	 6.87952121864559E-0004
 6.61289886398520E+0003	 7.02790324042968E-0004
 6.61290005250828E+0003	 7.18013117003912E-0004
 6.61290124103137E+0003	 7.33631533573004E-0004
 6.61290242955445E+0003	 7.49656897160584E-0004
 6.61290361807754E+0003	 7.66100827227012E-0004
 6.61290480660062E+0003	 7.82975244757756E-0004
 6.61290599512371E+0003	 8.00292377744204E-0004
 6.61290718364679E+0003	 8.18064766666062E-0004
 6.61290837216987E+0003	 8.36305269971062E-0004
 6.61290956069296E+0003	 8.55027069547501E-0004
 6.61291074921604E+0003	 8.74243676185084E-0004
 6.61291193773913E+0003	 8.93968935019347E-0004
 6.61291312626221E+0003	 9.14217030954840E-0004
 6.61291431478530E+0003	 9.35002494062090E-0004
 6.61291550330838E+0003	 9.56340204943273E-0004
 6.61291669183146E+0003	 9.78245400061359E-0004
 6.61291788035455E+0003	 1.00073367702739E-0003
 6.61291906887763E+0003	 1.02382099984047E-0003
 6.61292025740072E+0003	 1.04752370407477E-0003
 6.61292144592380E+0003	 1.07185850200810E-0003
 6.61292263444689E+0003	 1.09684248768585E-0003
 6.61292382296997E+0003	 1.12249314191489E-0003
 6.61292501149305E+0003	 1.14882833718094E-0003
 6.61292620001614E+0003	 1.17586634248367E-0003
 6.61292738853922E+0003	 1.20362582808307E-0003
 6.61292857706231E+0003	 1.23212587015097E-0003
 6.61292976558539E+0003	 1.26138595532129E-0003
 6.61293095410847E+0003	 1.29142598513252E-0003
 6.61293214263156E+0003	 1.32226628035599E-0003
 6.61293333115464E+0003	 1.35392758520330E-0003
 6.61293451967773E+0003	 1.38643107140632E-0003
 6.61293570820081E+0003	 1.41979834216297E-0003
 6.61293689672390E+0003	 1.45405143594218E-0003
 6.61293808524698E+0003	 1.48921283014116E-0003
 6.61293927377006E+0003	 1.52530544458821E-0003
 6.61294046229315E+0003	 1.56235264488422E-0003
 6.61294165081623E+0003	 1.60037824557611E-0003
 6.61294283933932E+0003	 1.63940651315525E-0003
 6.61294402786240E+0003	 1.67946216887409E-0003
 6.61294521638549E+0003	 1.72057039137414E-0003
 6.61294640490857E+0003	 1.76275681911860E-0003
 6.61294759343165E+0003	 1.80604755262262E-0003
 6.61294878195474E+0003	 1.85046915647474E-0003
 6.61294997047782E+0003	 1.89604866114259E-0003
 6.61295115900091E+0003	 1.94281356455638E-0003
 6.61295234752399E+0003	 1.99079183346350E-0003
 6.61295353604708E+0003	 2.04001190454778E-0003
 6.61295472457016E+0003	 2.09050268530705E-0003
 6.61295591309324E+0003	 2.14229355468262E-0003
 6.61295710161633E+0003	 2.19541436343461E-0003
 6.61295829013941E+0003	 2.24989543425687E-0003
 6.61295947866250E+0003	 2.30576756162574E-0003
 6.61296066718558E+0003	 2.36306201137667E-0003
 6.61296185570867E+0003	 2.42181052000321E-0003
 6.61296304423175E+0003	 2.48204529367272E-0003
 6.61296423275483E+0003	 2.54379900695357E-0003
 6.61296542127792E+0003	 2.60710480124867E-0003
 6.61296660980100E+0003	 2.67199628293033E-0003
 6.61296779832409E+0003	 2.73850752117177E-0003
 6.61296898684717E+0003	 2.80667304547067E-0003
 6.61297017537025E+0003	 2.87652784286055E-0003
 6.61297136389334E+0003	 2.94810735480574E-0003
 6.61297255241642E+0003	 3.02144747377627E-0003
 6.61297374093951E+0003	 3.09658453949900E-0003
 6.61297492946259E+0003	 3.17355533488165E-0003
 6.61297611798568E+0003	 3.25239708160676E-0003
 6.61297730650876E+0003	 3.33314743539277E-0003
 6.61297849503184E+0003	 3.41584448091967E-0003
 6.61297968355493E+0003	 3.50052672641718E-0003
 6.61298087207801E+0003	 3.58723309791350E-0003
 6.61298206060110E+0003	 3.67600293314304E-0003
 6.61298324912418E+0003	 3.76687597511203E-0003
 6.61298443764727E+0003	 3.85989236532090E-0003
 6.61298562617035E+0003	 3.95509263664309E-0003
 6.61298681469343E+0003	 4.05251770585997E-0003
 6.61298800321652E+0003	 4.15220886585187E-0003
 6.61298919173960E+0003	 4.25420777744601E-0003
 6.61299038026269E+0003	 4.35855646092188E-0003
 6.61299156878577E+0003	 4.46529728717548E-0003
 6.61299275730886E+0003	 4.57447296854390E-0003
 6.61299394583194E+0003	 4.68612654929229E-0003
 6.61299513435502E+0003	 4.80030139576552E-0003
 6.61299632287811E+0003	 4.91704118620734E-0003
 6.61299751140119E+0003	 5.03638990024986E-0003
 6.61299869992428E+0003	 5.15839180807734E-0003
 6.61299988844736E+0003	 5.28309145926782E-0003
 6.61300107697044E+0003	 5.41053367131684E-0003
 6.61300226549353E+0003	 5.54076351784821E-0003
 6.61300345401661E+0003	 5.67382631651670E-0003
 6.61300464253970E+0003	 5.80976761660790E-0003
 6.61300583106278E+0003	 5.94863318634163E-0003
 6.61300701958587E+0003	 6.09046899988453E-0003
 6.61300820810895E+0003	 6.23532122407870E-0003
 6.61300939663203E+0003	 6.38323620489340E-0003
 6.61301058515512E+0003	 6.53426045360704E-0003
 6.61301177367820E+0003	 6.68844063272736E-0003
 6.61301296220129E+0003	 6.84582354165739E-0003
 6.61301415072437E+0003	 7.00645610211636E-0003
 6.61301533924746E+0003	 7.17038534332371E-0003
 6.61301652777054E+0003	 7.33765838695560E-0003
 6.61301771629362E+0003	 7.50832243188345E-0003
 6.61301890481671E+0003	 7.68242473870394E-0003
 6.61302009333979E+0003	 7.86001261407107E-0003
 6.61302128186288E+0003	 8.04113339484020E-0003
 6.61302247038596E+0003	 8.22583443203516E-0003
 6.61302365890905E+0003	 8.41416307464903E-0003
 6.61302484743213E+0003	 8.60616665329029E-0003
 6.61302603595521E+0003	 8.80189246368528E-0003
 6.61302722447830E+0003	 9.00138775004945E-0003
 6.61302841300138E+0003	 9.20469968833861E-0003
 6.61302960152447E+0003	 9.41187536939300E-0003
 6.61303079004755E+0003	 9.62296178198631E-0003
 6.61303197857064E+0003	 9.83800579579221E-0003
 6.61303316709372E+0003	 1.00570541442814E-0002
 6.61303435561680E+0003	 1.02801534075619E-0002
 6.61303554413989E+0003	 1.05073499951757E-0002
 6.61303673266297E+0003	 1.07386901288646E-0002
 6.61303792118606E+0003	 1.09742198253200E-0002
 6.61303910970914E+0003	 1.12139848789277E-0002
 6.61304029823222E+0003	 1.14580308445229E-0002
 6.61304148675531E+0003	 1.17064030201691E-0002
 6.61304267527839E+0003	 1.19591464299721E-0002
 6.61304386380148E+0003	 1.22163058069466E-0002
 6.61304505232456E+0003	 1.24779255759445E-0002
 6.61304624084765E+0003	 1.27440498366619E-0002
 6.61304742937073E+0003	 1.30147223467369E-0002
 6.61304861789381E+0003	 1.32899865049513E-0002
 6.61304980641690E+0003	 1.35698853345502E-0002
 6.61305099493998E+0003	 1.38544614666928E-0002
 6.61305218346307E+0003	 1.41437571240469E-0002
 6.61305337198615E+0003	 1.44378141045403E-0002
 6.61305456050924E+0003	 1.47366737652829E-0002
 6.61305574903232E+0003	 1.50403770066705E-0002
 6.61305693755540E+0003	 1.53489642566837E-0002
 6.61305812607849E+0003	 1.56624754553945E-0002
 6.61305931460157E+0003	 1.59809500396916E-0002
 6.61306050312466E+0003	 1.63044269282367E-0002
 6.61306169164774E+0003	 1.66329445066640E-0002
 6.61306288017083E+0003	 1.69665406130318E-0002
 6.61306406869391E+0003	 1.73052525235402E-0002
 6.61306525721699E+0003	 1.76491169385227E-0002
 6.61306644574008E+0003	 1.79981699687238E-0002
 6.61306763426316E+0003	 1.83524471218712E-0002
 6.61306882278625E+0003	 1.87119832895525E-0002
 6.61307001130933E+0003	 1.90768127344063E-0002
 6.61307119983242E+0003	 1.94469690776347E-0002
 6.61307238835550E+0003	 1.98224852868472E-0002
 6.61307357687858E+0003	 2.02033936642424E-0002
 6.61307476540167E+0003	 2.05897258351359E-0002
 6.61307595392475E+0003	 2.09815127368413E-0002
 6.61307714244784E+0003	 2.13787846079093E-0002
 6.61307833097092E+0003	 2.17815709777336E-0002
 6.61307951949400E+0003	 2.21899006565259E-0002
 6.61308070801709E+0003	 2.26038017256681E-0002
 6.61308189654017E+0003	 2.30233015284435E-0002
 6.61308308506326E+0003	 2.34484266611529E-0002
 6.61308427358634E+0003	 2.38792029646182E-0002
 6.61308546210943E+0003	 2.43156555160766E-0002
 6.61308665063251E+0003	 2.47578086214677E-0002
 6.61308783915559E+0003	 2.52056858081156E-0002
 6.61308902767868E+0003	 2.56593098178067E-0002
 6.61309021620176E+0003	 2.61187026002655E-0002
 6.61309140472485E+0003	 2.65838853070266E-0002
 6.61309259324793E+0003	 2.70548782857039E-0002
 6.61309378177102E+0003	 2.75317010746567E-0002
 6.61309497029410E+0003	 2.80143723980485E-0002
 6.61309615881718E+0003	 2.85029101613012E-0002
 6.61309734734027E+0003	 2.89973314469373E-0002
 6.61309853586335E+0003	 2.94976525108107E-0002
 6.61309972438644E+0003	 3.00038887787209E-0002
 6.61310091290952E+0003	 3.05160548434075E-0002
 6.61310210143261E+0003	 3.10341644619184E-0002
 6.61310328995569E+0003	 3.15582305533499E-0002
 6.61310447847877E+0003	 3.20882651969511E-0002
 6.61310566700186E+0003	 3.26242796305849E-0002
 6.61310685552494E+0003	 3.31662842495445E-0002
 6.61310804404803E+0003	 3.37142886057110E-0002
 6.61310923257111E+0003	 3.42683014070522E-0002
 6.61311042109419E+0003	 3.48283305174486E-0002
 6.61311160961728E+0003	 3.53943829568418E-0002
 6.61311279814036E+0003	 3.59664649016956E-0002
 6.61311398666345E+0003	 3.65445816857605E-0002
 6.61311517518653E+0003	 3.71287378011315E-0002
 6.61311636370962E+0003	 3.77189368995920E-0002
 6.61311755223270E+0003	 3.83151817942294E-0002
 6.61311874075578E+0003	 3.89174744613152E-0002
 6.61311992927887E+0003	 3.95258160424382E-0002
 6.61312111780195E+0003	 4.01402068468773E-0002
 6.61312230632504E+0003	 4.07606463542061E-0002
 6.61312349484812E+0003	 4.13871332171141E-0002
 6.61312468337121E+0003	 4.20196652644356E-0002
 6.61312587189429E+0003	 4.26582395043716E-0002
 6.61312706041737E+0003	 4.33028521278942E-0002
 6.61312824894046E+0003	 4.39534985123198E-0002
 6.61312943746354E+0003	 4.46101732250400E-0002
 6.61313062598663E+0003	 4.52728700273941E-0002
 6.61313181450971E+0003	 4.59415818786756E-0002
 6.61313300303280E+0003	 4.66163009402540E-0002
 6.61313419155588E+0003	 4.72970185798030E-0002
 6.61313538007896E+0003	 4.79837253756202E-0002
 6.61313656860205E+0003	 4.86764111210256E-0002
 6.61313775712513E+0003	 4.93750648288256E-0002
 6.61313894564822E+0003	 5.00796747358297E-0002
 6.61314013417130E+0003	 5.07902283074069E-0002
 6.61314132269439E+0003	 5.15067122420688E-0002
 6.61314251121747E+0003	 5.22291124760659E-0002
 6.61314369974055E+0003	 5.29574141879863E-0002
 6.61314488826364E+0003	 5.36916018033414E-0002
 6.61314607678672E+0003	 5.44316589991289E-0002
 6.61314726530981E+0003	 5.51775687083581E-0002
 6.61314845383289E+0003	 5.59293131245293E-0002
 6.61314964235597E+0003	 5.66868737060501E-0002
 6.61315083087906E+0003	 5.74502311805836E-0002
 6.61315201940214E+0003	 5.82193655493098E-0002
 6.61315320792523E+0003	 5.89942560910968E-0002
 6.61315439644831E+0003	 5.97748813665634E-0002
 6.61315558497140E+0003	 6.05612192220297E-0002
 6.61315677349448E+0003	 6.13532467933410E-0002
 6.61315796201756E+0003	 6.21509405095559E-0002
 6.61315915054065E+0003	 6.29542760964917E-0002
 6.61316033906373E+0003	 6.37632285801152E-0002
 6.61316152758682E+0003	 6.45777722897707E-0002
 6.61316271610990E+0003	 6.53978808612398E-0002
 6.61316390463299E+0003	 6.62235272396212E-0002
 6.61316509315607E+0003	 6.70546836820262E-0002
 6.61316628167915E+0003	 6.78913217600814E-0002
 6.61316747020224E+0003	 6.87334123622321E-0002
 6.61316865872532E+0003	 6.95809256958428E-0002
 6.61316984724841E+0003	 7.04338312890843E-0002
 6.61317103577149E+0003	 7.12920979926088E-0002
 6.61317222429458E+0003	 7.21556939810029E-0002
 6.61317341281766E+0003	 7.30245867540174E-0002
 6.61317460134074E+0003	 7.38987431375701E-0002
 6.61317578986383E+0003	 7.47781292845169E-0002
 6.61317697838691E+0003	 7.56627106751911E-0002
 6.61317816691000E+0003	 7.65524521177068E-0002
 6.61317935543308E+0003	 7.74473177480272E-0002
 6.61318054395616E+0003	 7.83472710297924E-0002
 6.61318173247925E+0003	 7.92522747539132E-0002
 6.61318292100233E+0003	 8.01622910379233E-0002
 6.61318410952542E+0003	 8.10772813250967E-0002
 6.61318529804850E+0003	 8.19972063833274E-0002
 6.61318648657159E+0003	 8.29220263037748E-0002
 6.61318767509467E+0003	 8.38517004992770E-0002
 6.61318886361775E+0003	 8.47861877025333E-0002
 6.61319005214084E+0003	 8.57254459640595E-0002
 6.61319124066392E+0003	 8.66694326499214E-0002
 6.61319242918701E+0003	 8.76181044392486E-0002
 6.61319361771009E+0003	 8.85714173215312E-0002
 6.61319480623318E+0003	 8.95293265937101E-0002
 6.61319599475626E+0003	 9.04917868570614E-0002
 6.61319718327934E+0003	 9.14587520138814E-0002
 6.61319837180243E+0003	 9.24301752639839E-0002
 6.61319956032551E+0003	 9.34060091010052E-0002
 6.61320074884860E+0003	 9.43862053085386E-0002
 6.61320193737168E+0003	 9.53707149560926E-0002
 6.61320312589477E+0003	 9.63594883948905E-0002
 6.61320431441785E+0003	 9.73524752535138E-0002
 6.61320550294093E+0003	 9.83496244334009E-0002
 6.61320669146402E+0003	 9.93508841042101E-0002
 6.61320787998710E+0003	 1.00356201699053E-0001
 6.61320906851019E+0003	 1.01365523909617E-0001
 6.61321025703327E+0003	 1.02378796681173E-0001
 6.61321144555636E+0003	 1.03395965207489E-0001
 6.61321263407944E+0003	 1.04416973925663E-0001
 6.61321382260252E+0003	 1.05441766510871E-0001
 6.61321501112561E+0003	 1.06470285871059E-0001
 6.61321619964869E+0003	 1.07502474141577E-0001
 6.61321738817178E+0003	 1.08538272679771E-0001
 6.61321857669486E+0003	 1.09577622059551E-0001
 6.61321976521794E+0003	 1.10620462065939E-0001
 6.61322095374103E+0003	 1.11666731689601E-0001
 6.61322214226411E+0003	 1.12716369121403E-0001
 6.61322333078720E+0003	 1.13769311746972E-0001
 6.61322451931028E+0003	 1.14825496141294E-0001
 6.61322570783337E+0003	 1.15884858063351E-0001
 6.61322689635645E+0003	 1.16947332450820E-0001
 6.61322808487953E+0003	 1.18012853414836E-0001
 6.61322927340262E+0003	 1.19081354234838E-0001
 6.61323046192570E+0003	 1.20152767353507E-0001
 6.61323165044879E+0003	 1.21227024371813E-0001
 6.61323283897187E+0003	 1.22304056044178E-0001
 6.61323402749496E+0003	 1.23383792273774E-0001
 6.61323521601804E+0003	 1.24466162107965E-0001
 6.61323640454112E+0003	 1.25551093733900E-0001
 6.61323759306421E+0003	 1.26638514474281E-0001
 6.61323878158729E+0003	 1.27728350783313E-0001
 6.61323997011038E+0003	 1.28820528242840E-0001
 6.61324115863346E+0003	 1.29914971558698E-0001
 6.61324234715655E+0003	 1.31011604557271E-0001
 6.61324353567963E+0003	 1.32110350182293E-0001
 6.61324472420271E+0003	 1.33211130491874E-0001
 6.61324591272580E+0003	 1.34313866655794E-0001
 6.61324710124888E+0003	 1.35418478953044E-0001
 6.61324828977197E+0003	 1.36524886769660E-0001
 6.61324947829505E+0003	 1.37633008596826E-0001
 6.61325066681813E+0003	 1.38742762029280E-0001
 6.61325185534122E+0003	 1.39854063764032E-0001
 6.61325304386430E+0003	 1.40966829599383E-0001
 6.61325423238739E+0003	 1.42080974434289E-0001
 6.61325542091047E+0003	 1.43196412268042E-0001
 6.61325660943356E+0003	 1.44313056200315E-0001
 6.61325779795664E+0003	 1.45430818431544E-0001
 6.61325898647972E+0003	 1.46549610263686E-0001
 6.61326017500281E+0003	 1.47669342101336E-0001
 6.61326136352589E+0003	 1.48789923453241E-0001
 6.61326255204898E+0003	 1.49911262934179E-0001
 6.61326374057206E+0003	 1.51033268267255E-0001
 6.61326492909515E+0003	 1.52155846286580E-0001
 6.61326611761823E+0003	 1.53278902940375E-0001
 6.61326730614131E+0003	 1.54402343294478E-0001
 6.61326849466440E+0003	 1.55526071536279E-0001
 6.61326968318748E+0003	 1.56649990979086E-0001
 6.61327087171057E+0003	 1.57774004066914E-0001
 6.61327206023365E+0003	 1.58898012379718E-0001
 6.61327324875674E+0003	 1.60021916639077E-0001
 6.61327443727982E+0003	 1.61145616714309E-0001
 6.61327562580290E+0003	 1.62269011629055E-0001
 6.61327681432599E+0003	 1.63391999568308E-0001
 6.61327800284907E+0003	 1.64514477885904E-0001
 6.61327919137216E+0003	 1.65636343112480E-0001
 6.61328037989524E+0003	 1.66757490963892E-0001
 6.61328156841833E+0003	 1.67877816350104E-0001
 6.61328275694141E+0003	 1.68997213384546E-0001
 6.61328394546449E+0003	 1.70115575393947E-0001
 6.61328513398758E+0003	 1.71232794928637E-0001
 6.61328632251066E+0003	 1.72348763773329E-0001
 6.61328751103375E+0003	 1.73463372958372E-0001
 6.61328869955683E+0003	 1.74576512771485E-0001
 6.61328988807991E+0003	 1.75688072769965E-0001
 6.61329107660300E+0003	 1.76797941793371E-0001
 6.61329226512608E+0003	 1.77906007976689E-0001
 6.61329345364917E+0003	 1.79012158763966E-0001
 6.61329464217225E+0003	 1.80116280922424E-0001
 6.61329583069534E+0003	 1.81218260557047E-0001
 6.61329701921842E+0003	 1.82317983125639E-0001
 6.61329820774150E+0003	 1.83415333454351E-0001
 6.61329939626459E+0003	 1.84510195753682E-0001
 6.61330058478767E+0003	 1.85602453634940E-0001
 6.61330177331076E+0003	 1.86691990127169E-0001
 6.61330296183384E+0003	 1.87778687694540E-0001
 6.61330415035693E+0003	 1.88862428254198E-0001
 6.61330533888001E+0003	 1.89943093194560E-0001
 6.61330652740309E+0003	 1.91020563394070E-0001
 6.61330771592618E+0003	 1.92094719240400E-0001
 6.61330890444926E+0003	 1.93165440650094E-0001
 6.61331009297235E+0003	 1.94232607088653E-0001
 6.61331128149543E+0003	 1.95296097591054E-0001
 6.61331247001852E+0003	 1.96355790782702E-0001
 6.61331365854160E+0003	 1.97411564900810E-0001
 6.61331484706468E+0003	 1.98463297816196E-0001
 6.61331603558777E+0003	 1.99510867055502E-0001
 6.61331722411085E+0003	 2.00554149823821E-0001
 6.61331841263394E+0003	 2.01593023027737E-0001
 6.61331960115702E+0003	 2.02627363298757E-0001
 6.61332078968011E+0003	 2.03657047017145E-0001
 6.61332197820319E+0003	 2.04681950336152E-0001
 6.61332316672627E+0003	 2.05701949206613E-0001
 6.61332435524936E+0003	 2.06716919401945E-0001
 6.61332554377244E+0003	 2.07726736543499E-0001
 6.61332673229553E+0003	 2.08731276126294E-0001
 6.61332792081861E+0003	 2.09730413545098E-0001
 6.61332910934169E+0003	 2.10724024120876E-0001
 6.61333029786478E+0003	 2.11711983127582E-0001
 6.61333148638786E+0003	 2.12694165819290E-0001
 6.61333267491095E+0003	 2.13670447457665E-0001
 6.61333386343403E+0003	 2.14640703339766E-0001
 6.61333505195712E+0003	 2.15604808826165E-0001
 6.61333624048020E+0003	 2.16562639369393E-0001
 6.61333742900328E+0003	 2.17514070542686E-0001
 6.61333861752637E+0003	 2.18458978069041E-0001
 6.61333980604945E+0003	 2.19397237850573E-0001
 6.61334099457254E+0003	 2.20328725998155E-0001
 6.61334218309562E+0003	 2.21253318861346E-0001
 6.61334337161871E+0003	 2.22170893058604E-0001
 6.61334456014179E+0003	 2.23081325507756E-0001
 6.61334574866487E+0003	 2.23984493456750E-0001
 6.61334693718796E+0003	 2.24880274514655E-0001
 6.61334812571104E+0003	 2.25768546682914E-0001
 6.61334931423413E+0003	 2.26649188386851E-0001
 6.61335050275721E+0003	 2.27522078507408E-0001
 6.61335169128030E+0003	 2.28387096413125E-0001
 6.61335287980338E+0003	 2.29244121992338E-0001
 6.61335406832646E+0003	 2.30093035685602E-0001
 6.61335525684955E+0003	 2.30933718518336E-0001
 6.61335644537263E+0003	 2.31766052133662E-0001
 6.61335763389572E+0003	 2.32589918825464E-0001
 6.61335882241880E+0003	 2.33405201571626E-0001
 6.61336001094188E+0003	 2.34211784067475E-0001
 6.61336119946497E+0003	 2.35009550759403E-0001
 6.61336238798805E+0003	 2.35798386878667E-0001
 6.61336357651114E+0003	 2.36578178475368E-0001
 6.61336476503422E+0003	 2.37348812452590E-0001
 6.61336595355731E+0003	 2.38110176600706E-0001
 6.61336714208039E+0003	 2.38862159631842E-0001
 6.61336833060347E+0003	 2.39604651214488E-0001
 6.61336951912656E+0003	 2.40337542008258E-0001
 6.61337070764964E+0003	 2.41060723698785E-0001
 6.61337189617273E+0003	 2.41774089032761E-0001
 6.61337308469581E+0003	 2.42477531853098E-0001
 6.61337427321890E+0003	 2.43170947134214E-0001
 6.61337546174198E+0003	 2.43854231017447E-0001
 6.61337665026506E+0003	 2.44527280846577E-0001
 6.61337783878815E+0003	 2.45189995203456E-0001
 6.61337902731123E+0003	 2.45842273943750E-0001
 6.61338021583432E+0003	 2.46484018232774E-0001
 6.61338140435740E+0003	 2.47115130581431E-0001
 6.61338259288049E+0003	 2.47735514882230E-0001
 6.61338378140357E+0003	 2.48345076445404E-0001
 6.61338496992665E+0003	 2.48943722035094E-0001
 6.61338615844974E+0003	 2.49531359905626E-0001
 6.61338734697282E+0003	 2.50107899837849E-0001
 6.61338853549591E+0003	 2.50673253175548E-0001
 6.61338972401899E+0003	 2.51227332861908E-0001
 6.61339091254208E+0003	 2.51770053476060E-0001
 6.61339210106516E+0003	 2.52301331269662E-0001
 6.61339328958824E+0003	 2.52821084203536E-0001
 6.61339447811133E+0003	 2.53329231984351E-0001
 6.61339566663441E+0003	 2.53825696101358E-0001
 6.61339685515750E+0003	 2.54310399863143E-0001
 6.61339804368058E+0003	 2.54783268434429E-0001
 6.61339923220366E+0003	 2.55244228872901E-0001
 6.61340042072675E+0003	 2.55693210166055E-0001
 6.61340160924983E+0003	 2.56130143268071E-0001
 6.61340279777292E+0003	 2.56554961136692E-0001
 6.61340398629600E+0003	 2.56967598770127E-0001
 6.61340517481909E+0003	 2.57367993243952E-0001
 6.61340636334217E+0003	 2.57756083748014E-0001
 6.61340755186525E+0003	 2.58131811623333E-0001
 6.61340874038834E+0003	 2.58495120399000E-0001
 6.61340992891142E+0003	 2.58845955829055E-0001
 6.61341111743451E+0003	 2.59184265929357E-0001
 6.61341230595759E+0003	 2.59510001014421E-0001
 6.61341349448068E+0003	 2.59823113734239E-0001
 6.61341468300376E+0003	 2.60123559111056E-0001
 6.61341587152684E+0003	 2.60411294576123E-0001
 6.61341706004993E+0003	 2.60686280006389E-0001
 6.61341824857301E+0003	 2.60948477761152E-0001
 6.61341943709610E+0003	 2.61197852718657E-0001
 6.61342062561918E+0003	 2.61434372312630E-0001
 6.61342181414227E+0003	 2.61658006568734E-0001
 6.61342300266535E+0003	 2.61868728140970E-0001
 6.61342419118843E+0003	 2.62066512347975E-0001
 6.61342537971152E+0003	 2.62251337209245E-0001
 6.61342656823460E+0003	 2.62423183481261E-0001
 6.61342775675769E+0003	 2.62582034693502E-0001
 6.61342894528077E+0003	 2.62727877184356E-0001
 6.61343013380385E+0003	 2.62860700136909E-0001
 6.61343132232694E+0003	 2.62980495614599E-0001
 6.61343251085002E+0003	 2.63087258596743E-0001
 6.61343369937311E+0003	 2.63180987013912E-0001
 6.61343488789619E+0003	 2.63261681783142E-0001
 6.61343607641928E+0003	 2.63329346843002E-0001
 6.61343726494236E+0003	 2.63383989188457E-0001
 6.61343845346544E+0003	 2.63425618905559E-0001
 6.61343964198853E+0003	 2.63454249205946E-0001
 6.61344083051161E+0003	 2.63469896461113E-0001
 6.61344201903470E+0003	 2.63472580236478E-0001
 6.61344320755778E+0003	 2.63462323325195E-0001
 6.61344439608087E+0003	 2.63439151781735E-0001
 6.61344558460395E+0003	 2.63403094955204E-0001
 6.61344677312703E+0003	 2.63354185522365E-0001
 6.61344796165012E+0003	 2.63292459520398E-0001
 6.61344915017320E+0003	 2.63217956379335E-0001
 6.61345033869629E+0003	 2.63130718954172E-0001
 6.61345152721937E+0003	 2.63030793556664E-0001
 6.61345271574246E+0003	 2.62918229986731E-0001
 6.61345390426554E+0003	 2.62793081563524E-0001
 6.61345509278862E+0003	 2.62655405156076E-0001
 6.61345628131171E+0003	 2.62505261213554E-0001
 6.61345746983479E+0003	 2.62342713795078E-0001
 6.61345865835788E+0003	 2.62167830599087E-0001
 6.61345984688096E+0003	 2.61980682992241E-0001
 6.61346103540405E+0003	 2.61781346037815E-0001
 6.61346222392713E+0003	 2.61569898523595E-0001
 6.61346341245021E+0003	 2.61346422989219E-0001
 6.61346460097330E+0003	 2.61111005752968E-0001
 6.61346578949638E+0003	 2.60863736937951E-0001
 6.61346697801947E+0003	 2.60604710497706E-0001
 6.61346816654255E+0003	 2.60334024241123E-0001
 6.61346935506563E+0003	 2.60051779856730E-0001
 6.61347054358872E+0003	 2.59758082936272E-0001
 6.61347173211180E+0003	 2.59453042997569E-0001
 6.61347292063489E+0003	 2.59136773506614E-0001
 6.61347410915797E+0003	 2.58809391898897E-0001
 6.61347529768106E+0003	 2.58471019599906E-0001
 6.61347648620414E+0003	 2.58121782044786E-0001
 6.61347767472722E+0003	 2.57761808697116E-0001
 6.61347886325031E+0003	 2.57391233066772E-0001
 6.61348005177339E+0003	 2.57010192726838E-0001
 6.61348124029648E+0003	 2.56618829329545E-0001
 6.61348242881956E+0003	 2.56217288621174E-0001
 6.61348361734265E+0003	 2.55805720455919E-0001
 6.61348480586573E+0003	 2.55384278808634E-0001
 6.61348599438881E+0003	 2.54953121786475E-0001
 6.61348718291190E+0003	 2.54512411639337E-0001
 6.61348837143498E+0003	 2.54062314769106E-0001
 6.61348955995807E+0003	 2.53603001737633E-0001
 6.61349074848115E+0003	 2.53134647273432E-0001
 6.61349193700424E+0003	 2.52657430277025E-0001
 6.61349312552732E+0003	 2.52171533824912E-0001
 6.61349431405040E+0003	 2.51677145172111E-0001
 6.61349550257349E+0003	 2.51174455753230E-0001
 6.61349669109657E+0003	 2.50663661182020E-0001
 6.61349787961966E+0003	 2.50144961249369E-0001
 6.61349906814274E+0003	 2.49618559919683E-0001
 6.61350025666582E+0003	 2.49084665325618E-0001
 6.61350144518891E+0003	 2.48543489761095E-0001
 6.61350263371199E+0003	 2.47995249672578E-0001
 6.61350382223508E+0003	 2.47440165648541E-0001
 6.61350501075816E+0003	 2.46878462407086E-0001
 6.61350619928125E+0003	 2.46310368781666E-0001
 6.61350738780433E+0003	 2.45736117704849E-0001
 6.61350857632741E+0003	 2.45155946190096E-0001
 6.61350976485050E+0003	 2.44570095311472E-0001
 6.61351095337358E+0003	 2.43978810181267E-0001
 6.61351214189667E+0003	 2.43382339925463E-0001
 6.61351333041975E+0003	 2.42780937656989E-0001
 6.61351451894284E+0003	 2.42174860446735E-0001
 6.61351570746592E+0003	 2.41564369292256E-0001
 6.61351689598900E+0003	 2.40949729084106E-0001
 6.61351808451209E+0003	 2.40331208569789E-0001
 6.61351927303517E+0003	 2.39709080315234E-0001
 6.61352046155826E+0003	 2.39083620663768E-0001
 6.61352165008134E+0003	 2.38455109692534E-0001
 6.61352283860443E+0003	 2.37823831166296E-0001
 6.61352402712751E+0003	 2.37190072488591E-0001
 6.61352521565059E+0003	 2.36554124650181E-0001
 6.61352640417368E+0003	 2.35916282174741E-0001
 6.61352759269676E+0003	 2.35276843061759E-0001
 6.61352878121985E+0003	 2.34636108726589E-0001
 6.61352996974293E+0003	 2.33994383937606E-0001
 6.61353115826602E+0003	 2.33351976750440E-0001
 6.61353234678910E+0003	 2.32709198439220E-0001
 6.61353353531218E+0003	 2.32066363424809E-0001
 6.61353472383527E+0003	 2.31423789199976E-0001
 6.61353591235835E+0003	 2.30781796251466E-0001
 6.61353710088144E+0003	 2.30140707978949E-0001
 6.61353828940452E+0003	 2.29500850610777E-0001
 6.61353947792760E+0003	 2.28862553116556E-0001
 6.61354066645069E+0003	 2.28226147116467E-0001
 6.61354185497377E+0003	 2.27591966787328E-0001
 6.61354304349686E+0003	 2.26960348765357E-0001
 6.61354423201994E+0003	 2.26331632045615E-0001
 6.61354542054303E+0003	 2.25706157878100E-0001
 6.61354660906611E+0003	 2.25084269660480E-0001
 6.61354779758919E+0003	 2.24466312827439E-0001
 6.61354898611228E+0003	 2.23852634736618E-0001
 6.61355017463536E+0003	 2.23243584551145E-0001
 6.61355136315845E+0003	 2.22639513118737E-0001
 6.61355255168153E+0003	 2.22040772847373E-0001
 6.61355374020462E+0003	 2.21447717577520E-0001
 6.61355492872770E+0003	 2.20860702450925E-0001
 6.61355611725078E+0003	 2.20280083775970E-0001
 6.61355730577387E+0003	 2.19706218889593E-0001
 6.61355849429695E+0003	 2.19139466015777E-0001
 6.61355968282004E+0003	 2.18580184120641E-0001
 6.61356087134312E+0003	 2.18028732764119E-0001
 6.61356205986621E+0003	 2.17485471948276E-0001
 6.61356324838929E+0003	 2.16950761962256E-0001
 6.61356443691237E+0003	 2.16424963223916E-0001
 6.61356562543546E+0003	 2.15908436118159E-0001
 6.61356681395854E+0003	 2.15401540832009E-0001
 6.61356800248163E+0003	 2.14904637186467E-0001
 6.61356919100471E+0003	 2.14418084465190E-0001
 6.61357037952780E+0003	 2.13942241240051E-0001
 6.61357156805088E+0003	 2.13477465193609E-0001
 6.61357275657396E+0003	 2.13024112938586E-0001
 6.61357394509705E+0003	 2.12582539834373E-0001
 6.61357513362013E+0003	 2.12153099800650E-0001
 6.61357632214322E+0003	 2.11736145128208E-0001
 6.61357751066630E+0003	 2.11332026287010E-0001
 6.61357869918938E+0003	 2.10941091731611E-0001
 6.61357988771247E+0003	 2.10563687704000E-0001
 6.61358107623555E+0003	 2.10200158033966E-0001
 6.61358226475864E+0003	 2.09850843937075E-0001
 6.61358345328172E+0003	 2.09516083810369E-0001
 6.61358464180481E+0003	 2.09196213025889E-0001
 6.61358583032789E+0003	 2.08891563722127E-0001
 6.61358701885097E+0003	 2.08602464593534E-0001
 6.61358820737406E+0003	 2.08329240678197E-0001
 6.61358939589714E+0003	 2.08072213143810E-0001
 6.61359058442023E+0003	 2.07831699072084E-0001
 6.61359177294331E+0003	 2.07608011241705E-0001
 6.61359296146640E+0003	 2.07401457910012E-0001
 6.61359414998948E+0003	 2.07212342593521E-0001
 6.61359533851256E+0003	 2.07040963847442E-0001
 6.61359652703565E+0003	 2.06887615044368E-0001
 6.61359771555873E+0003	 2.06752584152265E-0001
 6.61359890408182E+0003	 2.06636153511954E-0001
 6.61360009260490E+0003	 2.06538599614235E-0001
 6.61360128112799E+0003	 2.06460192876841E-0001
 6.61360246965107E+0003	 2.06401197421388E-0001
 6.61360365817415E+0003	 2.06361870850510E-0001
 6.61360484669724E+0003	 2.06342464025365E-0001
 6.61360603522032E+0003	 2.06343220843697E-0001
 6.61360722374341E+0003	 2.06364378018654E-0001
 6.61360841226649E+0003	 2.06406164858555E-0001
 6.61360960078957E+0003	 2.06468803047806E-0001
 6.61361078931266E+0003	 2.06552506429183E-0001
 6.61361197783574E+0003	 2.06657480787663E-0001
 6.61361316635883E+0003	 2.06783923636044E-0001
 6.61361435488191E+0003	 2.06932024002541E-0001
 6.61361554340500E+0003	 2.07101962220597E-0001
 6.61361673192808E+0003	 2.07293909721106E-0001
 6.61361792045116E+0003	 2.07508028827283E-0001
 6.61361910897425E+0003	 2.07744472552403E-0001
 6.61362029749733E+0003	 2.08003384400624E-0001
 6.61362148602042E+0003	 2.08284898171126E-0001
 6.61362267454350E+0003	 2.08589137765796E-0001
 6.61362386306659E+0003	 2.08916217000678E-0001
 6.61362505158967E+0003	 2.09266239421424E-0001
 6.61362624011275E+0003	 2.09639298122976E-0001
 6.61362742863584E+0003	 2.10035475573697E-0001
 6.61362861715892E+0003	 2.10454843444197E-0001
 6.61362980568201E+0003	 2.10897462441066E-0001
 6.61363099420509E+0003	 2.11363382145754E-0001
 6.61363218272818E+0003	 2.11852640858819E-0001
 6.61363337125126E+0003	 2.12365265449772E-0001
 6.61363455977434E+0003	 2.12901271212734E-0001
 6.61363574829743E+0003	 2.13460661728149E-0001
 6.61363693682051E+0003	 2.14043428730740E-0001
 6.61363812534360E+0003	 2.14649551983953E-0001
 6.61363931386668E+0003	 2.15278999161099E-0001
 6.61364050238977E+0003	 2.15931725733385E-0001
 6.61364169091285E+0003	 2.16607674865069E-0001
 6.61364287943593E+0003	 2.17306777315926E-0001
 6.61364406795902E+0003	 2.18028951351222E-0001
 6.61364525648210E+0003	 2.18774102659412E-0001
 6.61364644500519E+0003	 2.19542124277723E-0001
 6.61364763352827E+0003	 2.20332896525831E-0001
 6.61364882205135E+0003	 2.21146286947795E-0001
 6.61365001057444E+0003	 2.21982150262441E-0001
 6.61365119909752E+0003	 2.22840328322336E-0001
 6.61365238762061E+0003	 2.23720650081539E-0001
 6.61365357614369E+0003	 2.24622931572268E-0001
 6.61365476466678E+0003	 2.25546975890642E-0001
 6.61365595318986E+0003	 2.26492573191619E-0001
 6.61365714171294E+0003	 2.27459500693282E-0001
 6.61365833023603E+0003	 2.28447522690596E-0001
 6.61365951875911E+0003	 2.29456390578728E-0001
 6.61366070728220E+0003	 2.30485842886067E-0001
 6.61366189580528E+0003	 2.31535605317034E-0001
 6.61366308432837E+0003	 2.32605390804751E-0001
 6.61366427285145E+0003	 2.33694899573692E-0001
 6.61366546137453E+0003	 2.34803819212334E-0001
 6.61366664989762E+0003	 2.35931824755916E-0001
 6.61366783842070E+0003	 2.37078578779331E-0001
 6.61366902694379E+0003	 2.38243731500195E-0001
 6.61367021546687E+0003	 2.39426920892136E-0001
 6.61367140398996E+0003	 2.40627772808301E-0001
 6.61367259251304E+0003	 2.41845901115114E-0001
 6.61367378103612E+0003	 2.43080907836264E-0001
 6.61367496955921E+0003	 2.44332383306925E-0001
 6.61367615808229E+0003	 2.45599906338175E-0001
 6.61367734660538E+0003	 2.46883044391575E-0001
 6.61367853512846E+0003	 2.48181353763877E-0001
 6.61367972365154E+0003	 2.49494379781788E-0001
 6.61368091217463E+0003	 2.50821657006723E-0001
 6.61368210069771E+0003	 2.52162709449475E-0001
 6.61368328922080E+0003	 2.53517050794697E-0001
 6.61368447774388E+0003	 2.54884184635094E-0001
 6.61368566626697E+0003	 2.56263604715220E-0001
 6.61368685479005E+0003	 2.57654795184738E-0001
 6.61368804331313E+0003	 2.59057230861006E-0001
 6.61368923183622E+0003	 2.60470377500845E-0001
 6.61369042035930E+0003	 2.61893692081319E-0001
 6.61369160888239E+0003	 2.63326623089362E-0001
 6.61369279740547E+0003	 2.64768610820047E-0001
 6.61369398592856E+0003	 2.66219087683335E-0001
 6.61369517445164E+0003	 2.67677478519045E-0001
 6.61369636297472E+0003	 2.69143200919890E-0001
 6.61369755149781E+0003	 2.70615665562286E-0001
 6.61369874002089E+0003	 2.72094276544749E-0001
 6.61369992854398E+0003	 2.73578431733581E-0001
 6.61370111706706E+0003	 2.75067523115628E-0001
 6.61370230559015E+0003	 2.76560937157804E-0001
 6.61370349411323E+0003	 2.78058055173131E-0001
 6.61370468263631E+0003	 2.79558253692976E-0001
 6.61370587115940E+0003	 2.81060904845215E-0001
 6.61370705968248E+0003	 2.82565376737989E-0001
 6.61370824820557E+0003	 2.84071033848766E-0001
 6.61370943672865E+0003	 2.85577237418357E-0001
 6.61371062525174E+0003	 2.87083345849570E-0001
 6.61371181377482E+0003	 2.88588715110160E-0001
 6.61371300229790E+0003	 2.90092699139731E-0001
 6.61371419082099E+0003	 2.91594650260229E-0001
 6.61371537934407E+0003	 2.93093919589672E-0001
 6.61371656786716E+0003	 2.94589857458755E-0001
 6.61371775639024E+0003	 2.96081813829960E-0001
 6.61371894491332E+0003	 2.97569138718777E-0001
 6.61372013343641E+0003	 2.99051182616695E-0001
 6.61372132195949E+0003	 3.00527296915527E-0001
 6.61372251048258E+0003	 3.01996834332732E-0001
 6.61372369900566E+0003	 3.03459149337313E-0001
 6.61372488752875E+0003	 3.04913598575900E-0001
 6.61372607605183E+0003	 3.06359541298633E-0001
 6.61372726457491E+0003	 3.07796339784430E-0001
 6.61372845309800E+0003	 3.09223359765288E-0001
 6.61372964162108E+0003	 3.10639970849126E-0001
 6.61373083014417E+0003	 3.12045546940884E-0001
 6.61373201866725E+0003	 3.13439466661384E-0001
 6.61373320719034E+0003	 3.14821113763612E-0001
 6.61373439571342E+0003	 3.16189877545996E-0001
 6.61373558423650E+0003	 3.17545153262299E-0001
 6.61373677275959E+0003	 3.18886342527726E-0001
 6.61373796128267E+0003	 3.20212853720859E-0001
 6.61373914980576E+0003	 3.21524102381029E-0001
 6.61374033832884E+0003	 3.22819511600754E-0001
 6.61374152685193E+0003	 3.24098512412846E-0001
 6.61374271537501E+0003	 3.25360544171835E-0001
 6.61374390389809E+0003	 3.26605054929317E-0001
 6.61374509242118E+0003	 3.27831501802891E-0001
 6.61374628094426E+0003	 3.29039351338309E-0001
 6.61374746946735E+0003	 3.30228079864499E-0001
 6.61374865799043E+0003	 3.31397173841108E-0001
 6.61374984651351E+0003	 3.32546130198252E-0001
 6.61375103503660E+0003	 3.33674456668132E-0001
 6.61375222355968E+0003	 3.34781672108183E-0001
 6.61375341208277E+0003	 3.35867306815494E-0001
 6.61375460060585E+0003	 3.36930902832144E-0001
 6.61375578912894E+0003	 3.37972014241207E-0001
 6.61375697765202E+0003	 3.38990207453125E-0001
 6.61375816617510E+0003	 3.39985061482184E-0001
 6.61375935469819E+0003	 3.40956168212843E-0001
 6.61376054322127E+0003	 3.41903132655657E-0001
 6.61376173174436E+0003	 3.42825573192562E-0001
 6.61376292026744E+0003	 3.43723121811314E-0001
 6.61376410879053E+0003	 3.44595424328838E-0001
 6.61376529731361E+0003	 3.45442140603322E-0001
 6.61376648583669E+0003	 3.46262944734845E-0001
 6.61376767435978E+0003	 3.47057525254382E-0001
 6.61376886288286E+0003	 3.47825585301006E-0001
 6.61377005140595E+0003	 3.48566842787160E-0001
 6.61377123992903E+0003	 3.49281030551851E-0001
 6.61377242845212E+0003	 3.49967896501648E-0001
 6.61377361697520E+0003	 3.50627203739375E-0001
 6.61377480549828E+0003	 3.51258730680415E-0001
 6.61377599402137E+0003	 3.51862271156536E-0001
 6.61377718254445E+0003	 3.52437634507161E-0001
 6.61377837106754E+0003	 3.52984645658069E-0001
 6.61377955959062E+0003	 3.53503145187442E-0001
 6.61378074811371E+0003	 3.53992989379270E-0001
 6.61378193663679E+0003	 3.54454050264080E-0001
 6.61378312515987E+0003	 3.54886215647008E-0001
 6.61378431368296E+0003	 3.55289389123228E-0001
 6.61378550220604E+0003	 3.55663490080765E-0001
 6.61378669072913E+0003	 3.56008453690736E-0001
 6.61378787925221E+0003	 3.56324230885092E-0001
 6.61378906777529E+0003	 3.56610788321916E-0001
 6.61379025629838E+0003	 3.56868108338370E-0001
 6.61379144482146E+0003	 3.57096188891392E-0001
 6.61379263334455E+0003	 3.57295043486251E-0001
 6.61379382186763E+0003	 3.57464701093091E-0001
 6.61379501039072E+0003	 3.57605206051580E-0001
 6.61379619891380E+0003	 3.57716617963850E-0001
 6.61379738743688E+0003	 3.57799011575855E-0001
 6.61379857595997E+0003	 3.57852476647334E-0001
 6.61379976448305E+0003	 3.57877117810569E-0001
 6.61380095300614E+0003	 3.57873054418123E-0001
 6.61380214152922E+0003	 3.57840420379773E-0001
 6.61380333005231E+0003	 3.57779363988848E-0001
 6.61380451857539E+0003	 3.57690047738205E-0001
 6.61380570709847E+0003	 3.57572648126078E-0001
 6.61380689562156E+0003	 3.57427355452050E-0001
 6.61380808414464E+0003	 3.57254373603394E-0001
 6.61380927266773E+0003	 3.57053919832062E-0001
 6.61381046119081E+0003	 3.56826224522582E-0001
 6.61381164971390E+0003	 3.56571530951152E-0001
 6.61381283823698E+0003	 3.56290095036214E-0001
 6.61381402676006E+0003	 3.55982185080809E-0001
 6.61381521528315E+0003	 3.55648081507004E-0001
 6.61381640380623E+0003	 3.55288076582721E-0001
 6.61381759232932E+0003	 3.54902474141252E-0001
 6.61381878085240E+0003	 3.54491589293804E-0001
 6.61381996937549E+0003	 3.54055748135393E-0001
 6.61382115789857E+0003	 3.53595287444397E-0001
 6.61382234642165E+0003	 3.53110554376135E-0001
 6.61382353494474E+0003	 3.52601906150775E-0001
 6.61382472346782E+0003	 3.52069709735930E-0001
 6.61382591199091E+0003	 3.51514341524273E-0001
 6.61382710051399E+0003	 3.50936187006531E-0001
 6.61382828903707E+0003	 3.50335640440178E-0001
 6.61382947756016E+0003	 3.49713104514203E-0001
 6.61383066608324E+0003	 3.49068990010271E-0001
 6.61383185460633E+0003	 3.48403715460662E-0001
 6.61383304312941E+0003	 3.47717706803289E-0001
 6.61383423165250E+0003	 3.47011397034198E-0001
 6.61383542017558E+0003	 3.46285225857839E-0001
 6.61383660869866E+0003	 3.45539639335505E-0001
 6.61383779722175E+0003	 3.44775089532241E-0001
 6.61383898574483E+0003	 3.43992034162599E-0001
 6.61384017426792E+0003	 3.43190936235552E-0001
 6.61384136279100E+0003	 3.42372263698917E-0001
 6.61384255131409E+0003	 3.41536489083610E-0001
 6.61384373983717E+0003	 3.40684089148077E-0001
 6.61384492836025E+0003	 3.39815544523208E-0001
 6.61384611688334E+0003	 3.38931339358066E-0001
 6.61384730540642E+0003	 3.38031960966744E-0001
 6.61384849392951E+0003	 3.37117899476656E-0001
 6.61384968245259E+0003	 3.36189647478575E-0001
 6.61385087097568E+0003	 3.35247699678714E-0001
 6.61385205949876E+0003	 3.34292552553134E-0001
 6.61385324802184E+0003	 3.33324704004789E-0001
 6.61385443654493E+0003	 3.32344653023457E-0001
 6.61385562506801E+0003	 3.31352899348865E-0001
 6.61385681359110E+0003	 3.30349943137244E-0001
 6.61385800211418E+0003	 3.29336284631593E-0001
 6.61385919063726E+0003	 3.28312423835898E-0001
 6.61386037916035E+0003	 3.27278860193544E-0001
 6.61386156768343E+0003	 3.26236092270168E-0001
 6.61386275620652E+0003	 3.25184617441168E-0001
 6.61386394472960E+0003	 3.24124931584103E-0001
 6.61386513325269E+0003	 3.23057528776180E-0001
 6.61386632177577E+0003	 3.21982900997036E-0001
 6.61386751029885E+0003	 3.20901537837023E-0001
 6.61386869882194E+0003	 3.19813926211153E-0001
 6.61386988734502E+0003	 3.18720550078909E-0001
 6.61387107586811E+0003	 3.17621890170077E-0001
 6.61387226439119E+0003	 3.16518423716751E-0001
 6.61387345291428E+0003	 3.15410624191665E-0001
 6.61387464143736E+0003	 3.14298961053018E-0001
 6.61387582996044E+0003	 3.13183899495871E-0001
 6.61387701848353E+0003	 3.12065900210295E-0001
 6.61387820700661E+0003	 3.10945419146338E-0001
 6.61387939552970E+0003	 3.09822907285955E-0001
 6.61388058405278E+0003	 3.08698810421958E-0001
 6.61388177257587E+0003	 3.07573568944108E-0001
 6.61388296109895E+0003	 3.06447617632394E-0001
 6.61388414962203E+0003	 3.05321385457603E-0001
 6.61388533814512E+0003	 3.04195295389204E-0001
 6.61388652666820E+0003	 3.03069764210629E-0001
 6.61388771519129E+0003	 3.01945202341963E-0001
 6.61388890371437E+0003	 3.00822013670120E-0001
 6.61389009223746E+0003	 2.99700595386477E-0001
 6.61389128076054E+0003	 2.98581337832034E-0001
 6.61389246928362E+0003	 2.97464624350069E-0001
 6.61389365780671E+0003	 2.96350831146320E-0001
 6.61389484632979E+0003	 2.95240327156669E-0001
 6.61389603485288E+0003	 2.94133473922319E-0001
 6.61389722337596E+0003	 2.93030625472447E-0001
 6.61389841189904E+0003	 2.91932128214301E-0001
 6.61389960042213E+0003	 2.90838320830694E-0001
 6.61390078894521E+0003	 2.89749534184874E-0001
 6.61390197746830E+0003	 2.88666091232710E-0001
 6.61390316599138E+0003	 2.87588306942119E-0001
 6.61390435451447E+0003	 2.86516488219710E-0001
 6.61390554303755E+0003	 2.85450933844542E-0001
 6.61390673156063E+0003	 2.84391934408932E-0001
 6.61390792008372E+0003	 2.83339772266249E-0001
 6.61390910860680E+0003	 2.82294721485570E-0001
 6.61391029712989E+0003	 2.81257047813157E-0001
 6.61391148565297E+0003	 2.80227008640610E-0001
 6.61391267417606E+0003	 2.79204852979624E-0001
 6.61391386269914E+0003	 2.78190821443244E-0001
 6.61391505122222E+0003	 2.77185146233483E-0001
 6.61391623974531E+0003	 2.76188051135222E-0001
 6.61391742826839E+0003	 2.75199751516250E-0001
 6.61391861679148E+0003	 2.74220454333330E-0001
 6.61391980531456E+0003	 2.73250358144165E-0001
 6.61392099383765E+0003	 2.72289653125137E-0001
 6.61392218236073E+0003	 2.71338521094679E-0001
 6.61392337088381E+0003	 2.70397135542159E-0001
 6.61392455940690E+0003	 2.69465661662129E-0001
 6.61392574792998E+0003	 2.68544256393798E-0001
 6.61392693645307E+0003	 2.67633068465596E-0001
 6.61392812497615E+0003	 2.66732238444679E-0001
 6.61392931349923E+0003	 2.65841898791224E-0001
 6.61393050202232E+0003	 2.64962173917396E-0001
 6.61393169054540E+0003	 2.64093180250786E-0001
 6.61393287906849E+0003	 2.63235026302229E-0001
 6.61393406759157E+0003	 2.62387812737812E-0001
 6.61393525611466E+0003	 2.61551632454937E-0001
 6.61393644463774E+0003	 2.60726570662290E-0001
 6.61393763316082E+0003	 2.59912704963553E-0001
 6.61393882168391E+0003	 2.59110105444714E-0001
 6.61394001020699E+0003	 2.58318834764838E-0001
 6.61394119873008E+0003	 2.57538948250115E-0001
 6.61394238725316E+0003	 2.56770493991062E-0001
 6.61394357577625E+0003	 2.56013512942726E-0001
 6.61394476429933E+0003	 2.55268039027716E-0001
 6.61394595282241E+0003	 2.54534099241948E-0001
 6.61394714134550E+0003	 2.53811713762929E-0001
 6.61394832986858E+0003	 2.53100896060449E-0001
 6.61394951839167E+0003	 2.52401653009527E-0001
 6.61395070691475E+0003	 2.51713985005473E-0001
 6.61395189543784E+0003	 2.51037886080921E-0001
 6.61395308396092E+0003	 2.50373344024697E-0001
 6.61395427248400E+0003	 2.49720340502380E-0001
 6.61395546100709E+0003	 2.49078851178412E-0001
 6.61395664953017E+0003	 2.48448845839642E-0001
 6.61395783805326E+0003	 2.47830288520153E-0001
 6.61395902657634E+0003	 2.47223137627252E-0001
 6.61396021509943E+0003	 2.46627346068489E-0001
 6.61396140362251E+0003	 2.46042861379585E-0001
 6.61396259214559E+0003	 2.45469625853148E-0001
 6.61396378066868E+0003	 2.44907576668044E-0001
 6.61396496919176E+0003	 2.44356646019317E-0001
 6.61396615771485E+0003	 2.43816761248548E-0001
 6.61396734623793E+0003	 2.43287844974514E-0001
 6.61396853476101E+0003	 2.42769815224079E-0001
 6.61396972328410E+0003	 2.42262585563165E-0001
 6.61397091180718E+0003	 2.41766065227737E-0001
 6.61397210033027E+0003	 2.41280159254675E-0001
 6.61397328885335E+0003	 2.40804768612451E-0001
 6.61397447737644E+0003	 2.40339790331505E-0001
 6.61397566589952E+0003	 2.39885117634239E-0001
 6.61397685442260E+0003	 2.39440640064524E-0001
 6.61397804294569E+0003	 2.39006243616654E-0001
 6.61397923146877E+0003	 2.38581810863640E-0001
 6.61398041999186E+0003	 2.38167221084791E-0001
 6.61398160851494E+0003	 2.37762350392479E-0001
 6.61398279703803E+0003	 2.37367071858030E-0001
 6.61398398556111E+0003	 2.36981255636664E-0001
 6.61398517408419E+0003	 2.36604769091416E-0001
 6.61398636260728E+0003	 2.36237476915975E-0001
 6.61398755113036E+0003	 2.35879241256374E-0001
 6.61398873965345E+0003	 2.35529921831478E-0001
 6.61398992817653E+0003	 2.35189376052203E-0001
 6.61399111669962E+0003	 2.34857459139430E-0001
 6.61399230522270E+0003	 2.34534024240538E-0001
 6.61399349374578E+0003	 2.34218922544533E-0001
 6.61399468226887E+0003	 2.33912003395713E-0001
 6.61399587079195E+0003	 2.33613114405826E-0001
 6.61399705931504E+0003	 2.33322101564688E-0001
 6.61399824783812E+0003	 2.33038809349222E-0001
 6.61399943636120E+0003	 2.32763080830877E-0001
 6.61400062488429E+0003	 2.32494757781401E-0001
 6.61400181340737E+0003	 2.32233680776938E-0001
 6.61400300193046E+0003	 2.31979689300413E-0001
 6.61400419045354E+0003	 2.31732621842200E-0001
 6.61400537897663E+0003	 2.31492315999022E-0001
 6.61400656749971E+0003	 2.31258608571090E-0001
 6.61400775602279E+0003	 2.31031335657438E-0001
 6.61400894454588E+0003	 2.30810332749466E-0001
 6.61401013306896E+0003	 2.30595434822646E-0001
 6.61401132159205E+0003	 2.30386476426410E-0001
 6.61401251011513E+0003	 2.30183291772175E-0001
 6.61401369863822E+0003	 2.29985714819538E-0001
 6.61401488716130E+0003	 2.29793579360598E-0001
 6.61401607568438E+0003	 2.29606719102423E-0001
 6.61401726420747E+0003	 2.29424967747653E-0001
 6.61401845273055E+0003	 2.29248159073231E-0001
 6.61401964125364E+0003	 2.29076127007280E-0001
 6.61402082977672E+0003	 2.28908705704106E-0001
 6.61402201829981E+0003	 2.28745729617354E-0001
 6.61402320682289E+0003	 2.28587033571295E-0001
 6.61402439534597E+0003	 2.28432452830289E-0001
 6.61402558386906E+0003	 2.28281823166383E-0001
 6.61402677239214E+0003	 2.28134980925099E-0001
 6.61402796091523E+0003	 2.27991763089395E-0001
 6.61402914943831E+0003	 2.27852007341815E-0001
 6.61403033796140E+0003	 2.27715552124851E-0001
 6.61403152648448E+0003	 2.27582236699518E-0001
 6.61403271500756E+0003	 2.27451901202164E-0001
 6.61403390353065E+0003	 2.27324386699529E-0001
 6.61403509205373E+0003	 2.27199535242068E-0001
 6.61403628057682E+0003	 2.27077189915555E-0001
 6.61403746909990E+0003	 2.26957194890992E-0001
 6.61403865762298E+0003	 2.26839395472833E-0001
 6.61403984614607E+0003	 2.26723638145549E-0001
 6.61404103466915E+0003	 2.26609770618547E-0001
 6.61404222319224E+0003	 2.26497641869474E-0001
 6.61404341171532E+0003	 2.26387102185922E-0001
 6.61404460023841E+0003	 2.26278003205547E-0001
 6.61404578876149E+0003	 2.26170197954639E-0001
 6.61404697728457E+0003	 2.26063540885159E-0001
 6.61404816580766E+0003	 2.25957887910262E-0001
 6.61404935433074E+0003	 2.25853096438338E-0001
 6.61405054285383E+0003	 2.25749025405577E-0001
 6.61405173137691E+0003	 2.25645535307113E-0001
 6.61405291990000E+0003	 2.25542488226737E-0001
 6.61405410842308E+0003	 2.25439747865221E-0001
 6.61405529694616E+0003	 2.25337179567278E-0001
 6.61405648546925E+0003	 2.25234650347178E-0001
 6.61405767399233E+0003	 2.25132028913042E-0001
 6.61405886251542E+0003	 2.25029185689844E-0001
 6.61406005103850E+0003	 2.24925992841143E-0001
 6.61406123956159E+0003	 2.24822324289568E-0001
 6.61406242808467E+0003	 2.24718055736087E-0001
 6.61406361660775E+0003	 2.24613064678074E-0001
 6.61406480513084E+0003	 2.24507230426208E-0001
 6.61406599365392E+0003	 2.24400434120223E-0001
 6.61406718217701E+0003	 2.24292558743533E-0001
 6.61406837070009E+0003	 2.24183489136763E-0001
 6.61406955922318E+0003	 2.24073112010198E-0001
 6.61407074774626E+0003	 2.23961315955186E-0001
 6.61407193626934E+0003	 2.23847991454507E-0001
 6.61407312479243E+0003	 2.23733030891742E-0001
 6.61407431331551E+0003	 2.23616328559665E-0001
 6.61407550183860E+0003	 2.23497780667657E-0001
 6.61407669036168E+0003	 2.23377285348210E-0001
 6.61407787888476E+0003	 2.23254742662497E-0001
 6.61407906740785E+0003	 2.23130054605057E-0001
 6.61408025593093E+0003	 2.23003125107620E-0001
 6.61408144445402E+0003	 2.22873860042062E-0001
 6.61408263297710E+0003	 2.22742167222559E-0001
 6.61408382150019E+0003	 2.22607956406913E-0001
 6.61408501002327E+0003	 2.22471139297109E-0001
 6.61408619854635E+0003	 2.22331629539097E-0001
 6.61408738706944E+0003	 2.22189342721837E-0001
 6.61408857559252E+0003	 2.22044196375614E-0001
 6.61408976411561E+0003	 2.21896109969651E-0001
 6.61409095263869E+0003	 2.21745004909033E-0001
 6.61409214116178E+0003	 2.21590804530970E-0001
 6.61409332968486E+0003	 2.21433434100400E-0001
 6.61409451820794E+0003	 2.21272820804980E-0001
 6.61409570673103E+0003	 2.21108893749444E-0001
 6.61409689525411E+0003	 2.20941583949378E-0001
 6.61409808377720E+0003	 2.20770824324418E-0001
 6.61409927230028E+0003	 2.20596549690885E-0001
 6.61410046082337E+0003	 2.20418696753871E-0001
 6.61410164934645E+0003	 2.20237204098806E-0001
 6.61410283786953E+0003	 2.20052012182509E-0001
 6.61410402639262E+0003	 2.19863063323740E-0001
 6.61410521491570E+0003	 2.19670301693283E-0001
 6.61410640343879E+0003	 2.19473673303546E-0001
 6.61410759196187E+0003	 2.19273125997728E-0001
 6.61410878048495E+0003	 2.19068609438538E-0001
 6.61410996900804E+0003	 2.18860075096499E-0001
 6.61411115753112E+0003	 2.18647476237836E-0001
 6.61411234605421E+0003	 2.18430767911985E-0001
 6.61411353457729E+0003	 2.18209906938704E-0001
 6.61411472310038E+0003	 2.17984851894825E-0001
 6.61411591162346E+0003	 2.17755563100653E-0001
 6.61411710014654E+0003	 2.17522002606020E-0001
 6.61411828866963E+0003	 2.17284134176008E-0001
 6.61411947719271E+0003	 2.17041923276356E-0001
 6.61412066571580E+0003	 2.16795337058562E-0001
 6.61412185423888E+0003	 2.16544344344688E-0001
 6.61412304276197E+0003	 2.16288915611890E-0001
 6.61412423128505E+0003	 2.16029022976662E-0001
 6.61412541980813E+0003	 2.15764640178836E-0001
 6.61412660833122E+0003	 2.15495742565318E-0001
 6.61412779685430E+0003	 2.15222307073597E-0001
 6.61412898537739E+0003	 2.14944312215014E-0001
 6.61413017390047E+0003	 2.14661738057817E-0001
 6.61413136242356E+0003	 2.14374566210011E-0001
 6.61413255094664E+0003	 2.14082779802001E-0001
 6.61413373946972E+0003	 2.13786363469051E-0001
 6.61413492799281E+0003	 2.13485303333559E-0001
 6.61413611651589E+0003	 2.13179586987162E-0001
 6.61413730503898E+0003	 2.12869203472684E-0001
 6.61413849356206E+0003	 2.12554143265917E-0001
 6.61413968208515E+0003	 2.12234398257275E-0001
 6.61414087060823E+0003	 2.11909961733300E-0001
 6.61414205913131E+0003	 2.11580828358040E-0001
 6.61414324765440E+0003	 2.11246994154317E-0001
 6.61414443617748E+0003	 2.10908456484870E-0001
 6.61414562470057E+0003	 2.10565214033410E-0001
 6.61414681322365E+0003	 2.10217266785563E-0001
 6.61414800174673E+0003	 2.09864616009737E-0001
 6.61414919026982E+0003	 2.09507264237904E-0001
 6.61415037879290E+0003	 2.09145215246307E-0001
 6.61415156731599E+0003	 2.08778474036106E-0001
 6.61415275583907E+0003	 2.08407046813955E-0001
 6.61415394436216E+0003	 2.08030940972542E-0001
 6.61415513288524E+0003	 2.07650165071070E-0001
 6.61415632140832E+0003	 2.07264728815708E-0001
 6.61415750993141E+0003	 2.06874643040009E-0001
 6.61415869845449E+0003	 2.06479919685299E-0001
 6.61415988697758E+0003	 2.06080571781050E-0001
 6.61416107550066E+0003	 2.05676613425245E-0001
 6.61416226402375E+0003	 2.05268059764729E-0001
 6.61416345254683E+0003	 2.04854926975563E-0001
 6.61416464106991E+0003	 2.04437232243387E-0001
 6.61416582959300E+0003	 2.04014993743793E-0001
 6.61416701811608E+0003	 2.03588230622710E-0001
 6.61416820663917E+0003	 2.03156962976823E-0001
 6.61416939516225E+0003	 2.02721211834017E-0001
 6.61417058368534E+0003	 2.02280999133843E-0001
 6.61417177220842E+0003	 2.01836347708049E-0001
 6.61417296073150E+0003	 2.01387281261133E-0001
 6.61417414925459E+0003	 2.00933824350958E-0001
 6.61417533777767E+0003	 2.00476002369422E-0001
 6.61417652630076E+0003	 2.00013841523184E-0001
 6.61417771482384E+0003	 1.99547368814463E-0001
 6.61417890334692E+0003	 1.99076612021897E-0001
 6.61418009187001E+0003	 1.98601599681491E-0001
 6.61418128039309E+0003	 1.98122361067630E-0001
 6.61418246891618E+0003	 1.97638926174191E-0001
 6.61418365743926E+0003	 1.97151325695736E-0001
 6.61418484596235E+0003	 1.96659591008795E-0001
 6.61418603448543E+0003	 1.96163754153259E-0001
 6.61418722300851E+0003	 1.95663847813866E-0001
 6.61418841153160E+0003	 1.95159905301794E-0001
 6.61418960005468E+0003	 1.94651960536374E-0001
 6.61419078857777E+0003	 1.94140048026899E-0001
 6.61419197710085E+0003	 1.93624202854577E-0001
 6.61419316562394E+0003	 1.93104460654580E-0001
 6.61419435414702E+0003	 1.92580857598244E-0001
 6.61419554267010E+0003	 1.92053430375377E-0001
 6.61419673119319E+0003	 1.91522216176719E-0001
 6.61419791971627E+0003	 1.90987252676529E-0001
 6.61419910823936E+0003	 1.90448578015315E-0001
 6.61420029676244E+0003	 1.89906230782709E-0001
 6.61420148528553E+0003	 1.89360250000491E-0001
 6.61420267380861E+0003	 1.88810675105760E-0001
 6.61420386233169E+0003	 1.88257545934266E-0001
 6.61420505085478E+0003	 1.87700902703889E-0001
 6.61420623937786E+0003	 1.87140785998290E-0001
 6.61420742790095E+0003	 1.86577236750715E-0001
 6.61420861642403E+0003	 1.86010296227973E-0001
 6.61420980494712E+0003	 1.85440006014580E-0001
 6.61421099347020E+0003	 1.84866407997071E-0001
 6.61421218199328E+0003	 1.84289544348494E-0001
 6.61421337051637E+0003	 1.83709457513079E-0001
 6.61421455903945E+0003	 1.83126190191078E-0001
 6.61421574756254E+0003	 1.82539785323802E-0001
 6.61421693608562E+0003	 1.81950286078832E-0001
 6.61421812460870E+0003	 1.81357735835420E-0001
 6.61421931313179E+0003	 1.80762178170079E-0001
 6.61422050165487E+0003	 1.80163656842367E-0001
 6.61422169017796E+0003	 1.79562215780859E-0001
 6.61422287870104E+0003	 1.78957899069322E-0001
 6.61422406722413E+0003	 1.78350750933083E-0001
 6.61422525574721E+0003	 1.77740815725596E-0001
 6.61422644427029E+0003	 1.77128137915212E-0001
 6.61422763279338E+0003	 1.76512762072158E-0001
 6.61422882131646E+0003	 1.75894732855711E-0001
 6.61423000983955E+0003	 1.75274095001583E-0001
 6.61423119836263E+0003	 1.74650893309521E-0001
 6.61423238688572E+0003	 1.74025172631107E-0001
 6.61423357540880E+0003	 1.73396977857773E-0001
 6.61423476393188E+0003	 1.72766353909034E-0001
 6.61423595245497E+0003	 1.72133345720929E-0001
 6.61423714097805E+0003	 1.71497998234681E-0001
 6.61423832950114E+0003	 1.70860356385573E-0001
 6.61423951802422E+0003	 1.70220465092039E-0001
 6.61424070654731E+0003	 1.69578369244984E-0001
 6.61424189507039E+0003	 1.68934113697311E-0001
 6.61424308359347E+0003	 1.68287743253679E-0001
 6.61424427211656E+0003	 1.67639302660480E-0001
 6.61424546063964E+0003	 1.66988836596038E-0001
 6.61424664916273E+0003	 1.66336389661036E-0001
 6.61424783768581E+0003	 1.65682006369160E-0001
 6.61424902620889E+0003	 1.65025731137974E-0001
 6.61425021473198E+0003	 1.64367608280023E-0001
 6.61425140325506E+0003	 1.63707681994155E-0001
 6.61425259177815E+0003	 1.63045996357075E-0001
 6.61425378030123E+0003	 1.62382595315124E-0001
 6.61425496882432E+0003	 1.61717522676287E-0001
 6.61425615734740E+0003	 1.61050822102428E-0001
 6.61425734587048E+0003	 1.60382537101752E-0001
 6.61425853439357E+0003	 1.59712711021497E-0001
 6.61425972291665E+0003	 1.59041387040852E-0001
 6.61426091143974E+0003	 1.58368608164104E-0001
 6.61426209996282E+0003	 1.57694417214011E-0001
 6.61426328848591E+0003	 1.57018856825410E-0001
 6.61426447700899E+0003	 1.56341969439037E-0001
 6.61426566553207E+0003	 1.55663797295595E-0001
 6.61426685405516E+0003	 1.54984382430026E-0001
 6.61426804257824E+0003	 1.54303766666031E-0001
 6.61426923110133E+0003	 1.53621991610796E-0001
 6.61427041962441E+0003	 1.52939098649957E-0001
 6.61427160814750E+0003	 1.52255128942781E-0001
 6.61427279667058E+0003	 1.51570123417575E-0001
 6.61427398519366E+0003	 1.50884122767314E-0001
 6.61427517371675E+0003	 1.50197167445488E-0001
 6.61427636223983E+0003	 1.49509297662179E-0001
 6.61427755076292E+0003	 1.48820553380345E-0001
 6.61427873928600E+0003	 1.48130974312329E-0001
 6.61427992780909E+0003	 1.47440599916582E-0001
 6.61428111633217E+0003	 1.46749469394601E-0001
 6.61428230485525E+0003	 1.46057621688077E-0001
 6.61428349337834E+0003	 1.45365095476264E-0001
 6.61428468190142E+0003	 1.44671929173546E-0001
 6.61428587042451E+0003	 1.43978160927216E-0001
 6.61428705894759E+0003	 1.43283828615469E-0001
 6.61428824747067E+0003	 1.42588969845583E-0001
 6.61428943599376E+0003	 1.41893621952318E-0001
 6.61429062451684E+0003	 1.41197821996500E-0001
 6.61429181303993E+0003	 1.40501606763816E-0001
 6.61429300156301E+0003	 1.39805012763789E-0001
 6.61429419008610E+0003	 1.39108076228959E-0001
 6.61429537860918E+0003	 1.38410833114243E-0001
 6.61429656713226E+0003	 1.37713319096483E-0001
 6.61429775565535E+0003	 1.37015569574185E-0001
 6.61429894417843E+0003	 1.36317619667430E-0001
 6.61430013270152E+0003	 1.35619504217964E-0001
 6.61430132122460E+0003	 1.34921257789469E-0001
 6.61430250974769E+0003	 1.34222914667996E-0001
 6.61430369827077E+0003	 1.33524508862569E-0001
 6.61430488679385E+0003	 1.32826074105959E-0001
 6.61430607531694E+0003	 1.32127643855605E-0001
 6.61430726384002E+0003	 1.31429251294708E-0001
 6.61430845236311E+0003	 1.30730929333462E-0001
 6.61430964088619E+0003	 1.30032710610448E-0001
 6.61431082940928E+0003	 1.29334627494161E-0001
 6.61431201793236E+0003	 1.28636712084690E-0001
 6.61431320645544E+0003	 1.27938996215517E-0001
 6.61431439497853E+0003	 1.27241511455474E-0001
 6.61431558350161E+0003	 1.26544289110800E-0001
 6.61431677202470E+0003	 1.25847360227339E-0001
 6.61431796054778E+0003	 1.25150755592855E-0001
 6.61431914907087E+0003	 1.24454505739454E-0001
 6.61432033759395E+0003	 1.23758640946124E-0001
 6.61432152611703E+0003	 1.23063191241372E-0001
 6.61432271464012E+0003	 1.22368186405965E-0001
 6.61432390316320E+0003	 1.21673655975763E-0001
 6.61432509168629E+0003	 1.20979629244648E-0001
 6.61432628020937E+0003	 1.20286135267527E-0001
 6.61432746873245E+0003	 1.19593202863423E-0001
 6.61432865725554E+0003	 1.18900860618637E-0001
 6.61432984577862E+0003	 1.18209136889979E-0001
 6.61433103430171E+0003	 1.17518059808061E-0001
 6.61433222282479E+0003	 1.16827657280650E-0001
 6.61433341134788E+0003	 1.16137956996071E-0001
 6.61433459987096E+0003	 1.15448986426661E-0001
 6.61433578839404E+0003	 1.14760772832263E-0001
 6.61433697691713E+0003	 1.14073343263751E-0001
 6.61433816544021E+0003	 1.13386724566595E-0001
 6.61433935396330E+0003	 1.12700943384440E-0001
 6.61434054248638E+0003	 1.12016026162715E-0001
 6.61434173100947E+0003	 1.11331999152246E-0001
 6.61434291953255E+0003	 1.10648888412881E-0001
 6.61434410805563E+0003	 1.09966719817123E-0001
 6.61434529657872E+0003	 1.09285519053747E-0001
 6.61434648510180E+0003	 1.08605311631420E-0001
 6.61434767362489E+0003	 1.07926122882299E-0001
 6.61434886214797E+0003	 1.07247977965613E-0001
 6.61435005067106E+0003	 1.06570901871220E-0001
 6.61435123919414E+0003	 1.05894919423126E-0001
 6.61435242771722E+0003	 1.05220055282979E-0001
 6.61435361624031E+0003	 1.04546333953510E-0001
 6.61435480476339E+0003	 1.03873779781933E-0001
 6.61435599328648E+0003	 1.03202416963292E-0001
 6.61435718180956E+0003	 1.02532269543748E-0001
 6.61435837033264E+0003	 1.01863361423806E-0001
 6.61435955885573E+0003	 1.01195716361472E-0001
 6.61436074737881E+0003	 1.00529357975337E-0001
 6.61436193590190E+0003	 9.98643097475874E-0002
 6.61436312442498E+0003	 9.92005950269239E-0002
 6.61436431294807E+0003	 9.85382370314057E-0002
 6.61436550147115E+0003	 9.78772588511929E-0002
 6.61436668999423E+0003	 9.72176834511961E-0002
 6.61436787851732E+0003	 9.65595336736280E-0002
 6.61436906704040E+0003	 9.59028322404462E-0002
 6.61437025556349E+0003	 9.52476017556914E-0002
 6.61437144408657E+0003	 9.45938647077099E-0002
 6.61437263260966E+0003	 9.39416434712609E-0002
 6.61437382113274E+0003	 9.32909603095056E-0002
 6.61437500965582E+0003	 9.26418373758704E-0002
 6.61437619817891E+0003	 9.19942967157849E-0002
 6.61437738670199E+0003	 9.13483602682901E-0002
 6.61437857522508E+0003	 9.07040498675133E-0002
 6.61437976374816E+0003	 9.00613872440090E-0002
 6.61438095227125E+0003	 8.94203940259597E-0002
 6.61438214079433E+0003	 8.87810917402378E-0002
 6.61438332931741E+0003	 8.81435018133252E-0002
 6.61438451784050E+0003	 8.75076455720855E-0002
 6.61438570636358E+0003	 8.68735442443946E-0002
 6.61438689488667E+0003	 8.62412189596171E-0002
 6.61438808340975E+0003	 8.56106907489385E-0002
 6.61438927193284E+0003	 8.49819805455431E-0002
 6.61439046045592E+0003	 8.43551091846416E-0002
 6.61439164897900E+0003	 8.37300974033459E-0002
 6.61439283750209E+0003	 8.31069658403901E-0002
 6.61439402602517E+0003	 8.24857350356985E-0002
 6.61439521454826E+0003	 8.18664254297984E-0002
 6.61439640307134E+0003	 8.12490573630816E-0002
 6.61439759159442E+0003	 8.06336510749093E-0002
 6.61439878011751E+0003	 8.00202267025658E-0002
 6.61439996864059E+0003	 7.94088042800587E-0002
 6.61440115716368E+0003	 7.87994037367683E-0002
 6.61440234568676E+0003	 7.81920448959460E-0002
 6.61440353420985E+0003	 7.75867474730627E-0002
 6.61440472273293E+0003	 7.69835310740110E-0002
 6.61440591125601E+0003	 7.63824151931595E-0002
 6.61440709977910E+0003	 7.57834192112652E-0002
 6.61440828830218E+0003	 7.51865623932415E-0002
 6.61440947682527E+0003	 7.45918638857877E-0002
 6.61441066534835E+0003	 7.39993427148822E-0002
 6.61441185387144E+0003	 7.34090177831388E-0002
 6.61441304239452E+0003	 7.28209078670339E-0002
 6.61441423091760E+0003	 7.22350316140042E-0002
 6.61441541944069E+0003	 7.16514075394188E-0002
 6.61441660796377E+0003	 7.10700540234303E-0002
 6.61441779648686E+0003	 7.04909893077067E-0002
 6.61441898500994E+0003	 6.99142314920511E-0002
 6.61442017353303E+0003	 6.93397985309096E-0002
 6.61442136205611E+0003	 6.87677082297711E-0002
 6.61442255057919E+0003	 6.81979782414701E-0002
 6.61442373910228E+0003	 6.76306260623878E-0002
 6.61442492762536E+0003	 6.70656690285612E-0002
 6.61442611614845E+0003	 6.65031243117052E-0002
 6.61442730467153E+0003	 6.59430089151504E-0002
 6.61442849319461E+0003	 6.53853396697029E-0002
 6.61442968171770E+0003	 6.48301332294296E-0002
 6.61443087024078E+0003	 6.42774060673775E-0002
 6.61443205876387E+0003	 6.37271744712283E-0002
 6.61443324728695E+0003	 6.31794545388964E-0002
 6.61443443581004E+0003	 6.26342621740749E-0002
 6.61443562433312E+0003	 6.20916130817340E-0002
 6.61443681285620E+0003	 6.15515227635811E-0002
 6.61443800137929E+0003	 6.10140065134829E-0002
 6.61443918990237E+0003	 6.04790794128607E-0002
 6.61444037842546E+0003	 5.99467563260591E-0002
 6.61444156694854E+0003	 5.94170518957005E-0002
 6.61444275547163E+0003	 5.88899805380250E-0002
 6.61444394399471E+0003	 5.83655564382247E-0002
 6.61444513251779E+0003	 5.78437935457797E-0002
 6.61444632104088E+0003	 5.73247055697970E-0002
 6.61444750956396E+0003	 5.68083059743639E-0002
 6.61444869808705E+0003	 5.62946079739172E-0002
 6.61444988661013E+0003	 5.57836245286366E-0002
 6.61445107513322E+0003	 5.52753683398670E-0002
 6.61445226365630E+0003	 5.47698518455767E-0002
 6.61445345217938E+0003	 5.42670872158562E-0002
 6.61445464070247E+0003	 5.37670863484631E-0002
 6.61445582922555E+0003	 5.32698608644211E-0002
 6.61445701774864E+0003	 5.27754221036740E-0002
 6.61445820627172E+0003	 5.22837811208067E-0002
 6.61445939479481E+0003	 5.17949486808334E-0002
 6.61446058331789E+0003	 5.13089352550593E-0002
 6.61446177184097E+0003	 5.08257510170244E-0002
 6.61446296036406E+0003	 5.03454058385301E-0002
 6.61446414888714E+0003	 4.98679092857564E-0002
 6.61446533741023E+0003	 4.93932706154747E-0002
 6.61446652593331E+0003	 4.89214987713592E-0002
 6.61446771445639E+0003	 4.84526023804037E-0002
 6.61446890297948E+0003	 4.79865897494471E-0002
 6.61447009150256E+0003	 4.75234688618119E-0002
 6.61447128002565E+0003	 4.70632473740625E-0002
 6.61447246854873E+0003	 4.66059326128827E-0002
 6.61447365707182E+0003	 4.61515315720813E-0002
 6.61447484559490E+0003	 4.57000509097270E-0002
 6.61447603411798E+0003	 4.52514969454169E-0002
 6.61447722264107E+0003	 4.48058756576816E-0002
 6.61447841116415E+0003	 4.43631926815317E-0002
 6.61447959968724E+0003	 4.39234533061472E-0002
 6.61448078821032E+0003	 4.34866624727136E-0002
 6.61448197673341E+0003	 4.30528247724085E-0002
 6.61448316525649E+0003	 4.26219444445385E-0002
 6.61448435377957E+0003	 4.21940253748326E-0002
 6.61448554230266E+0003	 4.17690710938911E-0002
 6.61448673082574E+0003	 4.13470847757944E-0002
 6.61448791934883E+0003	 4.09280692368717E-0002
 6.61448910787191E+0003	 4.05120269346338E-0002
 6.61449029639500E+0003	 4.00989599668680E-0002
 6.61449148491808E+0003	 3.96888700709002E-0002
 6.61449267344116E+0003	 3.92817586230227E-0002
 6.61449386196425E+0003	 3.88776266380894E-0002
 6.61449505048733E+0003	 3.84764747692796E-0002
 6.61449623901042E+0003	 3.80783033080304E-0002
 6.61449742753350E+0003	 3.76831121841384E-0002
 6.61449861605658E+0003	 3.72909009660306E-0002
 6.61449980457967E+0003	 3.69016688612041E-0002
 6.61450099310275E+0003	 3.65154147168367E-0002
 6.61450218162584E+0003	 3.61321370205631E-0002
 6.61450337014892E+0003	 3.57518339014229E-0002
 6.61450455867201E+0003	 3.53745031309725E-0002
 6.61450574719509E+0003	 3.50001421245663E-0002
 6.61450693571817E+0003	 3.46287479428011E-0002
 6.61450812424126E+0003	 3.42603172931263E-0002
 6.61450931276434E+0003	 3.38948465316144E-0002
 6.61451050128743E+0003	 3.35323316648958E-0002
 6.61451168981051E+0003	 3.31727683522492E-0002
 6.61451287833360E+0003	 3.28161519078518E-0002
 6.61451406685668E+0003	 3.24624773031834E-0002
 6.61451525537976E+0003	 3.21117391695842E-0002
 6.61451644390285E+0003	 3.17639318009622E-0002
 6.61451763242593E+0003	 3.14190491566497E-0002
 6.61451882094902E+0003	 3.10770848644038E-0002
 6.61452000947210E+0003	 3.07380322235511E-0002
 6.61452119799519E+0003	 3.04018842082703E-0002
 6.61452238651827E+0003	 3.00686334710123E-0002
 6.61452357504135E+0003	 2.97382723460540E-0002
 6.61452476356444E+0003	 2.94107928531811E-0002
 6.61452595208752E+0003	 2.90861867014990E-0002
 6.61452714061061E+0003	 2.87644452933658E-0002
 6.61452832913369E+0003	 2.84455597284456E-0002
 6.61452951765678E+0003	 2.81295208078779E-0002
 6.61453070617986E+0003	 2.78163190385590E-0002
 6.61453189470294E+0003	 2.75059446375322E-0002
 6.61453308322603E+0003	 2.71983875364822E-0002
 6.61453427174911E+0003	 2.68936373863305E-0002
 6.61453546027220E+0003	 2.65916835619272E-0002
 6.61453664879528E+0003	 2.62925151668356E-0002
 6.61453783731836E+0003	 2.59961210382046E-0002
 6.61453902584145E+0003	 2.57024897517264E-0002
 6.61454021436453E+0003	 2.54116096266729E-0002
 6.61454140288762E+0003	 2.51234687310097E-0002
 6.61454259141070E+0003	 2.48380548865797E-0002
 6.61454377993379E+0003	 2.45553556743556E-0002
 6.61454496845687E+0003	 2.42753584397543E-0002
 6.61454615697995E+0003	 2.39980502980110E-0002
 6.61454734550304E+0003	 2.37234181396068E-0002
 6.61454853402612E+0003	 2.34514486357467E-0002
 6.61454972254921E+0003	 2.31821282438838E-0002
 6.61455091107229E+0003	 2.29154432132846E-0002
 6.61455209959538E+0003	 2.26513795906314E-0002
 6.61455328811846E+0003	 2.23899232256581E-0002
 6.61455447664154E+0003	 2.21310597768145E-0002
 6.61455566516463E+0003	 2.18747747169554E-0002
 6.61455685368771E+0003	 2.16210533390498E-0002
 6.61455804221080E+0003	 2.13698807619069E-0002
 6.61455923073388E+0003	 2.11212419359137E-0002
 6.61456041925697E+0003	 2.08751216487813E-0002
 6.61456160778005E+0003	 2.06315045312955E-0002
 6.61456279630313E+0003	 2.03903750630670E-0002
 6.61456398482622E+0003	 2.01517175782791E-0002
 6.61456517334930E+0003	 1.99155162714272E-0002
 6.61456636187239E+0003	 1.96817552030478E-0002
 6.61456755039547E+0003	 1.94504183054322E-0002
 6.61456873891856E+0003	 1.92214893883228E-0002
 6.61456992744164E+0003	 1.89949521445864E-0002
 6.61457111596472E+0003	 1.87707901558631E-0002
 6.61457230448781E+0003	 1.85489868981868E-0002
 6.61457349301089E+0003	 1.83295257475724E-0002
 6.61457468153398E+0003	 1.81123899855696E-0002
 6.61457587005706E+0003	 1.78975628047776E-0002
 6.61457705858014E+0003	 1.76850273143186E-0002
 6.61457824710323E+0003	 1.74747665452679E-0002
 6.61457943562631E+0003	 1.72667634560359E-0002
 6.61458062414940E+0003	 1.70610009377014E-0002
 6.61458181267248E+0003	 1.68574618192925E-0002
 6.61458300119557E+0003	 1.66561288730119E-0002
 6.61458418971865E+0003	 1.64569848194058E-0002
 6.61458537824173E+0003	 1.62600123324722E-0002
 6.61458656676482E+0003	 1.60651940447084E-0002
 6.61458775528790E+0003	 1.58725125520933E-0002
 6.61458894381099E+0003	 1.56819504190044E-0002
 6.61459013233407E+0003	 1.54934901830663E-0002
 6.61459132085716E+0003	 1.53071143599290E-0002
 6.61459250938024E+0003	 1.51228054479753E-0002
 6.61459369790332E+0003	 1.49405459329542E-0002
 6.61459488642641E+0003	 1.47603182925393E-0002
 6.61459607494949E+0003	 1.45821050008111E-0002
 6.61459726347258E+0003	 1.44058885326614E-0002
 6.61459845199566E+0003	 1.42316513681189E-0002
 6.61459964051875E+0003	 1.40593759965942E-0002
 6.61460082904183E+0003	 1.38890449210434E-0002
 6.61460201756491E+0003	 1.37206406620502E-0002
 6.61460320608800E+0003	 1.35541457618239E-0002
 6.61460439461108E+0003	 1.33895427881139E-0002
 6.61460558313417E+0003	 1.32268143380395E-0002
 6.61460677165725E+0003	 1.30659430418340E-0002
 6.61460796018033E+0003	 1.29069115665037E-0002
 6.61460914870342E+0003	 1.27497026193994E-0002
 6.61461033722650E+0003	 1.25942989517027E-0002
 6.61461152574959E+0003	 1.24406833618240E-0002
 6.61461271427267E+0003	 1.22888386987138E-0002
 6.61461390279576E+0003	 1.21387478650873E-0002
 6.61461509131884E+0003	 1.19903938205606E-0002
 6.61461627984192E+0003	 1.18437595847004E-0002
 6.61461746836501E+0003	 1.16988282399860E-0002
 6.61461865688809E+0003	 1.15555829346845E-0002
 6.61461984541118E+0003	 1.14140068856389E-0002
 6.61462103393426E+0003	 1.12740833809702E-0002
 6.61462222245735E+0003	 1.11357957826926E-0002
 6.61462341098043E+0003	 1.09991275292438E-0002
 6.61462459950351E+0003	 1.08640621379296E-0002
 6.61462578802660E+0003	 1.07305832072836E-0002
 6.61462697654968E+0003	 1.05986744193438E-0002
 6.61462816507277E+0003	 1.04683195418442E-0002
 6.61462935359585E+0003	 1.03395024303259E-0002
 6.61463054211894E+0003	 1.02122070301638E-0002
 6.61463173064202E+0003	 1.00864173785143E-0002
 6.61463291916510E+0003	 9.96211760618145E-0003
 6.61463410768819E+0003	 9.83929193940429E-0003
 6.61463529621127E+0003	 9.71792470156558E-0003
 6.61463648473436E+0003	 9.59800031482312E-0003
 6.61463767325744E+0003	 9.47950330166460E-0003
 6.61463886178053E+0003	 9.36241828638720E-0003
 6.61464005030361E+0003	 9.24672999650269E-0003
 6.61464123882669E+0003	 9.13242326406952E-0003
 6.61464242734978E+0003	 9.01948302695256E-0003
 6.61464361587286E+0003	 8.90789433001241E-0003
 6.61464480439595E+0003	 8.79764232622460E-0003
 6.61464599291903E+0003	 8.68871227773047E-0003
 6.61464718144211E+0003	 8.58108955682076E-0003
 6.61464836996520E+0003	 8.47475964685325E-0003
 6.61464955848828E+0003	 8.36970814310557E-0003
 6.61465074701137E+0003	 8.26592075356458E-0003
 6.61465193553445E+0003	 8.16338329965363E-0003
 6.61465312405754E+0003	 8.06208171689892E-0003
 6.61465431258062E+0003	 7.96200205553635E-0003
 6.61465550110370E+0003	 7.86313048106011E-0003
 6.61465668962679E+0003	 7.76545327471444E-0003
 6.61465787814987E+0003	 7.66895683392980E-0003
 6.61465906667296E+0003	 7.57362767270480E-0003
 6.61466025519604E+0003	 7.47945242193541E-0003
 6.61466144371913E+0003	 7.38641782969239E-0003
 6.61466263224221E+0003	 7.29451076144885E-0003
 6.61466382076529E+0003	 7.20371820025861E-0003
 6.61466500928838E+0003	 7.11402724688741E-0003
 6.61466619781146E+0003	 7.02542511989764E-0003
 6.61466738633455E+0003	 6.93789915568838E-0003
 6.61466857485763E+0003	 6.85143680849190E-0003
 6.61466976338072E+0003	 6.76602565032785E-0003
 6.61467095190380E+0003	 6.68165337091660E-0003
 6.61467214042688E+0003	 6.59830777755293E-0003
 6.61467332894997E+0003	 6.51597679494141E-0003
 6.61467451747305E+0003	 6.43464846499466E-0003
 6.61467570599614E+0003	 6.35431094659569E-0003
 6.61467689451922E+0003	 6.27495251532597E-0003
 6.61467808304230E+0003	 6.19656156315981E-0003
 6.61467927156539E+0003	 6.11912659812683E-0003
 6.61468046008847E+0003	 6.04263624394341E-0003
 6.61468164861156E+0003	 5.96707923961447E-0003
 6.61468283713464E+0003	 5.89244443900653E-0003
 6.61468402565773E+0003	 5.81872081039358E-0003
 6.61468521418081E+0003	 5.74589743597640E-0003
 6.61468640270389E+0003	 5.67396351137695E-0003
 6.61468759122698E+0003	 5.60290834510843E-0003
 6.61468877975006E+0003	 5.53272135802258E-0003
 6.61468996827315E+0003	 5.46339208273488E-0003
 6.61469115679623E+0003	 5.39491016302895E-0003
 6.61469234531932E+0003	 5.32726535324094E-0003
 6.61469353384240E+0003	 5.26044751762523E-0003
 6.61469472236548E+0003	 5.19444662970203E-0003
 6.61469591088857E+0003	 5.12925277158818E-0003
 6.61469709941165E+0003	 5.06485613331191E-0003
 6.61469828793474E+0003	 5.00124701211246E-0003
 6.61469947645782E+0003	 4.93841581172561E-0003
 6.61470066498091E+0003	 4.87635304165582E-0003
 6.61470185350399E+0003	 4.81504931643595E-0003
 6.61470304202707E+0003	 4.75449535487540E-0003
 6.61470423055016E+0003	 4.69468197929738E-0003
 6.61470541907324E+0003	 4.63560011476618E-0003
 6.61470660759633E+0003	 4.57724078830525E-0003
 6.61470779611941E+0003	 4.51959512810676E-0003
 6.61470898464250E+0003	 4.46265436273341E-0003
 6.61471017316558E+0003	 4.40640982031316E-0003
 6.61471136168866E+0003	 4.35085292772772E-0003
 6.61471255021175E+0003	 4.29597520979519E-0003
 6.61471373873483E+0003	 4.24176828844778E-0003
 6.61471492725792E+0003	 4.18822388190513E-0003
 6.61471611578100E+0003	 4.13533380384376E-0003
 6.61471730430408E+0003	 4.08308996256334E-0003
 6.61471849282717E+0003	 4.03148436015037E-0003
 6.61471968135025E+0003	 3.98050909163971E-0003
 6.61472086987334E+0003	 3.93015634417463E-0003
 6.61472205839642E+0003	 3.88041839616571E-0003
 6.61472324691951E+0003	 3.83128761644932E-0003
 6.61472443544259E+0003	 3.78275646344592E-0003
 6.61472562396567E+0003	 3.73481748431883E-0003
 6.61472681248876E+0003	 3.68746331413380E-0003
 6.61472800101184E+0003	 3.64068667501981E-0003
 6.61472918953493E+0003	 3.59448037533153E-0003
 6.61473037805801E+0003	 3.54883730881390E-0003
 6.61473156658110E+0003	 3.50375045376897E-0003
 6.61473275510418E+0003	 3.45921287222569E-0003
 6.61473394362726E+0003	 3.41521770911265E-0003
 6.61473513215035E+0003	 3.37175819143437E-0003
 6.61473632067343E+0003	 3.32882762745126E-0003
 6.61473750919652E+0003	 3.28641940586362E-0003
 6.61473869771960E+0003	 3.24452699499995E-0003
 6.61473988624269E+0003	 3.20314394200985E-0003
 6.61474107476577E+0003	 3.16226387206167E-0003
 6.61474226328885E+0003	 3.12188048754530E-0003
 6.61474345181194E+0003	 3.08198756728011E-0003
 6.61474464033502E+0003	 3.04257896572844E-0003
 6.61474582885811E+0003	 3.00364861221476E-0003
 6.61474701738119E+0003	 2.96519051015058E-0003
 6.61474820590427E+0003	 2.92719873626545E-0003
 6.61474939442736E+0003	 2.88966743984408E-0003
 6.61475058295044E+0003	 2.85259084196977E-0003
 6.61475177147353E+0003	 2.81596323477422E-0003
 6.61475295999661E+0003	 2.77977898069399E-0003
 6.61475414851970E+0003	 2.74403251173347E-0003
 6.61475533704278E+0003	 2.70871832873469E-0003
 6.61475652556586E+0003	 2.67383100065395E-0003
 6.61475771408895E+0003	 2.63936516384528E-0003
 6.61475890261203E+0003	 2.60531552135097E-0003
 6.61476009113512E+0003	 2.57167684219898E-0003
 6.61476127965820E+0003	 2.53844396070754E-0003
 6.61476246818129E+0003	 2.50561177579676E-0003
 6.61476365670437E+0003	 2.47317525030739E-0003
 6.61476484522745E+0003	 2.44112941032665E-0003
 6.61476603375054E+0003	 2.40946934452132E-0003
 6.61476722227362E+0003	 2.37819020347781E-0003
 6.61476841079671E+0003	 2.34728719904947E-0003
 6.61476959931979E+0003	 2.31675560371099E-0003
 6.61477078784288E+0003	 2.28659074991978E-0003
 6.61477197636596E+0003	 2.25678802948456E-0003
 6.61477316488904E+0003	 2.22734289294083E-0003
 6.61477435341213E+0003	 2.19825084893332E-0003
 6.61477554193521E+0003	 2.16950746360540E-0003
 6.61477673045830E+0003	 2.14110835999529E-0003
 6.61477791898138E+0003	 2.11304921743906E-0003
 6.61477910750447E+0003	 2.08532577098033E-0003
 6.61478029602755E+0003	 2.05793381078660E-0003
 6.61478148455063E+0003	 2.03086918157215E-0003
 6.61478267307372E+0003	 2.00412778202735E-0003
 6.61478386159680E+0003	 1.97770556425438E-0003
 6.61478505011989E+0003	 1.95159853320916E-0003
 6.61478623864297E+0003	 1.92580274614955E-0003
 6.61478742716605E+0003	 1.90031431208942E-0003
 6.61478861568914E+0003	 1.87512939125888E-0003
 6.61478980421222E+0003	 1.85024419457019E-0003
 6.61479099273531E+0003	 1.82565498308943E-0003
 6.61479218125839E+0003	 1.80135806751377E-0003
 6.61479336978148E+0003	 1.77734980765421E-0003
 6.61479455830456E+0003	 1.75362661192364E-0003
 6.61479574682764E+0003	 1.73018493683012E-0003
 6.61479693535073E+0003	 1.70702128647528E-0003
 6.61479812387381E+0003	 1.68413221205759E-0003
 6.61479931239690E+0003	 1.66151431138050E-0003
 6.61480050091998E+0003	 1.63916422836528E-0003
 6.61480168944307E+0003	 1.61707865256829E-0003
 6.61480287796615E+0003	 1.59525431870278E-0003
 6.61480406648923E+0003	 1.57368800616485E-0003
 6.61480525501232E+0003	 1.55237653856359E-0003
 6.61480644353540E+0003	 1.53131678325513E-0003
 6.61480763205849E+0003	 1.51050565088062E-0003
 6.61480882058157E+0003	 1.48994009490783E-0003
 6.61481000910466E+0003	 1.46961711117630E-0003
 6.61481119762774E+0003	 1.44953373744598E-0003
 6.61481238615082E+0003	 1.42968705294905E-0003
 6.61481357467391E+0003	 1.41007417794496E-0003
 6.61481476319699E+0003	 1.39069227327840E-0003
 6.61481595172008E+0003	 1.37153853994016E-0003
 6.61481714024316E+0003	 1.35261021863074E-0003
 6.61481832876625E+0003	 1.33390458932654E-0003
 6.61481951728933E+0003	 1.31541897084849E-0003
 6.61482070581241E+0003	 1.29715072043302E-0003
 6.61482189433550E+0003	 1.27909723330532E-0003
 6.61482308285858E+0003	 1.26125594225455E-0003
 6.61482427138167E+0003	 1.24362431721117E-0003
 6.61482545990475E+0003	 1.22619986482597E-0003
 6.61482664842783E+0003	 1.20898012805095E-0003
 6.61482783695092E+0003	 1.19196268572174E-0003
 6.61482902547400E+0003	 1.17514515214163E-0003
 6.61483021399709E+0003	 1.15852517666692E-0003
 6.61483140252017E+0003	 1.14210044329359E-0003
 6.61483259104326E+0003	 1.12586867024530E-0003
 6.61483377956634E+0003	 1.10982760956233E-0003
 6.61483496808942E+0003	 1.09397504669173E-0003
 6.61483615661251E+0003	 1.07830880007830E-0003
 6.61483734513559E+0003	 1.06282672075651E-0003
 6.61483853365868E+0003	 1.04752669194319E-0003
 6.61483972218176E+0003	 1.03240662863095E-0003
 6.61484091070485E+0003	 1.01746447718232E-0003
 6.61484209922793E+0003	 1.00269821492438E-0003
 6.61484328775101E+0003	 9.88105849744093E-0004
 6.61484447627410E+0003	 9.73685419683972E-0004
 6.61484566479718E+0003	 9.59434992538374E-0004
 6.61484685332027E+0003	 9.45352665450091E-0004
 6.61484804184335E+0003	 9.31436564507382E-0004
 6.61484923036644E+0003	 9.17684844341350E-0004
 6.61485041888952E+0003	 9.04095687723661E-0004
 6.61485160741260E+0003	 8.90667305164577E-0004
 6.61485279593569E+0003	 8.77397934511306E-0004
 6.61485398445877E+0003	 8.64285840546643E-0004
 6.61485517298186E+0003	 8.51329314587925E-0004
 6.61485636150494E+0003	 8.38526674086286E-0004
 6.61485755002802E+0003	 8.25876262226236E-0004
 6.61485873855111E+0003	 8.13376447525574E-0004
 6.61485992707419E+0003	 8.01025623435659E-0004
 6.61486111559728E+0003	 7.88822207942067E-0004
 6.61486230412036E+0003	 7.76764643165669E-0004
 6.61486349264345E+0003	 7.64851394964154E-0004
 6.61486468116653E+0003	 7.53080952534077E-0004
 6.61486586968961E+0003	 7.41451828013429E-0004
 6.61486705821270E+0003	 7.29962556084831E-0004
 6.61486824673578E+0003	 7.18611693579388E-0004
 6.61486943525887E+0003	 7.07397819081258E-0004
 6.61487062378195E+0003	 6.96319532533040E-0004
 6.61487181230504E+0003	 6.85375454842011E-0004
 6.61487300082812E+0003	 6.74564227487331E-0004
 6.61487418935120E+0003	 6.63884512128266E-0004
 6.61487537787429E+0003	 6.53334990213543E-0004
 6.61487656639737E+0003	 6.42914362591909E-0004
 6.61487775492046E+0003	 6.32621349124003E-0004
 6.61487894344354E+0003	 6.22454688295633E-0004
 6.61488013196663E+0003	 6.12413136832564E-0004
 6.61488132048971E+0003	 6.02495469316925E-0004
 6.61488250901279E+0003	 5.92700477805344E-0004
 6.61488369753588E+0003	 5.83026971448926E-0004
 6.61488488605896E+0003	 5.73473776115182E-0004
 6.61488607458205E+0003	 5.64039734012051E-0004
 6.61488726310513E+0003	 5.54723703314105E-0004
 6.61488845162822E+0003	 5.45524557791085E-0004
 6.61488964015130E+0003	 5.36441186438888E-0004
 6.61489082867438E+0003	 5.27472493113133E-0004
 6.61489201719747E+0003	 5.18617396165426E-0004
 6.61489320572055E+0003	 5.09874828082477E-0004
 6.61489439424364E+0003	 5.01243735128182E-0004
 6.61489558276672E+0003	 4.92723076988807E-0004
 6.61489677128980E+0003	 4.84311826421423E-0004
 6.61489795981289E+0003	 4.76008968905705E-0004
 6.61489914833597E+0003	 4.67813502299246E-0004
 6.61490033685906E+0003	 4.59724436496516E-0004
 6.61490152538214E+0003	 4.51740793091598E-0004
 6.61490271390523E+0003	 4.43861605044844E-0004
 6.61490390242831E+0003	 4.36085916353573E-0004
 6.61490509095139E+0003	 4.28412781726947E-0004
 6.61490627947448E+0003	 4.20841266265176E-0004
 6.61490746799756E+0003	 4.13370445143145E-0004
 6.61490865652065E+0003	 4.05999403298625E-0004
 6.61490984504373E+0003	 3.98727235125174E-0004
 6.61491103356682E+0003	 3.91553044169870E-0004
 6.61491222208990E+0003	 3.84475942835979E-0004
 6.61491341061298E+0003	 3.77495052090690E-0004
 6.61491459913607E+0003	 3.70609501178028E-0004
 6.61491578765915E+0003	 3.63818427337068E-0004
 6.61491697618224E+0003	 3.57120975525545E-0004
 6.61491816470532E+0003	 3.50516298148983E-0004
 6.61491935322841E+0003	 3.44003554795427E-0004
 6.61492054175149E+0003	 3.37581911975905E-0004
 6.61492173027457E+0003	 3.31250542870690E-0004
 6.61492291879766E+0003	 3.25008627081460E-0004
 6.61492410732074E+0003	 3.18855350389454E-0004
 6.61492529584383E+0003	 3.12789904519693E-0004
 6.61492648436691E+0003	 3.06811486911347E-0004
 6.61492767288999E+0003	 3.00919300494330E-0004
 6.61492886141308E+0003	 2.95112553472170E-0004
 6.61493004993616E+0003	 2.89390459111245E-0004
 6.61493123845925E+0003	 2.83752235536412E-0004
 6.61493242698233E+0003	 2.78197105533106E-0004
 6.61493361550542E+0003	 2.72724296355939E-0004
 6.61493480402850E+0003	 2.67333039543850E-0004
 6.61493599255158E+0003	 2.62022570741836E-0004
 6.61493718107467E+0003	 2.56792129529288E-0004
 6.61493836959775E+0003	 2.51640959254975E-0004
 6.61493955812084E+0003	 2.46568306878670E-0004
 6.61494074664392E+0003	 2.41573422819440E-0004
 6.61494193516701E+0003	 2.36655560810616E-0004
 6.61494312369009E+0003	 2.31813977761422E-0004
 6.61494431221317E+0003	 2.27047933625275E-0004
 6.61494550073626E+0003	 2.22356691274735E-0004
 6.61494668925934E+0003	 2.17739516383082E-0004
 6.61494787778243E+0003	 2.13195677312513E-0004
 6.61494906630551E+0003	 2.08724445008910E-0004
 6.61495025482860E+0003	 2.04325092903150E-0004
 6.61495144335168E+0003	 1.99996896818919E-0004
 6.61495263187476E+0003	 1.95739134886978E-0004
 6.61495382039785E+0003	 1.91551087465825E-0004
 6.61495500892093E+0003	 1.87432037068695E-0004
 6.61495619744402E+0003	 1.83381268296839E-0004
 6.61495738596710E+0003	 1.79398067779002E-0004
 6.61495857449019E+0003	 1.75481724117027E-0004
 6.61495976301327E+0003	 1.71631527837505E-0004
 6.61496095153635E+0003	 1.67846771349386E-0004
 6.61496214005944E+0003	 1.64126748907452E-0004
 6.61496332858252E+0003	 1.60470756581563E-0004
 6.61496451710561E+0003	 1.56878092231567E-0004
 6.61496570562869E+0003	 1.53348055487777E-0004
 6.61496689415177E+0003	 1.49879947736887E-0004
 6.61496808267486E+0003	 1.46473072113240E-0004
 6.61496927119794E+0003	 1.43126733495292E-0004
 6.61497045972103E+0003	 1.39840238507179E-0004
 6.61497164824411E+0003	 1.36612895525247E-0004
