-1.051551049745095945e+00 1.137949455713654245e+01
-1.044489002712943648e+00 1.294125837244418875e+01
-1.037426955680791352e+00 1.470405763516552611e+01
-1.030364908648639055e+00 1.669182010639051583e+01
-1.023302861616487203e+00 1.893105034772219142e+01
-1.016240814584334906e+00 2.145107158296602634e+01
-1.009178767552182610e+00 2.428428583733153800e+01
-1.002116720520030313e+00 2.746645321088431402e+01
-9.950546734878784605e-01 3.103699112009689642e+01
-9.879926264557261639e-01 3.503929430868596739e+01
-9.809305794235738674e-01 3.952107638551746049e+01
-9.738685323914215708e-01 4.453473359227105988e+01
-9.668064853592697183e-01 5.013773143579341962e+01
-9.597444383271174217e-01 5.639301473871639558e+01
-9.526823912949651252e-01 6.336944156602466904e+01
-9.456203442628128286e-01 7.114224137398298353e+01
-9.385582972306609761e-01 7.979349760030744676e+01
-9.314962501985086796e-01 8.941265476999011241e+01
-9.244342031663563830e-01 1.000970500290499956e+02
-9.173721561342040864e-01 1.119524688382023783e+02
-9.103101091020522340e-01 1.250937243595157753e+02
-9.032480620698999374e-01 1.396452598513683370e+02
-8.961860150377476408e-01 1.557417731502516745e+02
-8.891239680055957884e-01 1.735288620623744293e+02
-8.820619209734434918e-01 1.931636892137894677e+02
-8.749998739412911952e-01 2.148156646155118494e+02
-8.679378269091388987e-01 2.386671438906024889e+02
-8.608757798769870462e-01 2.649141397844044832e+02
-8.538137328448347496e-01 2.937670442385176557e+02
-8.467516858126824530e-01 3.254513579551406224e+02
-8.396896387805301565e-01 3.602084240132254536e+02
-8.326275917483783040e-01 3.982961617235025642e+02
-8.255655447162260074e-01 4.399897965286329509e+02
-8.185034976840737109e-01 4.855825813702203391e+02
-8.114414506519214143e-01 5.353865045596182881e+02
-8.043794036197695618e-01 5.897329788076136765e+02
-7.973173565876172653e-01 6.489735056933141095e+02
-7.902553095554649687e-01 7.134803094886756298e+02
-7.831932625233126721e-01 7.836469339068522686e+02
-7.761312154911608197e-01 8.598887950139958321e+02
-7.690691684590085231e-01 9.426436832406456006e+02
-7.620071214268562265e-01 1.032372207154767011e+03
-7.549450743947039300e-01 1.129558171419545943e+03
-7.478830273625520775e-01 1.234708881159544944e+03
-7.408209803303997809e-01 1.348355364804667033e+03
-7.337589332982474843e-01 1.471052507376825361e+03
-7.266968862660951878e-01 1.603379086135072384e+03
-7.196348392339433353e-01 1.745937700504870463e+03
-7.125727922017910387e-01 1.899354588291682376e+03
-7.055107451696387422e-01 2.064279320321284104e+03
-6.984486981374868897e-01 2.241384365863798394e+03
-6.913866511053345931e-01 2.431364521487621914e+03
-6.843246040731822966e-01 2.634936196356406072e+03
-6.772625570410300000e-01 2.852836547429300481e+03
-6.702005100088781475e-01 3.085822458551960153e+03
-6.631384629767258510e-01 3.334669358035364439e+03
-6.560764159445735544e-01 3.600169870009358419e+03
-6.490143689124212578e-01 3.883132295608795175e+03
-6.419523218802694053e-01 4.184378920897818716e+03
-6.348902748481171088e-01 4.504744149361491509e+03
-6.278282278159648122e-01 4.845072457787510757e+03
-6.207661807838125156e-01 5.206216175421529442e+03
-6.137041337516606632e-01 5.589033087399093347e+03
-6.066420867195083666e-01 5.994383864631148754e+03
-5.995800396873560700e-01 6.423129323538419158e+03
-5.925179926552037735e-01 6.876127520286719118e+03
-5.854559456230519210e-01 7.354230685457827349e+03
-5.783938985908996244e-01 7.858282006392411859e+03
-5.713318515587473279e-01 8.389112265748313803e+03
-5.642698045265950313e-01 8.947536346122227769e+03
-5.572077574944431788e-01 9.534349611869014552e+03
-5.501457104622908822e-01 1.015032418051350760e+04
-5.430836634301385857e-01 1.079620509736822532e+04
-5.360216163979862891e-01 1.147270642813968334e+04
-5.289595693658344366e-01 1.218050728540864293e+04
-5.218975223336821401e-01 1.292024780589931288e+04
-5.148354753015298435e-01 1.369252509639382697e+04
-5.077734282693779910e-01 1.449788916699490619e+04
-5.007113812372256945e-01 1.533683887117700397e+04
-4.936493342050733979e-01 1.620981787268898734e+04
-4.865872871729211013e-01 1.711721065987208203e+04
-4.795252401407692489e-01 1.805933862832378145e+04
-4.724631931086169523e-01 1.903645625307306545e+04
-4.654011460764646557e-01 2.004874737152310627e+04
-4.583390990443123592e-01 2.109632159836954088e+04
-4.512770520121605067e-01 2.217921089350508919e+04
-4.442150049800082101e-01 2.329736630358361072e+04
-4.371529579478559135e-01 2.445065489743171202e+04
-4.300909109157036170e-01 2.563885691487571603e+04
-4.230288638835517645e-01 2.686166314778989181e+04
-4.159668168513994679e-01 2.811867257128452547e+04
-4.089047698192471714e-01 2.940939024193723526e+04
-4.018427227870948748e-01 3.073322547884529195e+04
-3.947806757549430223e-01 3.208949034203952760e+04
-3.877186287227907258e-01 3.347739842147169838e+04
-3.806565816906384292e-01 3.489606394836938125e+04
-3.735945346584861326e-01 3.634450123926531523e+04
-3.665324876263342802e-01 3.782162448145460075e+04
-3.594704405941819836e-01 3.932624786703487916e+04
-3.524083935620296870e-01 4.085708608104455925e+04
-3.453463465298778345e-01 4.241275514755650511e+04
-3.382842994977255380e-01 4.399177363590869209e+04
-3.312222524655732414e-01 4.559256422757979453e+04
-3.241602054334209448e-01 4.721345564255920181e+04
-3.170981584012690924e-01 4.885268492241918284e+04
-3.100361113691167958e-01 5.050840006569359684e+04
-3.029740643369644992e-01 5.217866300960171793e+04
-2.959120173048122027e-01 5.386145295064774837e+04
-2.888499702726603502e-01 5.555466999516898068e+04
-2.817879232405080536e-01 5.725613912952165265e+04
-2.747258762083557571e-01 5.896361449827332399e+04
-2.676638291762034605e-01 6.067478397753422178e+04
-2.606017821440516080e-01 6.238727402939541935e+04
-2.535397351118993114e-01 6.409865482236561365e+04
-2.464776880797470149e-01 6.580644560170176555e+04
-2.394156410475947183e-01 6.750812029262354190e+04
-2.323535940154428658e-01 6.920111331857433834e+04
-2.252915469832905693e-01 7.088282561595733569e+04
-2.182294999511382727e-01 7.255063082611843129e+04
-2.111674529189859761e-01 7.420188164478009276e+04
-2.041054058868341237e-01 7.583391630863906175e+04
-1.970433588546818271e-01 7.744406519843106798e+04
-1.899813118225295305e-01 7.902965753742975357e+04
-1.829192647903772340e-01 8.058802816409170919e+04
-1.758572177582253815e-01 8.211652435736602638e+04
-1.687951707260730849e-01 8.361251269307213079e+04
-1.617331236939207884e-01 8.507338590969408688e+04
-1.546710766617689359e-01 8.649656976195452444e+04
-1.476090296296166393e-01 8.787952984060422750e+04
-1.405469825974643427e-01 8.921977833699659095e+04
-1.334849355653120462e-01 9.051488073121264460e+04
-1.264228885331601937e-01 9.176246238274771895e+04
-1.193608415010078971e-01 9.296021500307942915e+04
-1.122987944688556006e-01 9.410590298979036743e+04
-1.052367474367033040e-01 9.519736960233454010e+04
-9.817470040455145153e-02 9.623254295999460737e+04
-9.111265337239915496e-02 9.720944184309038974e+04
-8.405060634024685839e-02 9.812618127905907750e+04
-7.698855930809456183e-02 9.898097789563561673e+04
-6.992651227594270935e-02 9.977215502401655249e+04
-6.286446524379041279e-02 1.004981475355873263e+05
-5.580241821163811622e-02 1.011575063965373993e+05
-4.874037117948581965e-02 1.017489029254703928e+05
-4.167832414733396718e-02 1.022711327399392176e+05
-3.461627711518167061e-02 1.027231193786991789e+05
-2.755423008302937404e-02 1.031039175873684726e+05
-2.049218305087707748e-02 1.034127162561172881e+05
-1.343013601872522500e-02 1.036488409989703359e+05
-6.368088986572928434e-03 1.038117563653003308e+05
6.939580455793681324e-04 1.039010676751094288e+05
7.756005077731664699e-03 1.039165224707426387e+05
1.481805210988351718e-02 1.038580115787451068e+05
2.188009914203581374e-02 1.037255697766650701e+05
2.894214617418811031e-02 1.035193760607144359e+05
3.600419320633996279e-02 1.032397535113254562e+05
4.306624023849225935e-02 1.028871687547861657e+05
5.012828727064455592e-02 1.024622310202952503e+05
5.719033430279685248e-02 1.019656907929500303e+05
6.425238133494870496e-02 1.013984380643658369e+05
7.131442836710100153e-02 1.007615001838234166e+05
7.837647539925329809e-02 1.000560393140503147e+05
8.543852243140559466e-02 9.928334949696015974e+04
9.250056946355744714e-02 9.844485333590663504e+04
9.956261649570974370e-02 9.754209830224509642e+04
1.066246635278620403e-01 9.657675267524553055e+04
1.136867105600143368e-01 9.555060112565259624e+04
1.207487575921661893e-01 9.446553995445101464e+04
1.278108046243184859e-01 9.332357199965683685e+04
1.348728516564707824e-01 9.212680122522171587e+04
1.419348986886230790e-01 9.087742700739708380e+04
1.489969457207749315e-01 8.957773813516415248e+04
1.560589927529272281e-01 8.823010654257818533e+04
1.631210397850795246e-01 8.683698079210596916e+04
1.701830868172318212e-01 8.540087932923910557e+04
1.772451338493836737e-01 8.392438352984204539e+04
1.843071808815359702e-01 8.241013056282955222e+04
1.913692279136882668e-01 8.086080609185973299e+04
1.984312749458401193e-01 7.927913684075749188e+04
2.054933219779924158e-01 7.766788304835147574e+04
2.125553690101447124e-01 7.602983083929365966e+04
2.196174160422970090e-01 7.436778453822595475e+04
2.266794630744488614e-01 7.268455895535639138e+04
2.337415101066016021e-01 7.098297167208947940e+04
2.408035571387534546e-01 6.926583535581659817e+04
2.478656041709053071e-01 6.753595013329047651e+04
2.549276512030580477e-01 6.579609605219376681e+04
2.619896982352099002e-01 6.404902566052751354e+04
2.690517452673617527e-01 6.229745673330240970e+04
2.761137922995144933e-01 6.054406517570701544e+04
2.831758393316663458e-01 5.879147813142787345e+04
2.902378863638190865e-01 5.704226732411971170e+04
2.972999333959709389e-01 5.529894265916983568e+04
3.043619804281227914e-01 5.356394611183919915e+04
3.114240274602755321e-01 5.183964592664065276e+04
3.184860744924273845e-01 5.012833115139033180e+04
3.255481215245792370e-01 4.843220652777387295e+04
3.326101685567319777e-01 4.675338775851335959e+04
3.396722155888838302e-01 4.509389716929118003e+04
3.467342626210365708e-01 4.345565978151848685e+04
3.537963096531884233e-01 4.184049980983904970e+04
3.608583566853402758e-01 4.025013759592812858e+04
3.679204037174930164e-01 3.868618698773597862e+04
3.749824507496448689e-01 3.715015317081799003e+04
3.820444977817967214e-01 3.564343095583175455e+04
3.891065448139494620e-01 3.416730352368707827e+04
3.961685918461013145e-01 3.272294162721264729e+04
4.032306388782531670e-01 3.131140324559379951e+04
4.102926859104059076e-01 2.993363368525978876e+04
4.173547329425577601e-01 2.859046611836650118e+04
4.244167799747105008e-01 2.728262254756665425e+04
4.314788270068623532e-01 2.601071518341007686e+04
4.385408740390142057e-01 2.477524821846756458e+04
4.456029210711669464e-01 2.357661998018011946e+04
4.526649681033187989e-01 2.241512544248238919e+04
4.597270151354706513e-01 2.129095907447473655e+04
4.667890621676233920e-01 2.020421800283284756e+04
4.738511091997752445e-01 1.915490546324820752e+04
4.809131562319279851e-01 1.814293451500941228e+04
4.879752032640798376e-01 1.716813199187099599e+04
4.950372502962316901e-01 1.623024266160146908e+04
5.020992973283844307e-01 1.532893356608595059e+04
5.091613443605362832e-01 1.446379851355332539e+04
5.162233913926881357e-01 1.363436269441979130e+04
5.232854384248408763e-01 1.284008739238161797e+04
5.303474854569927288e-01 1.208037476273530410e+04
5.374095324891454695e-01 1.135457265045353051e+04
5.444715795212973219e-01 1.066197942128957584e+04
5.515336265534491744e-01 1.000184878009666500e+04
5.585956735856019151e-01 9.373394551637740733e+03
5.656577206177537676e-01 8.775795400390497889e+03
5.727197676499056200e-01 8.208199467218539212e+03
5.797818146820583607e-01 7.669728902262634620e+03
5.868438617142102132e-01 7.159484274982767602e+03
5.939059087463620656e-01 6.676548843940347069e+03
6.009679557785148063e-01 6.219992670631500914e+03
6.080300028106666588e-01 5.788876563443212035e+03
6.150920498428193994e-01 5.382255839592342454e+03
6.221540968749712519e-01 4.999183894705381135e+03
6.292161439071231044e-01 4.638715571480773178e+03
6.362781909392758450e-01 4.299910320641320141e+03
6.433402379714276975e-01 3.981835149105398614e+03
6.504022850035795500e-01 3.683567351976464579e+03
6.574643320357322906e-01 3.404197026556516448e+03
6.645263790678841431e-01 3.142829368116961632e+03
6.715884261000368838e-01 2.898586748603576325e+03
6.786504731321887363e-01 2.670610580802512231e+03
6.857125201643405887e-01 2.458062971740908324e+03
6.927745671964933294e-01 2.260128170239854626e+03
6.998366142286451819e-01 2.076013814568912494e+03
7.068986612607970343e-01 1.904951987071804069e+03
7.139607082929497750e-01 1.746200083440342269e+03
7.210227553251016275e-01 1.599041505006372290e+03
7.280848023572543681e-01 1.462786183002959660e+03
7.351468493894062206e-01 1.336770944218263139e+03
7.422088964215580731e-01 1.220359727829686790e+03
7.492709434537108137e-01 1.112943663469849071e+03
7.563329904858626662e-01 1.013941020740910858e+03
7.633950375180145187e-01 9.227970404679201692e+02
7.704570845501672594e-01 8.389836579705955728e+02
7.775191315823191118e-01 7.619991285420709346e+02
7.845811786144709643e-01 6.913675651605398116e+02
7.916432256466237050e-01 6.266383982323297914e+02
7.987052726787755574e-01 5.673857668791409878e+02
8.057673197109282981e-01 5.132078509460972100e+02
8.128293667430801506e-01 4.637261525279373018e+02
8.198914137752320030e-01 4.185847353942001519e+02
8.269534608073847437e-01 3.774494302489480333e+02
8.340155078395365962e-01 3.400070132914520400e+02
8.410775548716884487e-01 3.059643650585089176e+02
8.481396019038411893e-01 2.750476160322768919e+02
8.552016489359930418e-01 2.470012849947772224e+02
8.622636959681457824e-01 2.215874156069716321e+02
8.693257430002976349e-01 1.985847161910633361e+02
8.763877900324494874e-01 1.777877072030676970e+02
8.834498370646022281e-01 1.590058804031061754e+02
8.905118840967540805e-01 1.420628732657634430e+02
8.975739311289059330e-01 1.267956617253991567e+02
9.046359781610586737e-01 1.130537739236972214e+02
9.116980251932105261e-01 1.006985272206668611e+02
9.187600722253623786e-01 8.960229034744678245e+01
9.258221192575151193e-01 7.964777222063494833e+01
9.328841662896669717e-01 7.072733860407736017e+01
9.399462133218197124e-01 6.274235749565424669e+01
9.470082603539715649e-01 5.560257383367672190e+01
9.540703073861234174e-01 4.922551385975901184e+01
9.611323544182761580e-01 4.353591924229240817e+01
9.681944014504280105e-01 3.846521085608456048e+01
9.752564484825798630e-01 3.395098192871054721e+01
9.823184955147326036e-01 2.993652010167797783e+01
9.893805425468844561e-01 2.637035781353584696e+01
9.964425895790371968e-01 2.320585029146636558e+01
1.003504636611189049e+00 2.040078033644853761e+01
1.010566683643340902e+00 1.791698900344362499e+01
1.017628730675493642e+00 1.572003121100498646e+01
1.024690777707645495e+00 1.377885526284439521e+01
1.031752824739797347e+00 1.206550522593411223e+01
1.038814871771950088e+00 1.055484508436667035e+01
