-3.041007263513459513e+00 4.165509204872113713e+01
-3.031200456706653057e+00 4.429938571708910189e+01
-3.021393649899846601e+00 4.710213318612458977e+01
-3.011586843093039700e+00 5.007220399103498210e+01
-3.001780036286232800e+00 5.321892432204612788e+01
-2.991973229479426344e+00 5.655209811414549392e+01
-2.982166422672619444e+00 6.008202897019923228e+01
-2.972359615865812543e+00 6.381954294252567905e+01
-2.962552809059006087e+00 6.777601219833225343e+01
-2.952746002252199631e+00 7.196337959471611612e+01
-2.942939195445392730e+00 7.639418418920290321e+01
-2.933132388638585830e+00 8.108158771204311677e+01
-2.923325581831779374e+00 8.603940202670399628e+01
-2.913518775024972918e+00 9.128211760517716300e+01
-2.903711968218166017e+00 9.682493304487175578e+01
-2.893905161411359117e+00 1.026837856539813316e+02
-2.884098354604552661e+00 1.088753831322857621e+02
-2.874291547797745761e+00 1.154172363743841458e+02
-2.864484740990939304e+00 1.223276934223398627e+02
-2.854677934184132404e+00 1.296259745946738065e+02
-2.844871127377325948e+00 1.373322088185167331e+02
-2.835064320570519047e+00 1.454674711915920113e+02
-2.825257513763712591e+00 1.540538218004639930e+02
-2.815450706956905691e+00 1.631143458212337691e+02
-2.805643900150099235e+00 1.726731949285052963e+02
-2.795837093343292334e+00 1.827556300380678067e+02
-2.786030286536485878e+00 1.933880654082440174e+02
-2.776223479729678978e+00 2.045981141243400145e+02
-2.766416672922872522e+00 2.164146349899872064e+02
-2.756609866116065621e+00 2.288677808485001322e+02
-2.746803059309259165e+00 2.419890483565677926e+02
-2.736996252502452265e+00 2.558113292317633807e+02
-2.727189445695645365e+00 2.703689629943731347e+02
-2.717382638888838908e+00 2.856977912230311745e+02
-2.707575832082032008e+00 3.018352133424872932e+02
-2.697769025275225552e+00 3.188202439605908012e+02
-2.687962218468418651e+00 3.366935717702538682e+02
-2.678155411661612195e+00 3.554976200306693954e+02
-2.668348604854805295e+00 3.752766086405358692e+02
-2.658541798047998839e+00 3.960766178143242087e+02
-2.648734991241191938e+00 4.179456533708677739e+02
-2.638928184434385482e+00 4.409337136415953751e+02
-2.629121377627578582e+00 4.650928580037340794e+02
-2.619314570820772126e+00 4.904772770415830792e+02
-2.609507764013965225e+00 5.171433643367138302e+02
-2.599700957207158769e+00 5.451497898854507866e+02
-2.589894150400351869e+00 5.745575751394788995e+02
-2.580087343593545413e+00 6.054301696626204148e+02
-2.570280536786738512e+00 6.378335293940488100e+02
-2.560473729979931612e+00 6.718361965051030893e+02
-2.550666923173125156e+00 7.075093808337690007e+02
-2.540860116366318255e+00 7.449270428775438404e+02
-2.531053309559511799e+00 7.841659783218960911e+02
-2.521246502752704899e+00 8.253059040779695579e+02
-2.511439695945898443e+00 8.684295457992809588e+02
-2.501632889139091542e+00 9.136227268432984374e+02
-2.491826082332285086e+00 9.609744586395605666e+02
-2.482019275525478186e+00 1.010577032421792751e+03
-2.472212468718671730e+00 1.062526112276904541e+03
-2.462405661911864829e+00 1.116920829459231982e+03
-2.452598855105058373e+00 1.173863877913438728e+03
-2.442792048298251473e+00 1.233461610944654694e+03
-2.432985241491445016e+00 1.295824138969107025e+03
-2.423178434684638116e+00 1.361065428273341922e+03
-2.413371627877831660e+00 1.429303400704431851e+03
-2.403564821071024760e+00 1.500660034208078287e+03
-2.393758014264218303e+00 1.575261464125458360e+03
-2.383951207457411403e+00 1.653238085153831207e+03
-2.374144400650604503e+00 1.734724653869513077e+03
-2.364337593843798047e+00 1.819860391705626171e+03
-2.354530787036991146e+00 1.908789088270371167e+03
-2.344723980230184690e+00 2.001659204884833798e+03
-2.334917173423377790e+00 2.098623978212605380e+03
-2.325110366616571334e+00 2.199841523846182099e+03
-2.315303559809764433e+00 2.305474939708223701e+03
-2.305496753002957977e+00 2.415692409118008072e+03
-2.295689946196151077e+00 2.530667303366260967e+03
-2.285883139389344620e+00 2.650578283633517458e+03
-2.276076332582537720e+00 2.775609402079623578e+03
-2.266269525775731264e+00 2.905950201923741133e+03
-2.256462718968924364e+00 3.041795816326376098e+03
-2.246655912162117907e+00 3.183347065876379020e+03
-2.236849105355311007e+00 3.330810554477785900e+03
-2.227042298548504551e+00 3.484398763422534103e+03
-2.217235491741697651e+00 3.644330143426739596e+03
-2.207428684934891194e+00 3.810829204399117316e+03
-2.197621878128084294e+00 3.984126602701609954e+03
-2.187815071321277394e+00 4.164459225652868554e+03
-2.178008264514470937e+00 4.352070273016513966e+03
-2.168201457707664037e+00 4.547209335206645846e+03
-2.158394650900857581e+00 4.750132467933703083e+03
-2.148587844094050681e+00 4.961102263004695487e+03
-2.138781037287244224e+00 5.180387914981834001e+03
-2.128974230480437324e+00 5.408265283394490325e+03
-2.119167423673630868e+00 5.645016950189241470e+03
-2.109360616866823968e+00 5.890932272093516076e+03
-2.099553810060017511e+00 6.146307427557841947e+03
-2.089747003253210611e+00 6.411445457932562931e+03
-2.079940196446404155e+00 6.686656302523980230e+03
-2.070133389639597254e+00 6.972256827165670074e+03
-2.060326582832790798e+00 7.268570845929677489e+03
-2.050519776025983898e+00 7.575929135592849889e+03
-2.040712969219177442e+00 7.894669442462413826e+03
-2.030906162412370541e+00 8.225136481155243018e+03
-2.021099355605563641e+00 8.567681924913931653e+03
-2.011292548798757185e+00 8.922664387032904415e+03
-2.001485741991950285e+00 9.290449392956514203e+03
-1.991678935185143828e+00 9.671409342600354648e+03
-1.981872128378336928e+00 1.006592346243634893e+04
-1.972065321571530472e+00 1.047437774687053025e+04
-1.962258514764723571e+00 1.089716488843185834e+04
-1.952451707957917115e+00 1.133468419627823096e+04
-1.942644901151110215e+00 1.178734150251538995e+04
-1.932838094344303759e+00 1.225554905581148887e+04
-1.923031287537496858e+00 1.273972540177950214e+04
-1.913224480730690402e+00 1.324029524958637558e+04
-1.903417673923883502e+00 1.375768932423684964e+04
-1.893610867117077046e+00 1.429234420396605492e+04
-1.883804060310270145e+00 1.484470214216392924e+04
-1.873997253503463689e+00 1.541521087323993379e+04
-1.864190446696656789e+00 1.600432340182514781e+04
-1.854383639889850333e+00 1.661249777469390392e+04
-1.844576833083043432e+00 1.724019683477532453e+04
-1.834770026276236532e+00 1.788788795660947653e+04
-1.824963219469430076e+00 1.855604276259071412e+04
-1.815156412662623175e+00 1.924513681932562031e+04
-1.805349605855816719e+00 1.995564931341831107e+04
-1.795542799049009819e+00 2.068806270598296760e+04
-1.785735992242203363e+00 2.144286236516676217e+04
-1.775929185435396462e+00 2.222053617595371179e+04
-1.766122378628590006e+00 2.302157412650343758e+04
-1.756315571821783106e+00 2.384646787026604215e+04
-1.746508765014976650e+00 2.469571026309776789e+04
-1.736701958208169749e+00 2.556979487458969379e+04
-1.726895151401363293e+00 2.646921547280583400e+04
-1.717088344594556393e+00 2.739446548161511237e+04
-1.707281537787749937e+00 2.834603740978670976e+04
-1.697474730980943036e+00 2.932442225100788710e+04
-1.687667924174136580e+00 3.033010885396946469e+04
-1.677861117367329680e+00 3.136358326165634571e+04
-1.668054310560523223e+00 3.242532801896813908e+04
-1.658247503753716323e+00 3.351582144779054215e+04
-1.648440696946909423e+00 3.463553688862855051e+04
-1.638633890140102967e+00 3.578494190791204164e+04
-1.628827083333296066e+00 3.696449747008053964e+04
-1.619020276526489610e+00 3.817465707355508493e+04
-1.609213469719682710e+00 3.941586584971167758e+04
-1.599406662912876254e+00 4.068855962397473195e+04
-1.589599856106069353e+00 4.199316393816527852e+04
-1.579793049299262897e+00 4.333009303324996290e+04
-1.569986242492455997e+00 4.469974879166264873e+04
-1.560179435685649540e+00 4.610251963839255041e+04
-1.550372628878842640e+00 4.753877940006996505e+04
-1.540565822072036184e+00 4.900888612131489208e+04
-1.530759015265229284e+00 5.051318083766613563e+04
-1.520952208458422827e+00 5.205198630445709568e+04
-1.511145401651615927e+00 5.362560568107372092e+04
-1.501338594844809471e+00 5.523432117009714420e+04
-1.491531788038002571e+00 5.687839261092193919e+04
-1.481724981231195670e+00 5.855805602753002313e+04
-1.471918174424389214e+00 6.027352213021067291e+04
-1.462111367617582314e+00 6.202497477113262721e+04
-1.452304560810775858e+00 6.381256935380723735e+04
-1.442497754003968957e+00 6.563643119663083053e+04
-1.432690947197162501e+00 6.749665385085245362e+04
-1.422884140390355601e+00 6.939329737349708739e+04
-1.413077333583549144e+00 7.132638655596486933e+04
-1.403270526776742244e+00 7.329590910924760101e+04
-1.393463719969935788e+00 7.530181380693052779e+04
-1.383656913163128888e+00 7.734400858740869444e+04
-1.373850106356322431e+00 7.942235861701492104e+04
-1.364043299549515531e+00 8.153668431606143713e+04
-1.354236492742709075e+00 8.368675935011019465e+04
-1.344429685935902175e+00 8.587230858913886186e+04
-1.334622879129095718e+00 8.809300603763262916e+04
-1.324816072322288818e+00 9.034847273903437599e+04
-1.315009265515482362e+00 9.263827465840200603e+04
-1.305202458708675461e+00 9.496192054757937149e+04
-1.295395651901868561e+00 9.731885979766071250e+04
-1.285588845095062105e+00 9.970848028404313663e+04
-1.275782038288255205e+00 1.021301062098995899e+05
-1.265975231481448748e+00 1.045829959544765152e+05
-1.256168424674641848e+00 1.070663399332284171e+05
-1.246361617867835392e+00 1.095792584774359711e+05
-1.236554811061028492e+00 1.121207997416328144e+05
-1.226748004254222035e+00 1.146899376478698687e+05
-1.216941197447415135e+00 1.172855698765994021e+05
-1.207134390640608679e+00 1.199065159147373779e+05
-1.197327583833801778e+00 1.225515151722958981e+05
-1.187520777026995322e+00 1.252192251798322104e+05
-1.177713970220188422e+00 1.279082198798772151e+05
-1.167907163413381966e+00 1.306169880264465610e+05
-1.158100356606575065e+00 1.333439317077416927e+05
-1.148293549799768609e+00 1.360873650081788655e+05
-1.138486742992961709e+00 1.388455128269822162e+05
-1.128679936186155253e+00 1.416165098717050860e+05
-1.118873129379348352e+00 1.443983998462375603e+05
-1.109066322572541452e+00 1.471891348540908657e+05
-1.099259515765734996e+00 1.499865750390427129e+05
-1.089452708958928095e+00 1.527884884865669301e+05
-1.079645902152121639e+00 1.555925514108619245e+05
-1.069839095345314739e+00 1.583963486537412682e+05
-1.060032288538508283e+00 1.611973745231353969e+05
-1.050225481731701382e+00 1.639930340004954487e+05
-1.040418674924894926e+00 1.667806443479642039e+05
-1.030611868118088026e+00 1.695574371477965324e+05
-1.020805061311281570e+00 1.723205608081441314e+05
-1.010998254504474669e+00 1.750670835709756648e+05
-1.001191447697668213e+00 1.777939970595530467e+05
-9.913846408908613128e-01 1.804982204045242106e+05
-9.815778340840548566e-01 1.831766049892826122e+05
-9.717710272772479563e-01 1.858259398567800818e+05
-9.619642204704415001e-01 1.884429578214070934e+05
-9.521574136636345997e-01 1.910243423308556958e+05
-9.423506068568276994e-01 1.935667351239973796e+05
-9.325438000500212432e-01 1.960667447316963226e+05
-9.227369932432143429e-01 1.985209558680786286e+05
-9.129301864364078867e-01 2.009259397600151715e+05
-9.031233796296009864e-01 2.032782654623923299e+05
-8.933165728227940861e-01 2.055745122060285648e+05
-8.835097660159876298e-01 2.078112828237767681e+05
-8.737029592091811736e-01 2.099852182983142266e+05
-8.638961524023747174e-01 2.120930134722515359e+05
-8.540893455955673730e-01 2.141314339573749166e+05
-8.442825387887609168e-01 2.160973342749315198e+05
-8.344757319819544605e-01 2.179876772527559660e+05
-8.246689251751480043e-01 2.197995546975476609e+05
-8.148621183683406599e-01 2.215302093516360328e+05
-8.050553115615342037e-01 2.231770581329332199e+05
-7.952485047547277475e-01 2.247377166443568130e+05
-7.854416979479212912e-01 2.262100249246505555e+05
-7.756348911411139468e-01 2.275920743961381668e+05
-7.658280843343074906e-01 2.288822359463761677e+05
-7.560212775275010344e-01 2.300791890598795144e+05
-7.462144707206936900e-01 2.311819518929663463e+05
-7.364076639138872338e-01 2.321899121593413001e+05
-7.266008571070807776e-01 2.331028586662814778e+05
-7.167940503002743213e-01 2.339210133112916665e+05
-7.069872434934669769e-01 2.346450633169898356e+05
-6.971804366866605207e-01 2.352761934479383926e+05
-6.873736298798540645e-01 2.358161179174359131e+05
-6.775668230730476083e-01 2.362671116552530148e+05
-6.677600162662402639e-01 2.366320405693740177e+05
-6.579532094594338076e-01 2.369143903965116479e+05
-6.481464026526273514e-01 2.371182936980974628e+05
-6.383395958458208952e-01 2.372485545213484729e+05
-6.285327890390135508e-01 2.373106702096534718e+05
-6.187259822322070946e-01 2.373108498138315335e+05
-6.089191754254006383e-01 2.372560285267700965e+05
-5.991123686185941821e-01 2.371538775396166893e+05
-5.893055618117868377e-01 2.370128086992201279e+05
-5.794987550049803815e-01 2.368419733350728930e+05
-5.696919481981739253e-01 2.366512546208080894e+05
-5.598851413913665809e-01 2.364512528415907873e+05
-5.500783345845601247e-01 2.362532629556881147e+05
-5.402715277777536684e-01 2.360692438672821736e+05
-5.304647209709472122e-01 2.359117788692397298e+05
-5.206579141641398678e-01 2.357940267700248514e+05
-5.108511073573334116e-01 2.357296632889922766e+05
-5.010443005505269554e-01 2.357328123895016615e+05
-4.912374937437204991e-01 2.358179673199610552e+05
-4.814306869369131547e-01 2.359999012490669265e+05
-4.716238801301066985e-01 2.362935675128690782e+05
-4.618170733233002423e-01 2.367139896371866926e+05
-4.520102665164937861e-01 2.372761414582989819e+05
-4.422034597096864417e-01 2.379948178362710169e+05
-4.323966529028799854e-01 2.388844966368539608e+05
-4.225898460960735292e-01 2.399591928473304433e+05
-4.127830392892670730e-01 2.412323058861754835e+05
-4.029762324824597286e-01 2.427164613628513762e+05
-3.931694256756532724e-01 2.444233487388931098e+05
-3.833626188688468162e-01 2.463635565308085934e+05
-3.735558120620394718e-01 2.485464068750540609e+05
-3.637490052552330155e-01 2.509797914411017264e+05
-3.539421984484265593e-01 2.536700108259035624e+05
-3.441353916416201031e-01 2.566216196873435983e+05
-3.343285848348127587e-01 2.598372799711550761e+05
-3.245217780280063025e-01 2.633176246509636985e+05
-3.147149712211998462e-01 2.670611344307145337e+05
-3.049081644143933900e-01 2.710640298491766443e+05
-2.951013576075860456e-01 2.753201811746028252e+05
-2.852945508007795894e-01 2.798210383816135000e+05
-2.754877439939731332e-01 2.845555833604918444e+05
-2.656809371871666769e-01 2.895103063206844963e+05
-2.558741303803593325e-01 2.946692081157294451e+05
-2.460673235735528763e-01 3.000138299374385970e+05
-2.362605167667464201e-01 3.055233115053659421e+05
-2.264537099599390757e-01 3.111744785168737872e+05
-2.166469031531326195e-01 3.169419597280921298e+05
-2.068400963463261633e-01 3.227983336122907349e+05
-1.970332895395197070e-01 3.287143040962416562e+05
-1.872264827327123626e-01 3.346589044144620420e+05
-1.774196759259059064e-01 3.405997276539223967e+05
-1.676128691190994502e-01 3.465031820966398227e+05
-1.578060623122929940e-01 3.523347690136047895e+05
-1.479992555054856496e-01 3.580593801301306230e+05
-1.381924486986791933e-01 3.636416115791568300e+05
-1.283856418918727371e-01 3.690460907944341307e+05
-1.185788350850662809e-01 3.742378124783838284e+05
-1.087720282782589365e-01 3.791824795177336200e+05
-9.896522147145248027e-02 3.838468445206971955e+05
-8.915841466464602405e-02 3.881990475184512325e+05
-7.935160785783956783e-02 3.922089453154774383e+05
-6.954480105103222343e-02 3.958484279912345810e+05
-5.973799424422576720e-02 3.990917181511248345e+05
-4.993118743741931098e-02 4.019156486978564644e+05
-4.012438063061196658e-02 4.042999151433388470e+05
-3.031757382380551036e-02 4.062272988028349937e+05
-2.051076701699905414e-02 4.076838576022278867e+05
-1.070396021019259791e-02 4.086590816794160055e+05
-8.971534033852535117e-04 4.091460114641221007e+05
8.909653403421202711e-03 4.091413164676072774e+05
1.871646021022765893e-02 4.086453335947720916e+05
2.852326701703411516e-02 4.076620643949038349e+05
3.833007382384145956e-02 4.061991312824061606e+05
4.813688063064791578e-02 4.042676933734325576e+05
5.794368743745437200e-02 4.018823231866618153e+05
6.775049424426082822e-02 3.990608460350552341e+05
7.755730105106817263e-02 3.958241444793492556e+05
8.736410785787462885e-02 3.921959307131947717e+05
9.717091466468108507e-02 3.882024901951427455e+05
1.069777214714875413e-01 3.838724002263033763e+05
1.167845282782948857e-01 3.792362274880192708e+05
1.265913350851013419e-01 3.743262087964460370e+05
1.363981418919077981e-01 3.691759194972469704e+05
1.462049486987151425e-01 3.638199340121476562e+05
1.560117555055215988e-01 3.582934830599213019e+05
1.658185623123280550e-01 3.526321120092216879e+05
1.756253691191345112e-01 3.468713446828838787e+05
1.854321759259418556e-01 3.410463567274853704e+05
1.952389827327483118e-01 3.351916623941888101e+05
2.050457895395547681e-01 3.293408182541824062e+05
2.148525963463612243e-01 3.235261470024336013e+05
2.246594031531685687e-01 3.177784840955755208e+05
2.344662099599750249e-01 3.121269495327309123e+05
2.442730167667814811e-01 3.065987466312081669e+05
2.540798235735879373e-01 3.012189891816970776e+05
2.638866303803952817e-01 2.960105578988882480e+05
2.736934371872017380e-01 2.909939866221191478e+05
2.835002439940081942e-01 2.861873782747901860e+05
2.933070508008146504e-01 2.816063501683170907e+05
3.031138576076219948e-01 2.772640078427482513e+05
3.129206644144284510e-01 2.731709462774734711e+05
3.227274712212349073e-01 2.693352769861405832e+05
3.325342780280422517e-01 2.657626792334491038e+05
3.423410848348487079e-01 2.624564733802002156e+05
3.521478916416551641e-01 2.594177141781590180e+05
3.619546984484616203e-01 2.566453016981763649e+05
3.717615052552689647e-01 2.541361074828795972e+05
3.815683120620754210e-01 2.518851134675391659e+05
3.913751188688818772e-01 2.498855612070436182e+05
4.011819256756883334e-01 2.481291089802855277e+05
4.109887324824956778e-01 2.466059944120706350e+05
4.207955392893021340e-01 2.453052003529432113e+05
4.306023460961085902e-01 2.442146218847612326e+05
4.404091529029150465e-01 2.433212324700000754e+05
4.502159597097223909e-01 2.426112474310424586e+05
4.600227665165288471e-01 2.420702831276545767e+05
4.698295733233353033e-01 2.416835103920578840e+05
4.796363801301417595e-01 2.414358009773447702e+05
4.894431869369491039e-01 2.413118659725818725e+05
4.992499937437555602e-01 2.412963853332706785e+05
5.090568005505620164e-01 2.413741278657630901e+05
5.188636073573693608e-01 2.415300611860213685e+05
5.286704141641758170e-01 2.417494513444917393e+05
5.384772209709822732e-01 2.420179519679576333e+05
5.482840277777887295e-01 2.423216829146349046e+05
5.580908345845960739e-01 2.426472985694504750e+05
5.678976413914025301e-01 2.429820460217802029e+05
5.777044481982089863e-01 2.433138134676559421e+05
5.875112550050154425e-01 2.436311692626343574e+05
5.973180618118227869e-01 2.439233921205074294e+05
6.071248686186292431e-01 2.441804930074097356e+05
6.169316754254356994e-01 2.443932293214397214e+05
6.267384822322421556e-01 2.445531119756117987e+05
6.365452890390495000e-01 2.446524060178791406e+05
6.463520958458559562e-01 2.446841254272687074e+05
6.561589026526624124e-01 2.446420227210704470e+05
6.659657094594697568e-01 2.445205739957468177e+05
6.757725162662762131e-01 2.443149600050060253e+05
6.855793230730826693e-01 2.440210438534947752e+05
6.953861298798891255e-01 2.436353458549584320e+05
7.051929366866964699e-01 2.431550160705458547e+05
7.149997434935029261e-01 2.425778050072019978e+05
7.248065503003093824e-01 2.419020329186769377e+05
7.346133571071158386e-01 2.411265581134009408e+05
7.444201639139231830e-01 2.402507446350244863e+05
7.542269707207296392e-01 2.392744296434149146e+05
7.640337775275360954e-01 2.381978907868445676e+05
7.738405843343425516e-01 2.370218138204221905e+05
7.836473911411498960e-01 2.357472606918433739e+05
7.934541979479563523e-01 2.343756382835210243e+05
8.032610047547628085e-01 2.329086679702844704e+05
8.130678115615692647e-01 2.313483561242347350e+05
8.228746183683766091e-01 2.296969656730531715e+05
8.326814251751830653e-01 2.279569887951175624e+05
8.424882319819895216e-01 2.261311208141369279e+05
8.522950387887968660e-01 2.242222353376199026e+05
8.621018455956033222e-01 2.222333606672467431e+05
8.719086524024097784e-01 2.201676574950080249e+05
8.817154592092162346e-01 2.180283978866896359e+05
8.915222660160235790e-01 2.158189455437627330e+05
9.013290728228300352e-01 2.135427373258617299e+05
9.111358796296364915e-01 2.112032660086348187e+05
9.209426864364429477e-01 2.088040642457045906e+05
9.307494932432502921e-01 2.063486896986206702e+05
9.405563000500567483e-01 2.038407112949012662e+05
9.503631068568632045e-01 2.012836965714057151e+05
9.601699136636696608e-01 1.986812000582499604e+05
9.699767204704770052e-01 1.960367526571341441e+05
9.797835272772834614e-01 1.933538519672236289e+05
9.895903340840899176e-01 1.906359535114915925e+05
9.993971408908963738e-01 1.878864628166342445e+05
1.009203947697703718e+00 1.851087283002060431e+05
1.019010754504510174e+00 1.823060349194563169e+05
1.028817561311316631e+00 1.794815985373938456e+05
1.038624368118123975e+00 1.766385609628424572e+05
1.048431174924930431e+00 1.737799856226036209e+05
1.058237981731736888e+00 1.709088538252997387e+05
1.068044788538543344e+00 1.680280615779990912e+05
1.077851595345350688e+00 1.651404169182791375e+05
1.087658402152157144e+00 1.622486377259716101e+05
1.097465208958963601e+00 1.593553499804115563e+05
1.107272015765770057e+00 1.564630864305927535e+05
1.117078822572577401e+00 1.535742856471743435e+05
1.126885629379383857e+00 1.506912914268131135e+05
1.136692436186190314e+00 1.478163525207703060e+05
1.146499242992996770e+00 1.449516226611990132e+05
1.156306049799804114e+00 1.420991608599071915e+05
1.166112856606610571e+00 1.392609319557561539e+05
1.175919663413417027e+00 1.364388073881540622e+05
1.185726470220223483e+00 1.336345661753778404e+05
1.195533277027030827e+00 1.308498960776613530e+05
1.205340083833837284e+00 1.280863949261654634e+05
1.215146890640643740e+00 1.253455721000625927e+05
1.224953697447451084e+00 1.226288501350560109e+05
1.234760504254257540e+00 1.199375664476849197e+05
1.244567311061063997e+00 1.172729751607589424e+05
1.254374117867870453e+00 1.146362490162267932e+05
1.264180924674677797e+00 1.120284813626871328e+05
1.273987731481484253e+00 1.094506882056309551e+05
1.283794538288290710e+00 1.069038103093330428e+05
1.293601345095097166e+00 1.043887153401187097e+05
1.303408151901904510e+00 1.019062000414842187e+05
1.313214958708710967e+00 9.945699243228462001e+04
1.323021765515517423e+00 9.704175401988864178e+04
1.332828572322323879e+00 9.466108202086699021e+04
1.342635379129131223e+00 9.231551158239993674e+04
1.352442185935937680e+00 9.000551799818899599e+04
1.362248992742744136e+00 8.773151891321568110e+04
1.372055799549550592e+00 8.549387651222904969e+04
1.381862606356357936e+00 8.329289968733998830e+04
1.391669413163164393e+00 8.112884618057800981e+04
1.401476219969970849e+00 7.900192469770707248e+04
1.411283026776778193e+00 7.691229699002124835e+04
1.421089833583584650e+00 7.486007990122669435e+04
1.430896640390391106e+00 7.284534737688166206e+04
1.440703447197197562e+00 7.086813243421312654e+04
1.450510254004004906e+00 6.892842909043747932e+04
1.460317060810811363e+00 6.702619424801225250e+04
1.470123867617617819e+00 6.516134953551214858e+04
1.479930674424424275e+00 6.333378310307868378e+04
1.489737481231231619e+00 6.154335137161742023e+04
1.499544288038038076e+00 5.978988073513128620e+04
1.509351094844844532e+00 5.807316921576675668e+04
1.519157901651650988e+00 5.639298807133045193e+04
1.528964708458458333e+00 5.474908335518636886e+04
1.538771515265264789e+00 5.314117742859134887e+04
1.548578322072071245e+00 5.156897042565084121e+04
1.558385128878877701e+00 5.003214167119739432e+04
1.568191935685685046e+00 4.853035105199061945e+04
1.577998742492491502e+00 4.706324034173209657e+04
1.587805549299297958e+00 4.563043448046396225e+04
1.597612356106105302e+00 4.423154280899368314e+04
1.607419162912911759e+00 4.286616025904301205e+04
1.617225969719718215e+00 4.153386849987087771e+04
1.627032776526524671e+00 4.023423704216550686e+04
1.636839583333332016e+00 3.896682430003345507e+04
1.646646390140138472e+00 3.773117861194496800e+04
1.656453196946944928e+00 3.652683922151570005e+04
1.666260003753751384e+00 3.535333721902614343e+04
1.676066810560558729e+00 3.421019644458962284e+04
1.685873617367365185e+00 3.309693435389096703e+04
1.695680424174171641e+00 3.201306284742045318e+04
1.705487230980978097e+00 3.095808906413193108e+04
1.715294037787785442e+00 2.993151614044990856e+04
1.725100844594591898e+00 2.893284393554811686e+04
1.734907651401398354e+00 2.796156972381357264e+04
1.744714458208205698e+00 2.701718885540504198e+04
1.754521265015012155e+00 2.609919538580209701e+04
1.764328071821818611e+00 2.520708267522994356e+04
1.774134878628625067e+00 2.434034395883500110e+04
1.783941685435432412e+00 2.349847288846999072e+04
1.793748492242238868e+00 2.268096404693522709e+04
1.803555299049045324e+00 2.188731343550632664e+04
1.813362105855851780e+00 2.111701893556569848e+04
1.823168912662659125e+00 2.036958074513750762e+04
1.832975719469465581e+00 1.964450179111181933e+04
1.842782526276272037e+00 1.894128811792632769e+04
1.852589333083078493e+00 1.825944925346057062e+04
1.862396139889885838e+00 1.759849855287966784e+04
1.872202946696692294e+00 1.695795352115054629e+04
1.882009753503498750e+00 1.633733611493702483e+04
1.891816560310305206e+00 1.573617302456661128e+04
1.901623367117112551e+00 1.515399593674507196e+04
1.911430173923919007e+00 1.459034177868152437e+04
1.921236980730725463e+00 1.404475294427105837e+04
1.931043787537532808e+00 1.351677750296925478e+04
1.940850594344339264e+00 1.300596939197782740e+04
1.950657401151145720e+00 1.251188859234680240e+04
1.960464207957952176e+00 1.203410128958678979e+04
1.970271014764759521e+00 1.157218001936997825e+04
1.980077821571565977e+00 1.112570379888691605e+04
1.989884628378372433e+00 1.069425824441238910e+04
1.999691435185178889e+00 1.027743567562272256e+04
2.009498241991986234e+00 9.874835207193249516e+03
2.019305048798792690e+00 9.486062828193731548e+03
2.029111855605599146e+00 9.110731469786855087e+03
2.038918662412405602e+00 8.748461061724521642e+03
2.048725469219212947e+00 8.398878578123943953e+03
2.058532276026019403e+00 8.061618072995387593e+03
2.068339082832825859e+00 7.736320705981218453e+03
2.078145889639632315e+00 7.422634758756211340e+03
2.087952696446439660e+00 7.120215642527035016e+03
2.097759503253246116e+00 6.828725897058928240e+03
2.107566310060052572e+00 6.547835181646250021e+03
2.117373116866859917e+00 6.277220258433968411e+03
2.127179923673666373e+00 6.016564968485959980e+03
2.136986730480472829e+00 5.765560200985757547e+03
2.146793537287279285e+00 5.523903855945767646e+03
2.156600344094086630e+00 5.291300800790042558e+03
2.166407150900893086e+00 5.067462821166186586e+03
2.176213957707699542e+00 4.852108566331494330e+03
2.186020764514505998e+00 4.644963489449164626e+03
2.195827571321313343e+00 4.445759783119942767e+03
2.205634378128119799e+00 4.254236310465296810e+03
2.215441184934926255e+00 4.070138532068111090e+03
2.225247991741732712e+00 3.893218429067909256e+03
2.235054798548540056e+00 3.723234422697503305e+03
2.244861605355346512e+00 3.559951290539078400e+03
2.254668412162152968e+00 3.403140079767922543e+03
2.264475218968959425e+00 3.252578017643407748e+03
2.274282025775766769e+00 3.108048419497149098e+03
2.284088832582573225e+00 2.969340594459693421e+03
2.293895639389379681e+00 2.836249749157813312e+03
2.303702446196187026e+00 2.708576889606174518e+03
2.313509253002993482e+00 2.586128721508111994e+03
2.323316059809799938e+00 2.468717549171737573e+03
2.333122866616606395e+00 2.356161173239531308e+03
2.342929673423413739e+00 2.248282787420869226e+03
2.352736480230220195e+00 2.144910874409125881e+03
2.362543287037026651e+00 2.045879101156709567e+03
2.372350093843833108e+00 1.951026213673872462e+03
2.382156900650640452e+00 1.860195931509097363e+03
2.391963707457446908e+00 1.773236842061558946e+03
2.401770514264253364e+00 1.690002294868523904e+03
2.411577321071059821e+00 1.610350296003602580e+03
2.421384127877867165e+00 1.534143402714396416e+03
2.431190934684673621e+00 1.461248618421384435e+03
2.440997741491480078e+00 1.391537288192933374e+03
2.450804548298286534e+00 1.324884994804996268e+03
2.460611355105093878e+00 1.261171455487384492e+03
2.470418161911900334e+00 1.200280419452456499e+03
2.480224968718706791e+00 1.142099566295818249e+03
2.490031775525514135e+00 1.086520405352942817e+03
2.499838582332320591e+00 1.033438176089722219e+03
2.509645389139127047e+00 9.827517495994421779e+02
2.519452195945933504e+00 9.343635312734221543e+02
2.529259002752740848e+00 8.881793647072001932e+02
2.539065809559547304e+00 8.441084368992508189e+02
2.548872616366353760e+00 8.020631847942469221e+02
2.558679423173160217e+00 7.619592032183612673e+02
2.568486229979967561e+00 7.237151542494357273e+02
2.578293036786774017e+00 6.872526780606333432e+02
2.588099843593580474e+00 6.524963052719172083e+02
2.597906650400386930e+00 6.193733708398200406e+02
2.607713457207194274e+00 5.878139295120223551e+02
2.617520264014000730e+00 5.577506728696655500e+02
2.627327070820807187e+00 5.291188479767365607e+02
2.637133877627613643e+00 5.018561776526152016e+02
2.646940684434420987e+00 4.759027823805638491e+02
2.656747491241227443e+00 4.512011038619808119e+02
2.666554298048033900e+00 4.276958302232679898e+02
2.676361104854841244e+00 4.053338228794970632e+02
2.686167911661647700e+00 3.840640450563863624e+02
2.695974718468454157e+00 3.638374919696408369e+02
2.705781525275260613e+00 3.446071226584307396e+02
2.715588332082067957e+00 3.263277934675226106e+02
2.725395138888874413e+00 3.089561931705594020e+02
2.735201945695680870e+00 2.924507797250043382e+02
2.745008752502487326e+00 2.767717186475005064e+02
2.754815559309294670e+00 2.618808229966448380e+02
2.764622366116101126e+00 2.477414949486384330e+02
2.774429172922907583e+00 2.343186689497615873e+02
2.784235979729714039e+00 2.215787564283132838e+02
2.794042786536521383e+00 2.094895920473481965e+02
2.803849593343327840e+00 1.980203814784222232e+02
2.813656400150134296e+00 1.871416506754711691e+02
2.823463206956941640e+00 1.768251966270157141e+02
2.833270013763748096e+00 1.670440395639833469e+02
2.843076820570554553e+00 1.577723765996506700e+02
2.852883627377361009e+00 1.489855367775294610e+02
2.862690434184168353e+00 1.406599375023627090e+02
2.872497240990974809e+00 1.327730423288697068e+02
2.882304047797781266e+00 1.253033200823820579e+02
2.892110854604587722e+00 1.182302052851295713e+02
2.901917661411395066e+00 1.115340598615673713e+02
2.911724468218201523e+00 1.051961360958755023e+02
2.921531275025007979e+00 9.919854081452528760e+01
2.931338081831814435e+00 9.352420076666412285e+01
2.941144888638621779e+00 8.815682917494127935e+01
2.950951695445428236e+00 8.308089342935105037e+01
2.960758502252234692e+00 7.828158389664659467e+01
2.970565309059041148e+00 7.374478381792677339e+01
2.980372115865848492e+00 6.945704026705712408e+01
2.990178922672654949e+00 6.540553614271334482e+01
2.999985729479461405e+00 6.157806316697730864e+01
3.009792536286268749e+00 5.796299586361368483e+01
3.019599343093075206e+00 5.454926648936409350e+01
3.029406149899881662e+00 5.132634089184413284e+01
3.039212956706688118e+00 4.828419526791331151e+01
3.049019763513495462e+00 4.541329379667736532e+01
3.058826570320301919e+00 4.270456712161539770e+01
