-2.972427842490488636e+00 9.999887117401443648e-01
-2.965365795458336784e+00 9.999879036745439320e-01
-2.958303748426184931e+00 9.999870485146978849e-01
-2.951241701394032635e+00 9.999861442739518269e-01
-2.944179654361880338e+00 9.999851889239088631e-01
-2.937117607329728042e+00 9.999841803948908980e-01
-2.930055560297576189e+00 9.999831165763276575e-01
-2.922993513265423893e+00 9.999819953170524522e-01
-2.915931466233271596e+00 9.999808144254888065e-01
-2.908869419201119744e+00 9.999795716697065240e-01
-2.901807372168967447e+00 9.999782647773285404e-01
-2.894745325136815151e+00 9.999768914352683558e-01
-2.887683278104662854e+00 9.999754492892791724e-01
-2.880621231072510557e+00 9.999739359432933128e-01
-2.873559184040358261e+00 9.999723489585331526e-01
-2.866497137008206408e+00 9.999706858523748076e-01
-2.859435089976054112e+00 9.999689440969441456e-01
-2.852373042943901815e+00 9.999671211174272489e-01
-2.845310995911749519e+00 9.999652142900774532e-01
-2.838248948879597666e+00 9.999632209399017535e-01
-2.831186901847445370e+00 9.999611383380099250e-01
-2.824124854815292629e+00 9.999589636986103702e-01
-2.817062807783140777e+00 9.999566941756384830e-01
-2.810000760750988924e+00 9.999543268590040945e-01
-2.802938713718836627e+00 9.999518587704436801e-01
-2.795876666686684331e+00 9.999492868589673344e-01
-2.788814619654532478e+00 9.999466079958894138e-01
-2.781752572622380182e+00 9.999438189694317414e-01
-2.774690525590227885e+00 9.999409164788932713e-01
-2.767628478558076033e+00 9.999378971283763295e-01
-2.760566431525923292e+00 9.999347574200638800e-01
-2.753504384493771440e+00 9.999314937470420439e-01
-2.746442337461619143e+00 9.999281023856622097e-01
-2.739380290429466847e+00 9.999245794874399573e-01
-2.732318243397314994e+00 9.999209210704852469e-01
-2.725256196365162253e+00 9.999171230104630936e-01
-2.718194149333010401e+00 9.999131810310809554e-01
-2.711132102300858548e+00 9.999090906941004997e-01
-2.704070055268705808e+00 9.999048473888733080e-01
-2.697008008236553511e+00 9.999004463213972960e-01
-2.689945961204402103e+00 9.998958825028931852e-01
-2.682883914172249362e+00 9.998911507378984709e-01
-2.675821867140097066e+00 9.998862456118777775e-01
-2.668759820107944769e+00 9.998811614783466029e-01
-2.661697773075792917e+00 9.998758924455064534e-01
-2.654635726043640620e+00 9.998704323623877066e-01
-2.647573679011488768e+00 9.998647748044973138e-01
-2.640511631979336471e+00 9.998589130589670138e-01
-2.633449584947184618e+00 9.998528401091970608e-01
-2.626387537915031878e+00 9.998465486189904716e-01
-2.619325490882880025e+00 9.998400309161726840e-01
-2.612263443850728173e+00 9.998332789756888550e-01
-2.605201396818575432e+00 9.998262844021734708e-01
-2.598139349786423580e+00 9.998190384119850505e-01
-2.591077302754271283e+00 9.998115318146967301e-01
-2.584015255722118987e+00 9.998037549940389512e-01
-2.576953208689967134e+00 9.997956978882832635e-01
-2.569891161657814393e+00 9.997873499700630218e-01
-2.562829114625662541e+00 9.997787002256233180e-01
-2.555767067593510244e+00 9.997697371334958172e-01
-2.548705020561357504e+00 9.997604486425930581e-01
-2.541642973529206095e+00 9.997508221497204417e-01
-2.534580926497053799e+00 9.997408444765056856e-01
-2.527518879464901058e+00 9.997305018457461889e-01
-2.520456832432749650e+00 9.997197798571797467e-01
-2.513394785400597353e+00 9.997086634626858315e-01
-2.506332738368444613e+00 9.996971369409298758e-01
-2.499270691336292760e+00 9.996851838714648775e-01
-2.492208644304140464e+00 9.996727871083126438e-01
-2.485146597271988611e+00 9.996599287530490985e-01
-2.478084550239836314e+00 9.996465901274270704e-01
-2.471022503207684018e+00 9.996327517455737555e-01
-2.463960456175532165e+00 9.996183932858091481e-01
-2.456898409143379869e+00 9.996034935621390671e-01
-2.449836362111227572e+00 9.995880304954825046e-01
-2.442774315079076164e+00 9.995719810847059073e-01
-2.435712268046922979e+00 9.995553213775422163e-01
-2.428650221014771127e+00 9.995380264414843730e-01
-2.421588173982618830e+00 9.995200703347537630e-01
-2.414526126950466534e+00 9.995014260774521819e-01
-2.407464079918314237e+00 9.994820656230213318e-01
-2.400402032886162385e+00 9.994619598301393015e-01
-2.393339985854010088e+00 9.994410784352014687e-01
-2.386277938821858235e+00 9.994193900255392560e-01
-2.379215891789705051e+00 9.993968620135460501e-01
-2.372153844757553642e+00 9.993734606118890307e-01
-2.365091797725401346e+00 9.993491508099983101e-01
-2.358029750693248605e+00 9.993238963520350016e-01
-2.350967703661096753e+00 9.992976597165512676e-01
-2.343905656628944900e+00 9.992704020980670565e-01
-2.336843609596792604e+00 9.992420833907941224e-01
-2.329781562564640751e+00 9.992126621747503545e-01
-2.322719515532488455e+00 9.991820957045144391e-01
-2.315657468500336158e+00 9.991503399008737629e-01
-2.308595421468184306e+00 9.991173493456301236e-01
-2.301533374436031565e+00 9.990830772798254822e-01
-2.294471327403880156e+00 9.990474756056543226e-01
-2.287409280371727416e+00 9.990104948923304029e-01
-2.280347233339575119e+00 9.989720843861724653e-01
-2.273285186307423267e+00 9.989321920251678089e-01
-2.266223139275270970e+00 9.988907644582699641e-01
-2.259161092243118230e+00 9.988477470696747185e-01
-2.252099045210966821e+00 9.988030840083075290e-01
-2.245036998178814081e+00 9.987567182227428120e-01
-2.237974951146662228e+00 9.987085915017573923e-01
-2.230912904114509487e+00 9.986586445206993012e-01
-2.223850857082357635e+00 9.986068168938331269e-01
-2.216788810050205782e+00 9.985530472327951435e-01
-2.209726763018053042e+00 9.984972732112629146e-01
-2.202664715985900745e+00 9.984394316359141985e-01
-2.195602668953749337e+00 9.983794585237125707e-01
-2.188540621921596596e+00 9.983172891855242037e-01
-2.181478574889444744e+00 9.982528583160266145e-01
-2.174416527857292447e+00 9.981861000898295533e-01
-2.167354480825140151e+00 9.981169482636874646e-01
-2.160292433792987854e+00 9.980453362846292142e-01
-2.153230386760836002e+00 9.979711974037925870e-01
-2.146168339728684149e+00 9.978944647956937697e-01
-2.139106292696531852e+00 9.978150716826189592e-01
-2.132044245664379556e+00 9.977329514637689467e-01
-2.124982198632227259e+00 9.976480378487441181e-01
-2.117920151600075407e+00 9.975602649949008027e-01
-2.110858104567922222e+00 9.974695676480652695e-01
-2.103796057535770814e+00 9.973758812860431533e-01
-2.096734010503618517e+00 9.972791422643165760e-01
-2.089671963471466221e+00 9.971792879632772610e-01
-2.082609916439314368e+00 9.970762569363051941e-01
-2.075547869407162072e+00 9.969699890579667434e-01
-2.068485822375009775e+00 9.968604256715704048e-01
-2.061423775342857478e+00 9.967475097352952451e-01
-2.054361728310704738e+00 9.966311859660801353e-01
-2.047299681278553329e+00 9.965114009804484363e-01
-2.040237634246400589e+00 9.963881034314292506e-01
-2.033175587214248736e+00 9.962612441407324715e-01
-2.026113540182096884e+00 9.961307762253368558e-01
-2.019051493149944587e+00 9.959966552176603427e-01
-2.011989446117791847e+00 9.958588391784944926e-01
-2.004927399085640438e+00 9.957172888019129031e-01
-1.997865352053487920e+00 9.955719675113917644e-01
-1.990803305021336067e+00 9.954228415464169144e-01
-1.983741257989183548e+00 9.952698800389033762e-01
-1.976679210957031696e+00 9.951130550787982143e-01
-1.969617163924879621e+00 9.949523417683034943e-01
-1.962555116892727103e+00 9.947877182642181904e-01
-1.955493069860575250e+00 9.946191658079727160e-01
-1.948431022828422732e+00 9.944466687430041363e-01
-1.941368975796270435e+00 9.942702145192076069e-01
-1.934306928764118361e+00 9.940897936842819638e-01
-1.927244881731966508e+00 9.939053998618821995e-01
-1.920182834699813545e+00 9.937170297165839328e-01
-1.913120787667661693e+00 9.935246829057601259e-01
-1.906058740635509618e+00 9.933283620185688889e-01
-1.898996693603357100e+00 9.931280725023494682e-01
-1.891934646571204803e+00 9.929238225768181048e-01
-1.884872599539052729e+00 9.927156231365535932e-01
-1.877810552506900876e+00 9.925034876423537433e-01
-1.870748505474748802e+00 9.922874320021348726e-01
-1.863686458442596505e+00 9.920674744421300595e-01
-1.856624411410444431e+00 9.918436353692262619e-01
-1.849562364378291912e+00 9.916159372253469106e-01
-1.842500317346140060e+00 9.913844043348642998e-01
-1.835438270313987985e+00 9.911490627460761704e-01
-1.828376223281835911e+00 9.909099400678389458e-01
-1.821314176249683614e+00 9.906670653024912676e-01
-1.814252129217531539e+00 9.904204686762327903e-01
-1.807190082185379243e+00 9.901701814681527214e-01
-1.800128035153226724e+00 9.899162358391103700e-01
-1.793065988121074872e+00 9.896586646616792882e-01
-1.786003941088922353e+00 9.893975013523581552e-01
-1.778941894056770501e+00 9.891327797072355654e-01
-1.771879847024618204e+00 9.888645337422703463e-01
-1.764817799992465908e+00 9.885927975393147271e-01
-1.757755752960314055e+00 9.883176050989580519e-01
-1.750693705928161537e+00 9.880389902012209902e-01
-1.743631658896009462e+00 9.877569862750629204e-01
-1.736569611863857165e+00 9.874716262775987685e-01
-1.729507564831705091e+00 9.871829425838406502e-01
-1.722445517799553016e+00 9.868909668877021701e-01
-1.715383470767400720e+00 9.865957301149090863e-01
-1.708321423735248423e+00 9.862972623483715617e-01
-1.701259376703096349e+00 9.859955927664748598e-01
-1.694197329670944274e+00 9.856907495946456432e-01
-1.687135282638791978e+00 9.853827600704535561e-01
-1.680073235606639681e+00 9.850716504224041881e-01
-1.673011188574487829e+00 9.847574458624785976e-01
-1.665949141542335532e+00 9.844401705923779833e-01
-1.658887094510183235e+00 9.841198478233308400e-01
-1.651825047478030717e+00 9.837964998092305624e-01
-1.644763000445879086e+00 9.834701478927750928e-01
-1.637700953413726790e+00 9.831408125642019380e-01
-1.630638906381574493e+00 9.828085135321242838e-01
-1.623576859349421975e+00 9.824732698059046587e-01
-1.616514812317270344e+00 9.821350997889319867e-01
-1.609452765285118048e+00 9.817940213821079176e-01
-1.602390718252965529e+00 9.814500520967927022e-01
-1.595328671220813899e+00 9.811032091764173568e-01
-1.588266624188661602e+00 9.807535097259258983e-01
-1.581204577156509306e+00 9.804009708481850049e-01
-1.574142530124357009e+00 9.800456097864702620e-01
-1.567080483092205156e+00 9.796874440721271560e-01
-1.560018436060052860e+00 9.793264916764912176e-01
-1.552956389027900341e+00 9.789627711661569309e-01
-1.545894341995748267e+00 9.785963018606840258e-01
-1.538832294963596414e+00 9.782271039918483124e-01
-1.531770247931443896e+00 9.778551988635570957e-01
-1.524708200899291821e+00 9.774806090115778501e-01
-1.517646153867139525e+00 9.771033583622534824e-01
-1.510584106834987672e+00 9.767234723894152593e-01
-1.503522059802835154e+00 9.763409782687381133e-01
-1.496460012770683079e+00 9.759559050288267867e-01
-1.489397965738530782e+00 9.755682836983636808e-01
-1.482335918706378708e+00 9.751781474486947987e-01
-1.475273871674226633e+00 9.747855317312775769e-01
-1.468211824642074337e+00 9.743904744094651349e-01
-1.461149777609922040e+00 9.739930158841454411e-01
-1.454087730577769966e+00 9.735931992128094015e-01
-1.447025683545617891e+00 9.731910702216629572e-01
-1.439963636513465595e+00 9.727866776104530100e-01
-1.432901589481313520e+00 9.723800730497165201e-01
-1.425839542449161446e+00 9.719713112702108582e-01
-1.418777495417009149e+00 9.715604501443241281e-01
-1.411715448384856852e+00 9.711475507593044787e-01
-1.404653401352705000e+00 9.707326774821831705e-01
-1.397591354320552703e+00 9.703158980163049119e-01
-1.390529307288400407e+00 9.698972834494061779e-01
-1.383467260256248110e+00 9.694769082932148674e-01
-1.376405213224096258e+00 9.690548505145686331e-01
-1.369343166191943961e+00 9.686311915580742005e-01
-1.362281119159791665e+00 9.682060163603471992e-01
-1.355219072127639146e+00 9.677794133558950129e-01
-1.348157025095487516e+00 9.673514744747131466e-01
-1.341094978063335219e+00 9.669222951316834846e-01
-1.334032931031182700e+00 9.664919742078710296e-01
-1.326970883999030626e+00 9.660606140238219286e-01
-1.319908836966878773e+00 9.656283203049728092e-01
-1.312846789934726477e+00 9.651952021392871117e-01
-1.305784742902573958e+00 9.647613719272317701e-01
-1.298722695870421884e+00 9.643269453242152567e-01
-1.291660648838270031e+00 9.638920411755997897e-01
-1.284598601806117513e+00 9.634567814444089384e-01
-1.277536554773965438e+00 9.630212911318412061e-01
-1.270474507741813142e+00 9.625856981907041643e-01
-1.263412460709661289e+00 9.621501334318778298e-01
-1.256350413677508771e+00 9.617147304239134220e-01
-1.249288366645356696e+00 9.612796253858727491e-01
-1.242226319613204844e+00 9.608449570735061451e-01
-1.235164272581052325e+00 9.604108666588688781e-01
-1.228102225548900250e+00 9.599774976034688434e-01
-1.221040178516747954e+00 9.595449955250385798e-01
-1.213978131484596101e+00 9.591135080580200922e-01
-1.206916084452443805e+00 9.586831847078501889e-01
-1.199854037420291508e+00 9.582541766991312659e-01
-1.192791990388139212e+00 9.578266368177698054e-01
-1.185729943355987137e+00 9.574007192471637451e-01
-1.178667896323835063e+00 9.569765793985174351e-01
-1.171605849291682766e+00 9.565543737353597864e-01
-1.164543802259530469e+00 9.561342595923409959e-01
-1.157481755227378617e+00 9.557163949883760168e-01
-1.150419708195226320e+00 9.553009384342054933e-01
-1.143357661163074024e+00 9.548880487344338919e-01
-1.136295614130921505e+00 9.544778847841064451e-01
-1.129233567098769875e+00 9.540706053598745351e-01
-1.122171520066617578e+00 9.536663689057975901e-01
-1.115109473034465282e+00 9.532653333138185747e-01
-1.108047426002312763e+00 9.528676556989422730e-01
-1.100985378970161133e+00 9.524734921691357936e-01
-1.093923331938008836e+00 9.520829975899579578e-01
-1.086861284905856317e+00 9.516963253439145731e-01
-1.079799237873704243e+00 9.513136270845189424e-01
-1.072737190841552390e+00 9.509350524850255226e-01
-1.065675143809400094e+00 9.505607489817883282e-01
-1.058613096777247575e+00 9.501908615121763546e-01
-1.051551049745095945e+00 9.498255322469656425e-01
-1.044489002712943648e+00 9.494649003171053980e-01
-1.037426955680791130e+00 9.491091015347417059e-01
-1.030364908648639055e+00 9.487582681083612801e-01
-1.023302861616487203e+00 9.484125283519037053e-01
-1.016240814584334906e+00 9.480720063876727499e-01
-1.009178767552182610e+00 9.477368218428628976e-01
-1.002116720520030313e+00 9.474070895395028113e-01
-9.950546734878783495e-01 9.470829191776123368e-01
-9.879926264557260529e-01 9.467644150113518897e-01
-9.809305794235737563e-01 9.464516755179503971e-01
-9.738685323914215708e-01 9.461447930591870836e-01
-9.668064853592696073e-01 9.458438535352142740e-01
-9.597444383271174217e-01 9.455489360305119328e-01
-9.526823912949651252e-01 9.452601124517847619e-01
-9.456203442628128286e-01 9.449774471576289914e-01
-9.385582972306607541e-01 9.447009965798293107e-01
-9.314962501985086796e-01 9.444308088361786924e-01
-9.244342031663564940e-01 9.441669233347589341e-01
-9.173721561342041975e-01 9.439093703696744830e-01
-9.103101091020521229e-01 9.436581707082899451e-01
-9.032480620699000484e-01 9.434133351700981773e-01
-8.961860150377475298e-01 9.431748641974224689e-01
-8.891239680055957884e-01 9.429427474182525692e-01
-8.820619209734434918e-01 9.427169632016144663e-01
-8.749998739412911952e-01 9.424974782059889478e-01
-8.679378269091390097e-01 9.422842469214188776e-01
-8.608757798769870462e-01 9.420772112060796788e-01
-8.538137328448347496e-01 9.418762998182398372e-01
-8.467516858126824530e-01 9.416814279446906744e-01
-8.396896387805300455e-01 9.414924967269012734e-01
-8.326275917483781930e-01 9.413093927863296351e-01
-8.255655447162258964e-01 9.411319877505188725e-01
-8.185034976840737109e-01 9.409601377818019863e-01
-8.114414506519214143e-01 9.407936831106573639e-01
-8.043794036197694508e-01 9.406324475759698656e-01
-7.973173565876172653e-01 9.404762381746878397e-01
-7.902553095554649687e-01 9.403248446235951130e-01
-7.831932625233126721e-01 9.401780389361632517e-01
-7.761312154911608197e-01 9.400355750176926373e-01
-7.690691684590085231e-01 9.398971882822024781e-01
-7.620071214268561155e-01 9.397625952947804562e-01
-7.549450743947038189e-01 9.396314934433548371e-01
-7.478830273625519665e-01 9.395035606441045628e-01
-7.408209803303996699e-01 9.393784550849659798e-01
-7.337589332982473733e-01 9.392558150119409976e-01
-7.266968862660950768e-01 9.391352585631432826e-01
-7.196348392339433353e-01 9.390163836557406940e-01
-7.125727922017910387e-01 9.388987679311657786e-01
-7.055107451696387422e-01 9.387819687641584254e-01
-6.984486981374868897e-01 9.386655233413806476e-01
-6.913866511053345931e-01 9.385489488154971083e-01
-6.843246040731822966e-01 9.384317425407419089e-01
-6.772625570410300000e-01 9.383133823960918551e-01
-6.702005100088780365e-01 9.381933272022323633e-01
-6.631384629767258510e-01 9.380710172385305912e-01
-6.560764159445735544e-01 9.379458748662213852e-01
-6.490143689124212578e-01 9.378173052639544593e-01
-6.419523218802694053e-01 9.376846972817496351e-01
-6.348902748481171088e-01 9.375474244192492090e-01
-6.278282278159648122e-01 9.374048459339454631e-01
-6.207661807838125156e-01 9.372563080847858830e-01
-6.137041337516607742e-01 9.371011455162246984e-01
-6.066420867195083666e-01 9.369386827873811274e-01
-5.995800396873560700e-01 9.367682360504874239e-01
-5.925179926552037735e-01 9.365891148822602652e-01
-5.854559456230519210e-01 9.364006242711974126e-01
-5.783938985908996244e-01 9.362020667630919224e-01
-5.713318515587473279e-01 9.359927447662654831e-01
-5.642698045265950313e-01 9.357719630171472680e-01
-5.572077574944431788e-01 9.355390312058645685e-01
-5.501457104622908822e-01 9.352932667604686445e-01
-5.430836634301385857e-01 9.350339977872953456e-01
-5.360216163979862891e-01 9.347605661637481411e-01
-5.289595693658344366e-01 9.344723307785104405e-01
-5.218975223336820290e-01 9.341686709128285138e-01
-5.148354753015297325e-01 9.338489897550804608e-01
-5.077734282693779910e-01 9.335127180393498758e-01
-5.007113812372256945e-01 9.331593177971742037e-01
-4.936493342050733424e-01 9.327882862100411732e-01
-4.865872871729211013e-01 9.323991595485698891e-01
-4.795252401407693044e-01 9.319915171826548272e-01
-4.724631931086169523e-01 9.315649856451748700e-01
-4.654011460764647112e-01 9.311192427301964170e-01
-4.583390990443124147e-01 9.306540216049391523e-01
-4.512770520121605067e-01 9.301691149131492420e-01
-4.442150049800081546e-01 9.296643788459453273e-01
-4.371529579478559135e-01 9.291397371546910033e-01
-4.300909109157036170e-01 9.285951850790288287e-01
-4.230288638835517645e-01 9.280307931618888562e-01
-4.159668168513994124e-01 9.274467109221002925e-01
-4.089047698192472269e-01 9.268431703541919475e-01
-4.018427227870948748e-01 9.262204892240927245e-01
-3.947806757549430223e-01 9.255790741287661660e-01
-3.877186287227907258e-01 9.249194232873355626e-01
-3.806565816906383737e-01 9.242421290310181003e-01
-3.735945346584860771e-01 9.235478799591888555e-01
-3.665324876263343357e-01 9.228374627291713317e-01
-3.594704405941819836e-01 9.221117634479030212e-01
-3.524083935620296870e-01 9.213717686344770064e-01
-3.453463465298778345e-01 9.206185657237172526e-01
-3.382842994977255380e-01 9.198533430824225032e-01
-3.312222524655732414e-01 9.190773895117149150e-01
-3.241602054334209448e-01 9.182920932110552048e-01
-3.170981584012690924e-01 9.174989401819441115e-01
-3.100361113691167958e-01 9.166995120521126417e-01
-3.029740643369644992e-01 9.158954833041020871e-01
-2.959120173048122027e-01 9.150886178955420780e-01
-2.888499702726603502e-01 9.142807652621404158e-01
-2.817879232405080536e-01 9.134738556983699187e-01
-2.747258762083557015e-01 9.126698951150701289e-01
-2.676638291762034605e-01 9.118709591776334999e-01
-2.606017821440516080e-01 9.110791868330989640e-01
-2.535397351118992559e-01 9.102967732392842626e-01
-2.464776880797469871e-01 9.095259621140259210e-01
-2.394156410475947183e-01 9.087690375276127330e-01
-2.323535940154428936e-01 9.080283151665556884e-01
-2.252915469832905693e-01 9.073061331018879017e-01
-2.182294999511382727e-01 9.066048421001805524e-01
-2.111674529189860039e-01 9.059267955203477163e-01
-2.041054058868340682e-01 9.052743388440451788e-01
-1.970433588546818271e-01 9.046497988919844913e-01
-1.899813118225295583e-01 9.040554727827466719e-01
-1.829192647903772340e-01 9.034936166946235803e-01
-1.758572177582253815e-01 9.029664344945992349e-01
-1.687951707260730849e-01 9.024760663017572515e-01
-1.617331236939207884e-01 9.020245770551201803e-01
-1.546710766617689081e-01 9.016139451581407505e-01
-1.476090296296166393e-01 9.012460512737567875e-01
-1.405469825974643427e-01 9.009226673450284606e-01
-1.334849355653120462e-01 9.006454459168964366e-01
-1.264228885331601937e-01 9.004159098344920453e-01
-1.193608415010078833e-01 9.002354423926827165e-01
-1.122987944688556006e-01 9.001052780101456152e-01
-1.052367474367033040e-01 9.000264934992088239e-01
-9.817470040455143765e-02 9.000000000000000222e-01
-9.111265337239916884e-02 9.000265356441012887e-01
-8.405060634024684452e-02 9.001066590089419339e-01
-7.698855930809456183e-02 9.002407434195922598e-01
-6.992651227594270935e-02 9.004289721494869170e-01
-6.286446524379041279e-02 9.006713345659373982e-01
-5.580241821163812316e-02 9.009676232601359080e-01
-4.874037117948581271e-02 9.013174321947634571e-01
-4.167832414733396718e-02 9.017201558953382712e-01
-3.461627711518167061e-02 9.021749897041473343e-01
-2.755423008302937057e-02 9.026809311080548071e-01
-2.049218305087708095e-02 9.032367821437434774e-01
-1.343013601872522327e-02 9.038411528760978975e-01
-6.368088986572927566e-03 9.044924659375437326e-01
6.939580455793681324e-04 9.051889621082986892e-01
7.756005077731663831e-03 9.059287069097476941e-01
1.481805210988351544e-02 9.067095981755821654e-01
2.188009914203581027e-02 9.075293745580419458e-01
2.894214617418811031e-02 9.083856249196119448e-01
3.600419320633996279e-02 9.092757985539441368e-01
4.306624023849225935e-02 9.101972161736464617e-01
5.012828727064456286e-02 9.111470815969707759e-01
5.719033430279684554e-02 9.121224940603931408e-01
6.425238133494870496e-02 9.131204610796588295e-01
7.131442836710100153e-02 9.141379117781016639e-01
7.837647539925331197e-02 9.151717105979754185e-01
8.543852243140558078e-02 9.162186713081832412e-01
9.250056946355743326e-02 9.172755712201717815e-01
9.956261649570974370e-02 9.183391655228849704e-01
1.066246635278620403e-01 9.194062016475506027e-01
1.136867105600143230e-01 9.204734335736887152e-01
1.207487575921661754e-01 9.215376359890803393e-01
1.278108046243184859e-01 9.225956182184881227e-01
1.348728516564707824e-01 9.236442378386573449e-01
1.419348986886230790e-01 9.246804139004989320e-01
1.489969457207749315e-01 9.257011396833416672e-01
1.560589927529272281e-01 9.267034949106731645e-01
1.631210397850795246e-01 9.276846573618277025e-01
1.701830868172318212e-01 9.286419138195654011e-01
1.772451338493836737e-01 9.295726702993561963e-01
1.843071808815359980e-01 9.304744615123758944e-01
1.913692279136882390e-01 9.313449595206733100e-01
1.984312749458400915e-01 9.321819815496097394e-01
2.054933219779923881e-01 9.329834969294369396e-01
2.125553690101447124e-01 9.337476331447081002e-01
2.196174160422970090e-01 9.344726809770307341e-01
2.266794630744488892e-01 9.351570987334167917e-01
2.337415101066016021e-01 9.357995155591043446e-01
2.408035571387534268e-01 9.363987338401431604e-01
2.478656041709052793e-01 9.369537307072265397e-01
2.549276512030580477e-01 9.374636586581331921e-01
2.619896982352099002e-01 9.379278453216967071e-01
2.690517452673616972e-01 9.383457923913951504e-01
2.761137922995144933e-01 9.387171737614052880e-01
2.831758393316663458e-01 9.390418329022922617e-01
2.902378863638190865e-01 9.393197795173535702e-01
2.972999333959709389e-01 9.395511855240089583e-01
3.043619804281227914e-01 9.397363804075045124e-01
3.114240274602755876e-01 9.398758459965737000e-01
3.184860744924273845e-01 9.399702107125779138e-01
3.255481215245792370e-01 9.400202433450234318e-01
3.326101685567319777e-01 9.400268464072470964e-01
3.396722155888838302e-01 9.399910491264832357e-01
3.467342626210365708e-01 9.399140001224878249e-01
3.537963096531884233e-01 9.397969598284335868e-01
3.608583566853402202e-01 9.396412927069157650e-01
3.679204037174929609e-01 9.394484593126597449e-01
3.749824507496448689e-01 9.392200082519277515e-01
3.820444977817967214e-01 9.389575680867118246e-01
3.891065448139495175e-01 9.386628392296166856e-01
3.961685918461012590e-01 9.383375858729028351e-01
4.032306388782532225e-01 9.379836279925282128e-01
4.102926859104059076e-01 9.376028334652174445e-01
4.173547329425577601e-01 9.371971103336469433e-01
4.244167799747105008e-01 9.367683992517974456e-01
4.314788270068624088e-01 9.363186661394137245e-01
4.385408740390142612e-01 9.358498950713801667e-01
4.456029210711668909e-01 9.353640814246776403e-01
4.526649681033187989e-01 9.348632253024758976e-01
4.597270151354706513e-01 9.343493252518600967e-01
4.667890621676233365e-01 9.338243722887106246e-01
4.738511091997751890e-01 9.332903442403808203e-01
4.809131562319279851e-01 9.327492004140557347e-01
4.879752032640798376e-01 9.322028765960652663e-01
4.950372502962316901e-01 9.316532803849481015e-01
5.020992973283844307e-01 9.311022868587696122e-01
5.091613443605362832e-01 9.305517345750581315e-01
5.162233913926880247e-01 9.300034218997790258e-01
5.232854384248408763e-01 9.294591036599952893e-01
5.303474854569927288e-01 9.289204881132817615e-01
5.374095324891454695e-01 9.283892342255644081e-01
5.444715795212973219e-01 9.278669492478419656e-01
5.515336265534491744e-01 9.273551865812138528e-01
5.585956735856019151e-01 9.268554439187783878e-01
5.656577206177537676e-01 9.263691616522726768e-01
5.727197676499056200e-01 9.258977215307911957e-01
5.797818146820583607e-01 9.254424455585390508e-01
5.868438617142102132e-01 9.250045951183279991e-01
5.939059087463620656e-01 9.245853703074133900e-01
6.009679557785148063e-01 9.241859094722706391e-01
6.080300028106666588e-01 9.238072889290248613e-01
6.150920498428193994e-01 9.234505228564469093e-01
6.221540968749712519e-01 9.231165633487290467e-01
6.292161439071231044e-01 9.228063006156055348e-01
6.362781909392758450e-01 9.225205633178146236e-01
6.433402379714276975e-01 9.222601190263716164e-01
6.504022850035795500e-01 9.220256747946332654e-01
6.574643320357322906e-01 9.218178778326854284e-01
6.645263790678841431e-01 9.216373162741473557e-01
6.715884261000368838e-01 9.214845200260677327e-01
6.786504731321887363e-01 9.213599616931729130e-01
6.857125201643405887e-01 9.212640575683086475e-01
6.927745671964933294e-01 9.211971686814947047e-01
6.998366142286451819e-01 9.211596019005695579e-01
7.068986612607969233e-01 9.211516110769496501e-01
7.139607082929497750e-01 9.211733982305461144e-01
7.210227553251016275e-01 9.212251147683787611e-01
7.280848023572542571e-01 9.213068627318977688e-01
7.351468493894062206e-01 9.214186960684576100e-01
7.422088964215580731e-01 9.215606219228023033e-01
7.492709434537107027e-01 9.217326019447928953e-01
7.563329904858625552e-01 9.219345536099547989e-01
7.633950375180145187e-01 9.221663515497438013e-01
7.704570845501671483e-01 9.224278288887033384e-01
7.775191315823190008e-01 9.227187785859547464e-01
7.845811786144708533e-01 9.230389547786836957e-01
7.916432256466237050e-01 9.233880741254951730e-01
7.987052726787755574e-01 9.237658171476884617e-01
8.057673197109282981e-01 9.241718295666714322e-01
8.128293667430801506e-01 9.246057236358690146e-01
8.198914137752320030e-01 9.250670794656153939e-01
8.269534608073846327e-01 9.255554463396331588e-01
8.340155078395365962e-01 9.260703440218052140e-01
8.410775548716883376e-01 9.266112640520449695e-01
8.481396019038413003e-01 9.271776710301589119e-01
8.552016489359929308e-01 9.277690038866843736e-01
8.622636959681458935e-01 9.283846771397697983e-01
8.693257430002976349e-01 9.290240821372497404e-01
8.763877900324495984e-01 9.296865882831581995e-01
8.834498370646022281e-01 9.303715442480053888e-01
8.905118840967539695e-01 9.310782791622461696e-01
8.975739311289059330e-01 9.318061037924617596e-01
9.046359781610585626e-01 9.325543116998789017e-01
9.116980251932104151e-01 9.333221803809610417e-01
9.187600722253623786e-01 9.341089723899207442e-01
9.258221192575152303e-01 9.349139364431153787e-01
9.328841662896668607e-01 9.357363085054137830e-01
9.399462133218194904e-01 9.365753128587451792e-01
9.470082603539715649e-01 9.374301631531632983e-01
9.540703073861233063e-01 9.383000634408908969e-01
9.611323544182760470e-01 9.391842091939249793e-01
9.681944014504280105e-01 9.400817883059122693e-01
9.752564484825798630e-01 9.409919820791126099e-01
9.823184955147326036e-01 9.419139661973786604e-01
9.893805425468844561e-01 9.428469116861758481e-01
9.964425895790373078e-01 9.437899858607575743e-01
1.003504636611189049e+00 9.447423532636747279e-01
1.010566683643340902e+00 9.457031765928655132e-01
1.017628730675493642e+00 9.466716176216009027e-01
1.024690777707645495e+00 9.476468381115878969e-01
1.031752824739797125e+00 9.486280007205298848e-01
1.038814871771950088e+00 9.496142699054157532e-01
1.045876918804101940e+00 9.506048128227697624e-01
1.052938965836254681e+00 9.515988002270188151e-01
1.060001012868406312e+00 9.525954073680374945e-01
1.067063059900558386e+00 9.535938148888180033e-01
1.074125106932711127e+00 9.545932097240583669e-01
1.081187153964862757e+00 9.555927860003030627e-01
1.088249200997014832e+00 9.565917459380751664e-01
1.095311248029167572e+00 9.575893007562271686e-01
1.102373295061319425e+00 9.585846715785077965e-01
1.109435342093471277e+00 9.595770903420940412e-01
1.116497389125624018e+00 9.605658007075708049e-01
1.123559436157775870e+00 9.615500589695679112e-01
1.130621483189928611e+00 9.625291349669803376e-01
1.137683530222080464e+00 9.635023129914027651e-01
1.144745577254232316e+00 9.644688926921236583e-01
1.151807624286385057e+00 9.654281899757301000e-01
1.158869671318536909e+00 9.663795378980893913e-01
1.165931718350688762e+00 9.673222875462030856e-01
1.172993765382841502e+00 9.682558089071632290e-01
1.180055812414993133e+00 9.691794917211978833e-01
1.187117859447146095e+00 9.700927463155759600e-01
1.194179906479297948e+00 9.709950044159331162e-01
1.201241953511449800e+00 9.718857199314262507e-01
1.208304000543602319e+00 9.727643697099734865e-01
1.215366047575754394e+00 9.736304542597420397e-01
1.222428094607906246e+00 9.744834984329812100e-01
1.229490141640058765e+00 9.753230520682639737e-01
1.236552188672210839e+00 9.761486905872245323e-01
1.243614235704363580e+00 9.769600155419280174e-01
1.250676282736515432e+00 9.777566551091094738e-01
1.257738329768667285e+00 9.785382645276617941e-01
1.264800376800820025e+00 9.793045264759322466e-01
1.271862423832971878e+00 9.800551513856130548e-01
1.278924470865123508e+00 9.807898776892766124e-01
1.285986517897276471e+00 9.815084719989031203e-01
1.293048564929428323e+00 9.822107292130886069e-01
1.300110611961579954e+00 9.828964725509878875e-01
1.307172658993732695e+00 9.835655535114438131e-01
1.314234706025884769e+00 9.842178517561750439e-01
1.321296753058037510e+00 9.848532749163394495e-01
1.328358800090189140e+00 9.854717583222452060e-01
1.335420847122341215e+00 9.860732646564540627e-01
1.342482894154493955e+00 9.866577835309970901e-01
1.349544941186645808e+00 9.872253309899016172e-01
1.356606988218797660e+00 9.877759489387026859e-01
1.363669035250950401e+00 9.883097045030825312e-01
1.370731082283102253e+00 9.888266893192294571e-01
1.377793129315254772e+00 9.893270187589529030e-01
1.384855176347406847e+00 9.898108310929975007e-01
1.391917223379558699e+00 9.902782865963928316e-01
1.398979270411711440e+00 9.907295666000318635e-01
1.406041317443863292e+00 9.911648724929944532e-01
1.413103364476015145e+00 9.915844246804230711e-01
1.420165411508167885e+00 9.919884615020041485e-01
1.427227458540319516e+00 9.923772381163152856e-01
1.434289505572472478e+00 9.927510253564666431e-01
1.441351552604624331e+00 9.931101085625775315e-01
1.448413599636775961e+00 9.934547863967133630e-01
1.455475646668928702e+00 9.937853696459293396e-01
1.462537693701080777e+00 9.941021800190590341e-01
1.469599740733232629e+00 9.944055489428249572e-01
1.476661787765385148e+00 9.946958163627485083e-01
1.483723834797537222e+00 9.949733295541951517e-01
1.490785881829689075e+00 9.952384419487123601e-01
1.497847928861841815e+00 9.954915119806018176e-01
1.504909975893993668e+00 9.957329019584183483e-01
1.511972022926146408e+00 9.959629769658141507e-01
1.519034069958298261e+00 9.961821037958369374e-01
1.526096116990449891e+00 9.963906499224692848e-01
1.533158164022602854e+00 9.965889825128475543e-01
1.540220211054754706e+00 9.967774674832374782e-01
1.547282258086906337e+00 9.969564686014735777e-01
1.554344305119059300e+00 9.971263466381866669e-01
1.561406352151211152e+00 9.972874585687612203e-01
1.568468399183363893e+00 9.974401568275800267e-01
1.575530446215515523e+00 9.975847886157341859e-01
1.582592493247667598e+00 9.977216952629988089e-01
1.589654540279820338e+00 9.978512116445156233e-01
1.596716587311971969e+00 9.979736656522673055e-01
1.603778634344124043e+00 9.980893777210957385e-01
1.610840681376276784e+00 9.981986604086952042e-01
1.617902728408428636e+00 9.983018180287139831e-01
1.624964775440581155e+00 9.983991463358190543e-01
1.632026822472733230e+00 9.984909322613246818e-01
1.639088869504885082e+00 9.985774536977538585e-01
1.646150916537037823e+00 9.986589793304951890e-01
1.653212963569189675e+00 9.987357685145366037e-01
1.660275010601341528e+00 9.988080711941031975e-01
1.667337057633494268e+00 9.988761278628913720e-01
1.674399104665645899e+00 9.989401695624916533e-01
1.681461151697797973e+00 9.990004179165069553e-01
1.688523198729950714e+00 9.990570851978174405e-01
1.695585245762102344e+00 9.991103744264069331e-01
1.702647292794255307e+00 9.991604794951547408e-01
1.709709339826407160e+00 9.992075853210005132e-01
1.716771386858559012e+00 9.992518680189168556e-01
1.723833433890711531e+00 9.992934950961681606e-01
1.730895480922863605e+00 9.993326256643896288e-01
1.737957527955015458e+00 9.993694106670963917e-01
1.745019574987167976e+00 9.994039931203152483e-01
1.752081622019320051e+00 9.994365083641283398e-01
1.759143669051472791e+00 9.994670843230223367e-01
1.766205716083624644e+00 9.994958417730495093e-01
1.773267763115776496e+00 9.995228946139249615e-01
1.780329810147929237e+00 9.995483501443063190e-01
1.787391857180081089e+00 9.995723093386297275e-01
1.794453904212232720e+00 9.995948671240010297e-01
1.801515951244385683e+00 9.996161126557693288e-01
1.808577998276537091e+00 9.996361295905388245e-01
1.815640045308690498e+00 9.996549963554971496e-01
1.822702092340841906e+00 9.996727864130625640e-01
1.829764139372993537e+00 9.996895685199721493e-01
1.836826186405146721e+00 9.997054069800441756e-01
1.843888233437298352e+00 9.997203618899626054e-01
1.850950280469450426e+00 9.997344893775316210e-01
1.858012327501603167e+00 9.997478418319485360e-01
1.865074374533755242e+00 9.997604681257379333e-01
1.872136421565906872e+00 9.997724138280708051e-01
1.879198468598060057e+00 9.997837214092786251e-01
1.886260515630211687e+00 9.997944304364398960e-01
1.893322562662363984e+00 9.998045777599877670e-01
1.900384609694516058e+00 9.998141976913450524e-01
1.907446656726667911e+00 9.998233221716479324e-01
1.914508703758820873e+00 9.998319809316679185e-01
1.921570750790972504e+00 9.998402016430832928e-01
1.928632797823124356e+00 9.998480100612882060e-01
1.935694844855276875e+00 9.998554301599574812e-01
1.942756891887428727e+00 9.998624842576144811e-01
1.949818938919581690e+00 9.998691931364661611e-01
1.956880985951733098e+00 9.998755761537911901e-01
1.963943032983885173e+00 9.998816513461773470e-01
1.971005080016037914e+00 9.998874355269139480e-01
1.978067127048189544e+00 9.998929443768528325e-01
1.985129174080341619e+00 9.998981925290526540e-01
1.992191221112494359e+00 9.999031936475226701e-01
1.999253268144646434e+00 9.999079605003796667e-01
2.006315315176798286e+00 9.999125050277291038e-01
2.013377362208951027e+00 9.999168384045729052e-01
2.020439409241102879e+00 9.999209710990423217e-01
2.027501456273256064e+00 9.999249129262430813e-01
2.034563503305407473e+00 9.999286730979930482e-01
2.041625550337559769e+00 9.999322602687183981e-01
2.048687597369712066e+00 9.999356825777682145e-01
2.055749644401863918e+00 9.999389476883910888e-01
2.062811691434016215e+00 9.999420628236098674e-01
2.069873738466168511e+00 9.999450347992148158e-01
2.076935785498320364e+00 9.999478700540866960e-01
2.083997832530472660e+00 9.999505746780478210e-01
2.091059879562624957e+00 9.999531544374272718e-01
2.098121926594776809e+00 9.999556147985165788e-01
2.105183973626929106e+00 9.999579609490787391e-01
2.112246020659081402e+00 9.999601978180654438e-01
2.119308067691232811e+00 9.999623300936834047e-01
2.126370114723385552e+00 9.999643622399457810e-01
2.133432161755537404e+00 9.999662985118293879e-01
2.140494208787690589e+00 9.999681429691550383e-01
2.147556255819842441e+00 9.999698994892951553e-01
2.154618302851994294e+00 9.999715717788081326e-01
2.161680349884147034e+00 9.999731633840903688e-01
2.168742396916298887e+00 9.999746777011278009e-01
2.175804443948450739e+00 9.999761179844273151e-01
2.182866490980603480e+00 9.999774873551950938e-01
2.189928538012755777e+00 9.999787888088308430e-01
2.196990585044907185e+00 9.999800252217958541e-01
2.204052632077059926e+00 9.999811993579098557e-01
2.211114679109211778e+00 9.999823138741287254e-01
2.218176726141364519e+00 9.999833713258489132e-01
2.225238773173516371e+00 9.999843741717799883e-01
2.232300820205667780e+00 9.999853247784266097e-01
2.239362867237820964e+00 9.999862254242137816e-01
2.246424914269972817e+00 9.999870783032893673e-01
2.253486961302124669e+00 9.999878855290337265e-01
2.260549008334277410e+00 9.999886491373038977e-01
2.267611055366428818e+00 9.999893710894376397e-01
