
 4.78200856032666E+0000	 1.02195523071903E-0044
 4.77726258211568E+0000	 1.40536340782160E-0044
 4.77251660390470E+0000	 1.93149809026101E-0044
 4.76777062569371E+0000	 2.65307073584069E-0044
 4.76302464748273E+0000	 3.64210371142301E-0044
 4.75827866927174E+0000	 4.99694707111637E-0044
 4.75353269106076E+0000	 6.85182381503951E-0044
 4.74878671284978E+0000	 9.38980638322404E-0044
 4.74404073463879E+0000	 1.28604490083780E-0043
 4.73929475642781E+0000	 1.76037295514242E-0043
 4.73454877821682E+0000	 2.40825421119121E-0043
 4.72980280000584E+0000	 3.29267658569117E-0043
 4.72505682179486E+0000	 4.49929997905285E-0043
 4.72031084358387E+0000	 6.14454840412704E-0043
 4.71556486537289E+0000	 8.38656579888689E-0043
 4.71081888716190E+0000	 1.14400397912301E-0042
 4.70607290895092E+0000	 1.55962475110432E-0042
 4.70132693073994E+0000	 2.12501465782655E-0042
 4.69658095252895E+0000	 2.89369656704188E-0042
 4.69183497431797E+0000	 3.93815962865285E-0042
 4.68708899610698E+0000	 5.35652245837740E-0042
 4.68234301789600E+0000	 7.28151674324668E-0042
 4.67759703968502E+0000	 9.89259211529904E-0042
 4.67285106147403E+0000	 1.34322170774714E-0041
 4.66810508326305E+0000	 1.82278174068624E-0041
 4.66335910505206E+0000	 2.47212841516617E-0041
 4.65861312684108E+0000	 3.35086393588644E-0041
 4.65386714863010E+0000	 4.53933245214977E-0041
 4.64912117041911E+0000	 6.14577476123326E-0041
 4.64437519220813E+0000	 8.31592876726738E-0041
 4.63962921399714E+0000	 1.12459040759889E-0040
 4.63488323578616E+0000	 1.51994370597862E-0040
 4.63013725757518E+0000	 2.05310030429788E-0040
 4.62539127936419E+0000	 2.77167553396773E-0040
 4.62064530115321E+0000	 3.73959170205874E-0040
 4.61589932294222E+0000	 5.04261238849911E-0040
 4.61115334473124E+0000	 6.79573768742185E-0040
 4.60640736652026E+0000	 9.15308026331243E-0040
 4.60166138830927E+0000	 1.23210465856155E-0039
 4.59691541009829E+0000	 1.65759189959973E-0039
 4.59216943188730E+0000	 2.22872939538584E-0039
 4.58742345367632E+0000	 2.99493084102233E-0039
 4.58267747546534E+0000	 4.02222173965702E-0039
 4.57793149725435E+0000	 5.39877211774048E-0039
 4.57318551904337E+0000	 7.24225450509626E-0039
 4.56843954083238E+0000	 9.70962351368662E-0039
 4.56369356262140E+0000	 1.30101062498983E-0038
 4.55894758441042E+0000	 1.74224474637560E-0038
 4.55420160619943E+0000	 2.33177893476144E-0038
 4.54945562798845E+0000	 3.11900089569359E-0038
 4.54470964977746E+0000	 4.16959200855782E-0038
 4.53996367156648E+0000	 5.57085153636117E-0038
 4.53521769335550E+0000	 7.43874364055842E-0038
 4.53047171514451E+0000	 9.92721910803432E-0038
 4.52572573693353E+0000	 1.32405386995845E-0037
 4.52097975872254E+0000	 1.76495549427797E-0037
 4.51623378051156E+0000	 2.35132110624326E-0037
 4.51148780230058E+0000	 3.13069118475484E-0037
 4.50674182408959E+0000	 4.16599406949165E-0037
 4.50199584587861E+0000	 5.54047778334628E-0037
 4.49724986766762E+0000	 7.36420663771404E-0037
 4.49250388945664E+0000	 9.78261399881681E-0037
 4.48775791124566E+0000	 1.29877552741412E-0036
 4.48301193303467E+0000	 1.72331047885051E-0036
 4.47826595482369E+0000	 2.28530010244705E-0036
 4.47351997661270E+0000	 3.02881852540626E-0036
 4.46877399840172E+0000	 4.01193230005927E-0036
 4.46402802019074E+0000	 5.31109773607182E-0036
 4.45928204197975E+0000	 7.02692586437946E-0036
 4.45453606376877E+0000	 9.29173587905960E-0036
 4.44979008555778E+0000	 1.22794459995951E-0035
 4.44504410734680E+0000	 1.62185173476578E-0035
 4.44029812913582E+0000	 2.14088831116791E-0035
 4.43555215092483E+0000	 2.82440768244734E-0035
 4.43080617271385E+0000	 3.72401392027433E-0035
 4.42606019450286E+0000	 4.90733575055222E-0035
 4.42131421629188E+0000	 6.46295068108018E-0035
 4.41656823808090E+0000	 8.50680603557094E-0035
 4.41182225986991E+0000	 1.11905869503520E-0034
 4.40707628165893E+0000	 1.47126151792906E-0034
 4.40233030344794E+0000	 1.93320356536351E-0034
 4.39758432523696E+0000	 2.53872715705036E-0034
 4.39283834702598E+0000	 3.33200180240426E-0034
 4.38809236881499E+0000	 4.37064177346091E-0034
 4.38334639060401E+0000	 5.72975445479367E-0034
 4.37860041239302E+0000	 7.50719422454370E-0034
 4.37385443418204E+0000	 9.83037678469272E-0034
 4.36910845597106E+0000	 1.28651121332511E-0033
 4.36436247776007E+0000	 1.68270473369945E-0033
 4.35961649954909E+0000	 2.19964813519447E-0033
 4.35487052133810E+0000	 2.87375341449014E-0033
 4.35012454312712E+0000	 3.75229351057191E-0033
 4.34537856491614E+0000	 4.89660588697739E-0033
 4.34063258670515E+0000	 6.38623027657168E-0033
 4.33588660849417E+0000	 8.32424979936493E-0033
 4.33114063028318E+0000	 1.08441813118410E-0032
 4.32639465207220E+0000	 1.41188590465576E-0032
 4.32164867386122E+0000	 1.83718813362570E-0032
 4.31690269565023E+0000	 2.38923511092127E-0032
 4.31215671743925E+0000	 3.10538465956494E-0032
 4.30741073922826E+0000	 4.03388216451522E-0032
 4.30266476101728E+0000	 5.23699709208299E-0032
 4.29791878280630E+0000	 6.79505239567439E-0032
 4.29317280459531E+0000	 8.81159789748804E-0032
 4.28842682638433E+0000	 1.14200484609268E-0031
 4.28368084817334E+0000	 1.47921966058020E-0031
 4.27893486996236E+0000	 1.91491223369755E-0031
 4.27418889175138E+0000	 2.47751669047602E-0031
 4.26944291354039E+0000	 3.20358202813884E-0031
 4.26469693532941E+0000	 4.14006048091787E-0031
 4.25995095711842E+0000	 5.34723330118806E-0031
 4.25520497890744E+0000	 6.90244927146534E-0031
 4.25045900069646E+0000	 8.90489885457638E-0031
 4.24571302248547E+0000	 1.14817072291616E-0030
 4.24096704427449E+0000	 1.47957059115334E-0030
 4.23622106606350E+0000	 1.90553394762953E-0030
 4.23147508785252E+0000	 2.45272864019705E-0030
 4.22672910964154E+0000	 3.15525280121868E-0030
 4.22198313143055E+0000	 4.05667953212607E-0030
 4.21723715321957E+0000	 5.21265709654151E-0030
 4.21249117500858E+0000	 6.69421356752005E-0030
 4.20774519679760E+0000	 8.59195427052831E-0030
 4.20299921858662E+0000	 1.10213900345159E-0029
 4.19825324037563E+0000	 1.41296968498019E-0029
 4.19350726216465E+0000	 1.81042863430869E-0029
 4.18876128395366E+0000	 2.31836656616010E-0029
 4.18401530574268E+0000	 2.96711900979265E-0029
 4.17926932753170E+0000	 3.79524685731689E-0029
 4.17452334932071E+0000	 4.85173790398626E-0029
 4.16977737110973E+0000	 6.19878980995936E-0029
 4.16503139289874E+0000	 7.91532593030371E-0029
 4.16028541468776E+0000	 1.01014343493402E-0028
 4.15553943647678E+0000	 1.28839691844762E-0028
 4.15079345826579E+0000	 1.64236142452062E-0028
 4.14604748005481E+0000	 2.09237854979921E-0028
 4.14130150184382E+0000	 2.66418442965542E-0028
 4.13655552363284E+0000	 3.39032127146975E-0028
 4.13180954542186E+0000	 4.31191314375803E-0028
 4.12706356721087E+0000	 5.48089868212245E-0028
 4.12231758899989E+0000	 6.96283659727191E-0028
 4.11757161078890E+0000	 8.84042882657642E-0028
 4.11282563257792E+0000	 1.12179422510512E-0027
 4.10807965436694E+0000	 1.42267548291489E-0027
 4.10333367615595E+0000	 1.80323079127819E-0027
 4.09858769794497E+0000	 2.28428160518713E-0027
 4.09384171973398E+0000	 2.89201720285773E-0027
 4.08909574152300E+0000	 3.65935922285041E-0027
 4.08434976331202E+0000	 4.62766807392887E-0027
 4.07960378510103E+0000	 5.84887559200862E-0027
 4.07485780689005E+0000	 7.38814881972468E-0027
 4.07011182867906E+0000	 9.32721518653444E-0027
 4.06536585046808E+0000	 1.17685108229685E-0026
 4.06061987225710E+0000	 1.48403526698399E-0026
 4.05587389404611E+0000	 1.87033831865254E-0026
 4.05112791583513E+0000	 2.35585959666191E-0026
 4.04638193762414E+0000	 2.96573240693439E-0026
 4.04163595941316E+0000	 3.73136636063610E-0026
 4.03688998120218E+0000	 4.69199170556731E-0026
 4.03214400299119E+0000	 5.89657787747945E-0026
 4.02739802478021E+0000	 7.40621552190740E-0026
 4.02265204656922E+0000	 9.29707217426747E-0026
 4.01790606835824E+0000	 1.16640575508888E-0025
 4.01316009014726E+0000	 1.46253660896751E-0025
 4.00841411193627E+0000	 1.83281033225826E-0025
 4.00366813372529E+0000	 2.29552504953442E-0025
 3.99892215551430E+0000	 2.87342805653453E-0025
 3.99417617730332E+0000	 3.59478107368360E-0025
 3.98943019909234E+0000	 4.49467649968195E-0025
 3.98468422088135E+0000	 5.61666283048426E-0025
 3.97993824267037E+0000	 7.01475065605604E-0025
 3.97519226445938E+0000	 8.75588685717831E-0025
 3.97044628624840E+0000	 1.09230044474780E-0024
 3.96570030803742E+0000	 1.36187797318698E-0024
 3.96095432982643E+0000	 1.69702580411222E-0024
 3.95620835161545E+0000	 2.11345454175996E-0024
 3.95146237340446E+0000	 2.63058076813824E-0024
 3.94671639519348E+0000	 3.27238720102036E-0024
 3.94197041698250E+0000	 4.06847915936171E-0024
 3.93722443877151E+0000	 5.05538135802055E-0024
 3.93247846056053E+0000	 6.27812874609110E-0024
 3.92773248234954E+0000	 7.79221688897482E-0024
 3.92298650413856E+0000	 9.66599171662445E-0024
 3.91824052592758E+0000	 1.19835758541046E-0023
 3.91349454771659E+0000	 1.48484498610527E-0023
 3.90874856950561E+0000	 1.83878323118142E-0023
 3.90400259129463E+0000	 2.27580336853632E-0023
 3.89925661308364E+0000	 2.81509966322426E-0023
 3.89451063487266E+0000	 3.48022807027387E-0023
 3.88976465666167E+0000	 4.30008046893245E-0023
 3.88501867845069E+0000	 5.31007263193989E-0023
 3.88027270023971E+0000	 6.55359194879916E-0023
 3.87552672202872E+0000	 8.08376063723965E-0023
 3.87078074381774E+0000	 9.96558190131817E-0023
 3.86603476560675E+0000	 1.22785506343479E-0022
 3.86128878739577E+0000	 1.51198273069269E-0022
 3.85654280918479E+0000	 1.86080942074505E-0022
 3.85179683097380E+0000	 2.28882379116231E-0022
 3.84705085276282E+0000	 2.81370315817293E-0022
 3.84230487455183E+0000	 3.45700264309806E-0022
 3.83755889634085E+0000	 4.24499046210708E-0022
 3.83281291812987E+0000	 5.20965974093644E-0022
 3.82806693991888E+0000	 6.38995342153734E-0022
 3.82332096170790E+0000	 7.83324624471501E-0022
 3.81857498349691E+0000	 9.59713668132615E-0022
 3.81382900528593E+0000	 1.17516123296185E-0021
 3.80908302707495E+0000	 1.43816650368110E-0021
 3.80433704886396E+0000	 1.75904472417944E-0021
 3.79959107065298E+0000	 2.15030792511252E-0021
 3.79484509244199E+0000	 2.62712389197587E-0021
 3.79009911423101E+0000	 3.20786911841218E-0021
 3.78535313602003E+0000	 3.91479458855531E-0021
 3.78060715780904E+0000	 4.77482692710769E-0021
 3.77586117959806E+0000	 5.82053185833742E-0021
 3.77111520138707E+0000	 7.09127215741235E-0021
 3.76636922317609E+0000	 8.63459851563440E-0021
 3.76162324496511E+0000	 1.05079191596359E-0020
 3.75687726675412E+0000	 1.27805028811317E-0020
 3.75213128854314E+0000	 1.55358806051107E-0020
 3.74738531033215E+0000	 1.88747230529928E-0020
 3.74263933212117E+0000	 2.29182867996506E-0020
 3.73789335391019E+0000	 2.78125384987794E-0020
 3.73314737569920E+0000	 3.37330877532834E-0020
 3.72840139748822E+0000	 4.08910836160640E-0020
 3.72365541927723E+0000	 4.95402587030522E-0020
 3.71890944106625E+0000	 5.99853391841145E-0020
 3.71416346285527E+0000	 7.25920794265292E-0020
 3.70941748464428E+0000	 8.77992278995196E-0020
 3.70467150643330E+0000	 1.06132787394770E-0019
 3.69992552822231E+0000	 1.28222999184559E-0019
 3.69517955001133E+0000	 1.54824559189729E-0019
 3.69043357180035E+0000	 1.86840666625905E-0019
 3.68568759358936E+0000	 2.25351614346492E-0019
 3.68094161537838E+0000	 2.71648758016677E-0019
 3.67619563716739E+0000	 3.27274851613798E-0019
 3.67144965895641E+0000	 3.94071913379641E-0019
 3.66670368074543E+0000	 4.74237993703919E-0019
 3.66195770253444E+0000	 5.70394459681017E-0019
 3.65721172432346E+0000	 6.85665696286773E-0019
 3.65246574611247E+0000	 8.23773458281983E-0019
 3.64771976790149E+0000	 9.89148498212026E-0019
 3.64297378969051E+0000	 1.18706255369642E-0018
 3.63822781147952E+0000	 1.42378431256145E-0018
 3.63348183326854E+0000	 1.70676359998465E-0018
 3.62873585505755E+0000	 2.04484876242985E-0018
 3.62398987684657E+0000	 2.44854307581646E-0018
 3.61924389863559E+0000	 2.93030699982591E-0018
 3.61449792042460E+0000	 3.50491425931790E-0018
 3.60975194221362E+0000	 4.18987108387177E-0018
 3.60500596400263E+0000	 5.00590950791327E-0018
 3.60025998579165E+0000	 5.97756746183995E-0018
 3.59551400758067E+0000	 7.13387050948984E-0018
 3.59076802936968E+0000	 8.50913255582451E-0018
 3.58602205115870E+0000	 1.01438957144883E-0017
 3.58127607294771E+0000	 1.20860328496915E-0017
 3.57653009473673E+0000	 1.43920401616090E-0017
 3.57178411652575E+0000	 1.71285516507108E-0017
 3.56703813831476E+0000	 2.03741124676977E-0017
 3.56229216010378E+0000	 2.42212541393545E-0017
 3.55754618189279E+0000	 2.87789215796530E-0017
 3.55280020368181E+0000	 3.41753097907559E-0017
 3.54805422547083E+0000	 4.05611773914677E-0017
 3.54330824725984E+0000	 4.81137147655942E-0017
 3.53856226904886E+0000	 5.70410569104468E-0017
 3.53381629083787E+0000	 6.75875452271063E-0017
 3.52907031262689E+0000	 8.00398588038465E-0017
 3.52432433441591E+0000	 9.47341545156464E-0017
 3.51957835620492E+0000	 1.12064376853104E-0016
 3.51483237799394E+0000	 1.32491923209934E-0016
 3.51008639978295E+0000	 1.56556878862323E-0016
 3.50534042157197E+0000	 1.84891068591817E-0016
 3.50059444336099E+0000	 2.18233209434055E-0016
 3.49584846515000E+0000	 2.57446492057112E-0016
 3.49110248693902E+0000	 3.03538967555725E-0016
 3.48635650872803E+0000	 3.57687172864173E-0016
 3.48161053051705E+0000	 4.21263492530028E-0016
 3.47686455230607E+0000	 4.95867828373109E-0016
 3.47211857409508E+0000	 5.83364232844920E-0016
 3.46737259588410E+0000	 6.85923258135284E-0016
 3.46262661767311E+0000	 8.06070882861245E-0016
 3.45788063946213E+0000	 9.46745003343450E-0016
 3.45313466125115E+0000	 1.11136061908456E-0015
 3.44838868304016E+0000	 1.30388500443172E-0015
 3.44364270482918E+0000	 1.52892434314159E-0015
 3.43889672661819E+0000	 1.79182351260959E-0015
 3.43415074840721E+0000	 2.09878094317778E-0015
 3.42940477019623E+0000	 2.45698074890884E-0015
 3.42465879198524E+0000	 2.87474463367153E-0015
 3.41991281377426E+0000	 3.36170642499906E-0015
 3.41516683556327E+0000	 3.92901248319133E-0015
 3.41042085735229E+0000	 4.58955168040040E-0015
 3.40567487914131E+0000	 5.35821915052824E-0015
 3.40092890093032E+0000	 6.25221858301556E-0015
 3.39618292271934E+0000	 7.29140848020892E-0015
 3.39143694450835E+0000	 8.49869852811396E-0015
 3.38669096629737E+0000	 9.90050305418761E-0015
 3.38194498808639E+0000	 1.15272594747702E-0014
 3.37719900987540E+0000	 1.34140206814892E-0014
 3.37245303166442E+0000	 1.56011314945798E-0014
 3.36770705345343E+0000	 1.81350006372578E-0014
 3.36296107524245E+0000	 2.10689811764618E-0014
 3.35821509703147E+0000	 2.44643740508112E-0014
 3.35346911882048E+0000	 2.83915711879525E-0014
 3.34872314060950E+0000	 3.29313568243773E-0014
 3.34397716239851E+0000	 3.81763880076235E-0014
 3.33923118418753E+0000	 4.42328779126524E-0014
 3.33448520597655E+0000	 5.12225085733469E-0014
 3.32973922776556E+0000	 5.92846029520826E-0014
 3.32499324955458E+0000	 6.85785899844492E-0014
 3.32024727134359E+0000	 7.92868003857560E-0014
 3.31550129313261E+0000	 9.16176356386585E-0014
 3.31075531492163E+0000	 1.05809157749603E-0013
 3.30600933671064E+0000	 1.22133153123599E-0013
 3.30126335849966E+0000	 1.40899730325533E-0013
 3.29651738028867E+0000	 1.62462518641630E-0013
 3.29177140207769E+0000	 1.87224542303061E-0013
 3.28702542386671E+0000	 2.15644854069087E-0013
 3.28227944565572E+0000	 2.48246021681120E-0013
 3.27753346744474E+0000	 2.85622571592193E-0013
 3.27278748923375E+0000	 3.28450506458240E-0013
 3.26804151102277E+0000	 3.77498026268207E-0013
 3.26329553281179E+0000	 4.33637597820070E-0013
 3.25854955460080E+0000	 4.97859533661879E-0013
 3.25380357638982E+0000	 5.71287259766237E-0013
 3.24905759817883E+0000	 6.55194471262046E-0013
 3.24431161996785E+0000	 7.51024397692499E-0013
 3.23956564175687E+0000	 8.60411423702529E-0013
 3.23481966354588E+0000	 9.85205337998546E-0013
 3.23007368533490E+0000	 1.12749851310279E-0012
 3.22532770712391E+0000	 1.28965635109764E-0012
 3.22058172891293E+0000	 1.47435136649663E-0012
 3.21583575070195E+0000	 1.68460131688503E-0012
 3.21108977249096E+0000	 1.92381183536430E-0012
 3.20634379427998E+0000	 2.19582406645696E-0012
 3.20159781606899E+0000	 2.50496785935266E-0012
 3.19685183785801E+0000	 2.85612112960454E-0012
 3.19210585964703E+0000	 3.25477606304600E-0012
 3.18735988143604E+0000	 3.70711290425567E-0012
 3.18261390322506E+0000	 4.22008214684679E-0012
 3.17786792501407E+0000	 4.80149602472957E-0012
 3.17312194680309E+0000	 5.46013029285868E-0012
 3.16837596859211E+0000	 6.20583738344063E-0012
 3.16362999038112E+0000	 7.04967212978913E-0012
 3.15888401217014E+0000	 8.00403136566808E-0012
 3.15413803395915E+0000	 9.08280883379569E-0012
 3.14939205574817E+0000	 1.03015669739780E-0011
 3.14464607753719E+0000	 1.16777273099349E-0011
 3.13990009932620E+0000	 1.32307813151592E-0011
 3.13515412111522E+0000	 1.49825238130479E-0011
 3.13040814290423E+0000	 1.69573111560615E-0011
 3.12566216469325E+0000	 1.91823466338472E-0011
 3.12091618648227E+0000	 2.16879957822174E-0011
 3.11617020827128E+0000	 2.45081345047806E-0011
 3.11142423006030E+0000	 2.76805331780919E-0011
 3.10667825184931E+0000	 3.12472801907465E-0011
 3.10193227363833E+0000	 3.52552486682096E-0011
 3.09718629542735E+0000	 3.97566104598132E-0011
 3.09244031721636E+0000	 4.48094018137207E-0011
 3.08769433900538E+0000	 5.04781455413415E-0011
 3.08294836079439E+0000	 5.68345348762769E-0011
 3.07820238258341E+0000	 6.39581846661007E-0011
 3.07345640437243E+0000	 7.19374559998710E-0011
 3.06871042616144E+0000	 8.08703608720641E-0011
 3.06396444795046E+0000	 9.08655540164959E-0011
 3.05921846973947E+0000	 1.02043419613720E-0010
 3.05447249152849E+0000	 1.14537261184347E-0010
 3.04972651331751E+0000	 1.28494603630823E-0010
 3.04498053510652E+0000	 1.44078617083518E-0010
 3.04023455689554E+0000	 1.61469672945742E-0010
 3.03548857868455E+0000	 1.80867043318661E-0010
 3.03074260047357E+0000	 2.02490755823401E-0010
 3.02599662226259E+0000	 2.26583616726108E-0010
 3.02125064405160E+0000	 2.53413416214732E-0010
 3.01650466584062E+0000	 2.83275330676242E-0010
 3.01175868762963E+0000	 3.16494537882050E-0010
 3.00701270941865E+0000	 3.53429062110218E-0010
 3.00226673120767E+0000	 3.94472867417662E-0010
 2.99752075299668E+0000	 4.40059218526590E-0010
 2.99277477478570E+0000	 4.90664330108991E-0010
 2.98802879657471E+0000	 5.46811326643498E-0010
 2.98328281836373E+0000	 6.09074536482466E-0010
 2.97853684015275E+0000	 6.78084145305958E-0010
 2.97379086194176E+0000	 7.54531235755348E-0010
 2.96904488373078E+0000	 8.39173241734614E-0010
 2.96429890551979E+0000	 9.32839847643671E-0010
 2.95955292730881E+0000	 1.03643936466727E-0009
 2.95480694909783E+0000	 1.15096561818625E-0009
 2.95006097088684E+0000	 1.27750538240699E-0009
 2.94531499267586E+0000	 1.41724640042039E-0009
 2.94056901446487E+0000	 1.57148603010532E-0009
 2.93582303625389E+0000	 1.74164055858280E-0009
 2.93107705804291E+0000	 1.92925523030759E-0009
 2.92633107983192E+0000	 2.13601503635319E-0009
 2.92158510162094E+0000	 2.36375631500323E-0009
 2.91683912340995E+0000	 2.61447921640842E-0009
 2.91209314519897E+0000	 2.89036108680045E-0009
 2.90734716698799E+0000	 3.19377083057215E-0009
 2.90260118877700E+0000	 3.52728431143548E-0009
 2.89785521056602E+0000	 3.89370085685214E-0009
 2.89310923235503E+0000	 4.29606093299382E-0009
 2.88836325414405E+0000	 4.73766506062722E-0009
 2.88361727593307E+0000	 5.22209404552807E-0009
 2.87887129772208E+0000	 5.75323060030611E-0009
 2.87412531951110E+0000	 6.33528243786190E-0009
 2.86937934130011E+0000	 6.97280692009371E-0009
 2.86463336308913E+0000	 7.67073734891957E-0009
 2.85988738487815E+0000	 8.43441099017208E-0009
 2.85514140666716E+0000	 9.26959892445093E-0009
 2.85039542845618E+0000	 1.01825378225764E-0008
 2.84564945024519E+0000	 1.11799637468628E-0008
 2.84090347203421E+0000	 1.22691480830183E-0008
 2.83615749382323E+0000	 1.34579357110654E-0008
 2.83141151561224E+0000	 1.47547855272535E-0008
 2.82666553740126E+0000	 1.61688134324863E-0008
 2.82191955919027E+0000	 1.77098379063124E-0008
 2.81717358097929E+0000	 1.93884282889940E-0008
 2.81242760276831E+0000	 2.12159558975849E-0008
 2.80768162455732E+0000	 2.32046481052814E-0008
 2.80293564634634E+0000	 2.53676455165590E-0008
 2.79818966813535E+0000	 2.77190623737460E-0008
 2.79344368992437E+0000	 3.02740503337048E-0008
 2.78869771171339E+0000	 3.30488657561715E-0008
 2.78395173350240E+0000	 3.60609406480300E-0008
 2.77920575529142E+0000	 3.93289574103498E-0008
 2.77445977708043E+0000	 4.28729275373761E-0008
 2.76971379886945E+0000	 4.67142744188170E-0008
 2.76496782065847E+0000	 5.08759203986964E-0008
 2.76022184244748E+0000	 5.53823782457210E-0008
 2.75547586423650E+0000	 6.02598471915278E-0008
 2.75072988602551E+0000	 6.55363136943098E-0008
 2.74598390781453E+0000	 7.12416570861510E-0008
 2.74123792960355E+0000	 7.74077602629088E-0008
 2.73649195139256E+0000	 8.40686255756676E-0008
 2.73174597318158E+0000	 9.12604960825898E-0008
 2.72699999497059E+0000	 9.90219823194554E-0008
 2.72225401675961E+0000	 1.07394194746225E-0007
 2.71750803854863E+0000	 1.16420882025628E-0007
 2.71276206033764E+0000	 1.26148575287993E-0007
 2.70801608212666E+0000	 1.36626738534378E-0007
 2.70327010391568E+0000	 1.47907925327367E-0007
 2.69852412570469E+0000	 1.60047941915847E-0007
 2.69377814749371E+0000	 1.73106016936485E-0007
 2.68903216928272E+0000	 1.87144977830608E-0007
 2.68428619107174E+0000	 2.02231434110661E-0007
 2.67954021286076E+0000	 2.18435967605421E-0007
 2.67479423464977E+0000	 2.35833329807657E-0007
 2.67004825643879E+0000	 2.54502646441955E-0007
 2.66530227822780E+0000	 2.74527629363960E-0007
 2.66055630001682E+0000	 2.95996795895368E-0007
 2.65581032180584E+0000	 3.19003695691543E-0007
 2.65106434359485E+0000	 3.43647145230823E-0007
 2.64631836538387E+0000	 3.70031470006197E-0007
 2.64157238717288E+0000	 3.98266754491293E-0007
 2.63682640896190E+0000	 4.28469099943440E-0007
 2.63208043075092E+0000	 4.60760890096988E-0007
 2.62733445253993E+0000	 4.95271064790110E-0007
 2.62258847432895E+0000	 5.32135401558036E-0007
 2.61784249611796E+0000	 5.71496805215059E-0007
 2.61309651790698E+0000	 6.13505605436754E-0007
 2.60835053969600E+0000	 6.58319862342748E-0007
 2.60360456148501E+0000	 7.06105680069047E-0007
 2.59885858327403E+0000	 7.57037528307431E-0007
 2.59411260506304E+0000	 8.11298571777866E-0007
 2.58936662685206E+0000	 8.69081007588206E-0007
 2.58462064864108E+0000	 9.30586410423822E-0007
 2.57987467043009E+0000	 9.96026085498194E-0007
 2.57512869221911E+0000	 1.06562142918402E-0006
 2.57038271400812E+0000	 1.13960429723310E-0006
 2.56563673579714E+0000	 1.21821738048208E-0006
 2.56089075758616E+0000	 1.30171458793062E-0006
 2.55614477937517E+0000	 1.39036143706791E-0006
 2.55139880116419E+0000	 1.48443545131367E-0006
 2.54665282295320E+0000	 1.58422656443044E-0006
 2.54190684474222E+0000	 1.69003753175503E-0006
 2.53716086653124E+0000	 1.80218434808898E-0006
 2.53241488832025E+0000	 1.92099667208070E-0006
 2.52766891010927E+0000	 2.04681825692515E-0006
 2.52292293189828E+0000	 2.18000738720178E-0006
 2.51817695368730E+0000	 2.32093732166652E-0006
 2.51343097547632E+0000	 2.46999674181070E-0006
 2.50868499726533E+0000	 2.62759020599704E-0006
 2.50393901905435E+0000	 2.79413860898212E-0006
 2.49919304084336E+0000	 2.97007964663545E-0006
 2.49444706263238E+0000	 3.15586828566652E-0006
 2.48970108442140E+0000	 3.35197723817509E-0006
 2.48495510621041E+0000	 3.55889744084497E-0006
 2.48020912799943E+0000	 3.77713853860780E-0006
 2.47546314978844E+0000	 4.00722937261244E-0006
 2.47071717157746E+0000	 4.24971847234568E-0006
 2.46597119336648E+0000	 4.50517455176203E-0006
 2.46122521515549E+0000	 4.77418700929523E-0006
 2.45647923694451E+0000	 5.05736643164015E-0006
 2.45173325873352E+0000	 5.35534510121237E-0006
 2.44698728052254E+0000	 5.66877750721390E-0006
 2.44224130231156E+0000	 5.99834086025641E-0006
 2.43749532410057E+0000	 6.34473561051903E-0006
 2.43274934588959E+0000	 6.70868596944572E-0006
 2.42800336767860E+0000	 7.09094043501808E-0006
 2.42325738946762E+0000	 7.49227232067229E-0006
 2.41851141125664E+0000	 7.91348028796518E-0006
 2.41376543304565E+0000	 8.35538888313245E-0006
 2.40901945483467E+0000	 8.81884907772416E-0006
 2.40427347662368E+0000	 9.30473881354625E-0006
 2.39952749841270E+0000	 9.81396355218479E-0006
 2.39478152020172E+0000	 1.03474568294393E-0005
 2.39003554199073E+0000	 1.09061808150451E-0005
 2.38528956377975E+0000	 1.14911268781215E-0005
 2.38054358556876E+0000	 1.21033161588420E-0005
 2.37579760735778E+0000	 1.27438001468860E-0005
 2.37105162914680E+0000	 1.34136612672986E-0005
 2.36630565093581E+0000	 1.41140134744544E-0005
 2.36155967272483E+0000	 1.48460028548957E-0005
 2.35681369451384E+0000	 1.56108082398935E-0005
 2.35206771630286E+0000	 1.64096418286600E-0005
 2.34732173809188E+0000	 1.72437498232284E-0005
 2.34257575988089E+0000	 1.81144130761048E-0005
 2.33782978166991E+0000	 1.90229477518916E-0005
 2.33308380345892E+0000	 1.99707060041813E-0005
 2.32833782524794E+0000	 2.09590766691223E-0005
 2.32359184703696E+0000	 2.19894859771672E-0005
 2.31884586882597E+0000	 2.30633982846308E-0005
 2.31409989061499E+0000	 2.41823168268000E-0005
 2.30935391240400E+0000	 2.53477844944695E-0005
 2.30460793419302E+0000	 2.65613846359023E-0005
 2.29986195598204E+0000	 2.78247418863605E-0005
 2.29511597777105E+0000	 2.91395230274899E-0005
 2.29036999956007E+0000	 3.05074378790011E-0005
 2.28562402134908E+0000	 3.19302402252469E-0005
 2.28087804313810E+0000	 3.34097287794675E-0005
 2.27613206492712E+0000	 3.49477481886539E-0005
 2.27138608671613E+0000	 3.65461900821654E-0005
 2.26664010850515E+0000	 3.82069941674396E-0005
 2.26189413029416E+0000	 3.99321493763390E-0005
 2.25714815208318E+0000	 4.17236950659025E-0005
 2.25240217387220E+0000	 4.35837222775003E-0005
 2.24765619566121E+0000	 4.55143750586418E-0005
 2.24291021745023E+0000	 4.75178518519422E-0005
 2.23816423923924E+0000	 4.95964069560346E-0005
 2.23341826102826E+0000	 5.17523520635017E-0005
 2.22867228281728E+0000	 5.39880578812138E-0005
 2.22392630460629E+0000	 5.63059558387862E-0005
 2.21918032639531E+0000	 5.87085398912138E-0005
 2.21443434818432E+0000	 6.11983684221122E-0005
 2.20968836997334E+0000	 6.37780662543777E-0005
 2.20494239176236E+0000	 6.64503267754954E-0005
 2.20019641355137E+0000	 6.92179141851555E-0005
 2.19545043534039E+0000	 7.20836658733065E-0005
 2.19070445712940E+0000	 7.50504949372534E-0005
 2.18595847891842E+0000	 7.81213928469337E-0005
 2.18121250070744E+0000	 8.12994322680476E-0005
 2.17646652249645E+0000	 8.45877700532927E-0005
 2.17172054428547E+0000	 8.79896504125772E-0005
 2.16697456607448E+0000	 9.15084082737106E-0005
 2.16222858786350E+0000	 9.51474728457717E-0005
 2.15748260965252E+0000	 9.89103713980572E-0005
 2.15273663144153E+0000	 1.02800733268278E-0004
 2.14799065323055E+0000	 1.06822294114466E-0004
 2.14324467501956E+0000	 1.10978900425881E-0004
 2.13849869680858E+0000	 1.15274514309115E-0004
 2.13375271859760E+0000	 1.19713218566476E-0004
 2.12900674038661E+0000	 1.24299222084742E-0004
 2.12426076217563E+0000	 1.29036865553352E-0004
 2.11951478396464E+0000	 1.33930627532211E-0004
 2.11476880575366E+0000	 1.38985130890336E-0004
 2.11002282754268E+0000	 1.44205149637782E-0004
 2.10527684933169E+0000	 1.49595616174457E-0004
 2.10053087112071E+0000	 1.55161628980706E-0004
 2.09578489290972E+0000	 1.60908460775843E-0004
 2.09103891469874E+0000	 1.66841567172156E-0004
 2.08629293648776E+0000	 1.72966595853319E-0004
 2.08154695827677E+0000	 1.79289396307585E-0004
 2.07680098006579E+0000	 1.85816030147616E-0004
 2.07205500185480E+0000	 1.92552782050347E-0004
 2.06730902364382E+0000	 1.99506171351879E-0004
 2.06256304543284E+0000	 2.06682964333950E-0004
 2.05781706722185E+0000	 2.14090187240253E-0004
 2.05307108901087E+0000	 2.21735140062506E-0004
 2.04832511079988E+0000	 2.29625411137899E-0004
 2.04357913258890E+0000	 2.37768892601294E-0004
 2.03883315437792E+0000	 2.46173796737283E-0004
 2.03408717616693E+0000	 2.54848673278986E-0004
 2.02934119795595E+0000	 2.63802427702245E-0004
 2.02459521974496E+0000	 2.73044340565636E-0004
 2.01984924153398E+0000	 2.82584087948472E-0004
 2.01510326332300E+0000	 2.92431763040728E-0004
 2.01035728511201E+0000	 3.02597898940533E-0004
 2.00561130690103E+0000	 3.13093492716536E-0004
 2.00086532869004E+0000	 3.23930030794111E-0004
 1.99611935047906E+0000	 3.35119515725896E-0004
 1.99137337226808E+0000	 3.46674494408703E-0004
 1.98662739405709E+0000	 3.58608087810213E-0004
 1.98188141584611E+0000	 3.70934022270190E-0004
 1.97713543763512E+0000	 3.83666662442144E-0004
 1.97238945942414E+0000	 3.96821045942419E-0004
 1.96764348121316E+0000	 4.10412919774633E-0004
 1.96289750300217E+0000	 4.24458778598085E-0004
 1.95815152479119E+0000	 4.38975904909357E-0004
 1.95340554658020E+0000	 4.53982411206662E-0004
 1.94865956836922E+0000	 4.69497284206637E-0004
 1.94391359015824E+0000	 4.85540431183164E-0004
 1.93916761194725E+0000	 5.02132728497427E-0004
 1.93442163373627E+0000	 5.19296072387736E-0004
 1.92967565552528E+0000	 5.37053432086688E-0004
 1.92492967731430E+0000	 5.55428905331926E-0004
 1.92018369910332E+0000	 5.74447776335087E-0004
 1.91543772089233E+0000	 5.94136576271504E-0004
 1.91069174268135E+0000	 6.14523146350768E-0004
 1.90594576447036E+0000	 6.35636703525426E-0004
 1.90119978625938E+0000	 6.57507908891737E-0004
 1.89645380804840E+0000	 6.80168938832687E-0004
 1.89170782983741E+0000	 7.03653558949136E-0004
 1.88696185162643E+0000	 7.27997200820233E-0004
 1.88221587341544E+0000	 7.53237041628916E-0004
 1.87746989520446E+0000	 7.79412086682431E-0004
 1.87272391699348E+0000	 8.06563254851412E-0004
 1.86797793878249E+0000	 8.34733466943986E-0004
 1.86323196057151E+0000	 8.63967737023824E-0004
 1.85848598236052E+0000	 8.94313266672742E-0004
 1.85374000414954E+0000	 9.25819542189672E-0004
 1.84899402593856E+0000	 9.58538434708263E-0004
 1.84424804772757E+0000	 9.92524303205270E-0004
 1.83950206951659E+0000	 1.02783410036111E-0003
 1.83475609130560E+0000	 1.06452748122249E-0003
 1.83001011309462E+0000	 1.10266691460496E-0003
 1.82526413488364E+0000	 1.14231779716060E-0003
 1.82051815667265E+0000	 1.18354857002246E-0003
 1.81577217846167E+0000	 1.22643083792377E-0003
 1.81102620025068E+0000	 1.27103949067501E-0003
 1.80628022203970E+0000	 1.31745282686702E-0003
 1.80153424382872E+0000	 1.36575267965242E-0003
 1.79678826561773E+0000	 1.41602454444164E-0003
 1.79204228740675E+0000	 1.46835770833275E-0003
 1.78729630919576E+0000	 1.52284538107751E-0003
 1.78255033098478E+0000	 1.57958482736802E-0003
 1.77780435277380E+0000	 1.63867750021083E-0003
 1.77305837456281E+0000	 1.70022917513658E-0003
 1.76831239635183E+0000	 1.76435008497525E-0003
 1.76356641814084E+0000	 1.83115505490786E-0003
 1.75882043992986E+0000	 1.90076363748697E-0003
 1.75407446171888E+0000	 1.97330024729919E-0003
 1.74932848350789E+0000	 2.04889429492417E-0003
 1.74458250529691E+0000	 2.12768031982570E-0003
 1.73983652708592E+0000	 2.20979812179190E-0003
 1.73509054887494E+0000	 2.29539289052331E-0003
 1.73034457066396E+0000	 2.38461533294962E-0003
 1.72559859245297E+0000	 2.47762179783848E-0003
 1.72085261424199E+0000	 2.57457439724271E-0003
 1.71610663603100E+0000	 2.67564112431628E-0003
 1.71136065782002E+0000	 2.78099596701387E-0003
 1.70661467960904E+0000	 2.89081901717423E-0003
 1.70186870139805E+0000	 3.00529657447424E-0003
 1.69712272318707E+0000	 3.12462124472785E-0003
 1.69237674497608E+0000	 3.24899203199331E-0003
 1.68763076676510E+0000	 3.37861442394164E-0003
 1.68288478855412E+0000	 3.51370046993157E-0003
 1.67813881034313E+0000	 3.65446885122878E-0003
 1.67339283213215E+0000	 3.80114494280219E-0003
 1.66864685392116E+0000	 3.95396086612694E-0003
 1.66390087571018E+0000	 4.11315553242163E-0003
 1.65915489749920E+0000	 4.27897467574807E-0003
 1.65440891928821E+0000	 4.45167087540431E-0003
 1.64966294107723E+0000	 4.63150356704587E-0003
 1.64491696286624E+0000	 4.81873904197753E-0003
 1.64017098465526E+0000	 5.01365043406640E-0003
 1.63542500644428E+0000	 5.21651769373909E-0003
 1.63067902823329E+0000	 5.42762754853897E-0003
 1.62593305002231E+0000	 5.64727344973645E-0003
 1.62118707181132E+0000	 5.87575550450341E-0003
 1.61644109360034E+0000	 6.11338039318461E-0003
 1.61169511538936E+0000	 6.36046127122238E-0003
 1.60694913717837E+0000	 6.61731765531741E-0003
 1.60220315896739E+0000	 6.88427529343739E-0003
 1.59745718075640E+0000	 7.16166601831609E-0003
 1.59271120254542E+0000	 7.44982758411995E-0003
 1.58796522433444E+0000	 7.74910348599485E-0003
 1.58321924612345E+0000	 8.05984276224449E-0003
 1.57847326791247E+0000	 8.38239977893255E-0003
 1.57372728970148E+0000	 8.71713399674383E-0003
 1.56898131149050E+0000	 9.06440971998426E-0003
 1.56423533327952E+0000	 9.42459582764706E-0003
 1.55948935506853E+0000	 9.79806548652065E-0003
 1.55474337685755E+0000	 1.01851958463646E-0002
 1.54999739864656E+0000	 1.05863677172318E-0002
 1.54525142043558E+0000	 1.10019652290676E-0002
 1.54050544222460E+0000	 1.14323754737724E-0002
 1.53575946401361E+0000	 1.18779881299684E-0002
 1.53101348580263E+0000	 1.23391950707664E-0002
 1.52626750759164E+0000	 1.28163899548885E-0002
 1.52152152938066E+0000	 1.33099678015545E-0002
 1.51677555116968E+0000	 1.38203245496011E-0002
 1.51202957295869E+0000	 1.43478566013577E-0002
 1.50728359474771E+0000	 1.48929603518571E-0002
 1.50253761653673E+0000	 1.54560317040207E-0002
 1.49779163832574E+0000	 1.60374655705045E-0002
 1.49304566011476E+0000	 1.66376553629533E-0002
 1.48829968190377E+0000	 1.72569924694569E-0002
 1.48355370369279E+0000	 1.78958657210559E-0002
 1.47880772548181E+0000	 1.85546608481908E-0002
 1.47406174727082E+0000	 1.92337599280362E-0002
 1.46931576905984E+0000	 1.99335408237037E-0002
 1.46456979084885E+0000	 2.06543766163393E-0002
 1.45982381263787E+0000	 2.13966350311791E-0002
 1.45507783442689E+0000	 2.21606778586622E-0002
 1.45033185621590E+0000	 2.29468603717296E-0002
 1.44558587800492E+0000	 2.37555307404691E-0002
 1.44083989979393E+0000	 2.45870294452883E-0002
 1.43609392158295E+0000	 2.54416886898186E-0002
 1.43134794337197E+0000	 2.63198318147704E-0002
 1.42660196516098E+0000	 2.72217727139719E-0002
 1.42185598695000E+0000	 2.81478152538314E-0002
 1.41711000873901E+0000	 2.90982526974673E-0002
 1.41236403052803E+0000	 3.00733671347501E-0002
 1.40761805231705E+0000	 3.10734289194943E-0002
 1.40287207410606E+0000	 3.20986961150287E-0002
 1.39812609589508E+0000	 3.31494139493618E-0002
 1.39338011768409E+0000	 3.42258142811372E-0002
 1.38863413947311E+0000	 3.53281150775544E-0002
 1.38388816126213E+0000	 3.64565199054002E-0002
 1.37914218305114E+0000	 3.76112174363066E-0002
 1.37439620484016E+0000	 3.87923809673159E-0002
 1.36965022662917E+0000	 4.00001679577909E-0002
 1.36490424841819E+0000	 4.12347195836697E-0002
 1.36015827020721E+0000	 4.24961603100124E-0002
 1.35541229199622E+0000	 4.37845974827416E-0002
 1.35066631378524E+0000	 4.51001209404202E-0002
 1.34592033557425E+0000	 4.64428026468562E-0002
 1.34117435736327E+0000	 4.78126963452654E-0002
 1.33642837915229E+0000	 4.92098372346568E-0002
 1.33168240094130E+0000	 5.06342416690475E-0002
 1.32693642273032E+0000	 5.20859068800414E-0002
 1.32219044451933E+0000	 5.35648107232447E-0002
 1.31744446630835E+0000	 5.50709114489162E-0002
 1.31269848809737E+0000	 5.66041474971866E-0002
 1.30795250988638E+0000	 5.81644373181048E-0002
 1.30320653167540E+0000	 5.97516792167040E-0002
 1.29846055346441E+0000	 6.13657512232042E-0002
 1.29371457525343E+0000	 6.30065109884026E-0002
 1.28896859704245E+0000	 6.46737957042280E-0002
 1.28422261883146E+0000	 6.63674220493752E-0002
 1.27947664062048E+0000	 6.80871861598554E-0002
 1.27473066240949E+0000	 6.98328636242483E-0002
 1.26998468419851E+0000	 7.16042095033630E-0002
 1.26523870598753E+0000	 7.34009583739644E-0002
 1.26049272777654E+0000	 7.52228243961572E-0002
 1.25574674956556E+0000	 7.70695014039659E-0002
 1.25100077135457E+0000	 7.89406630185898E-0002
 1.24625479314359E+0000	 8.08359627837765E-0002
 1.24150881493261E+0000	 8.27550343226907E-0002
 1.23676283672162E+0000	 8.46974915156295E-0002
 1.23201685851064E+0000	 8.66629286978859E-0002
 1.22727088029965E+0000	 8.86509208770317E-0002
 1.22252490208867E+0000	 9.06610239688568E-0002
 1.21777892387769E+0000	 9.26927750511757E-0002
 1.21303294566670E+0000	 9.47456926346898E-0002
 1.20828696745572E+0000	 9.68192769500743E-0002
 1.20354098924473E+0000	 9.89130102504410E-0002
 1.19879501103375E+0000	 1.01026357128325E-0001
 1.19404903282277E+0000	 1.03158764846331E-0001
 1.18930305461178E+0000	 1.05309663680568E-0001
 1.18455707640080E+0000	 1.07478467276022E-0001
 1.17981109818981E+0000	 1.09664573012998E-0001
 1.17506511997883E+0000	 1.11867362383790E-0001
 1.17031914176785E+0000	 1.14086201378740E-0001
 1.16557316355686E+0000	 1.16320440880877E-0001
 1.16082718534588E+0000	 1.18569417068327E-0001
 1.15608120713489E+0000	 1.20832451823736E-0001
 1.15133522892391E+0000	 1.23108853149942E-0001
 1.14658925071293E+0000	 1.25397915591193E-0001
 1.14184327250194E+0000	 1.27698920659217E-0001
 1.13709729429096E+0000	 1.30011137263491E-0001
 1.13235131607997E+0000	 1.32333822145102E-0001
 1.12760533786899E+0000	 1.34666220313612E-0001
 1.12285935965801E+0000	 1.37007565486391E-0001
 1.11811338144702E+0000	 1.39357080529927E-0001
 1.11336740323604E+0000	 1.41713977902644E-0001
 1.10862142502505E+0000	 1.44077460098827E-0001
 1.10387544681407E+0000	 1.46446720093270E-0001
 1.09912946860309E+0000	 1.48820941786332E-0001
 1.09438349039210E+0000	 1.51199300449104E-0001
 1.08963751218112E+0000	 1.53580963168449E-0001
 1.08489153397013E+0000	 1.55965089291717E-0001
 1.08014555575915E+0000	 1.58350830870972E-0001
 1.07539957754817E+0000	 1.60737333106611E-0001
 1.07065359933718E+0000	 1.63123734790305E-0001
 1.06590762112620E+0000	 1.65509168747203E-0001
 1.06116164291521E+0000	 1.67892762277415E-0001
 1.05641566470423E+0000	 1.70273637596780E-0001
 1.05166968649325E+0000	 1.72650912277007E-0001
 1.04692370828226E+0000	 1.75023699685251E-0001
 1.04217773007128E+0000	 1.77391109423281E-0001
 1.03743175186029E+0000	 1.79752247766352E-0001
 1.03268577364931E+0000	 1.82106218101979E-0001
 1.02793979543833E+0000	 1.84452121368797E-0001
 1.02319381722734E+0000	 1.86789056495717E-0001
 1.01844783901636E+0000	 1.89116120841617E-0001
 1.01370186080537E+0000	 1.91432410635806E-0001
 1.00895588259439E+0000	 1.93737021419516E-0001
 1.00420990438341E+0000	 1.96029048488703E-0001
 9.99463926172422E-0001	 1.98307587338412E-0001
 9.94717947961438E-0001	 2.00571734109000E-0001
 9.89971969750454E-0001	 2.02820586034490E-0001
 9.85225991539470E-0001	 2.05053241893345E-0001
 9.80480013328486E-0001	 2.07268802461940E-0001
 9.75734035117502E-0001	 2.09466370971016E-0001
 9.70988056906518E-0001	 2.11645053565370E-0001
 9.66242078695534E-0001	 2.13803959767076E-0001
 9.61496100484550E-0001	 2.15942202942463E-0001
 9.56750122273566E-0001	 2.18058900773123E-0001
 9.52004144062582E-0001	 2.20153175731161E-0001
 9.47258165851598E-0001	 2.22224155558921E-0001
 9.42512187640614E-0001	 2.24270973753398E-0001
 9.37766209429630E-0001	 2.26292770055517E-0001
 9.33020231218646E-0001	 2.28288690944464E-0001
 9.28274253007662E-0001	 2.30257890137226E-0001
 9.23528274796678E-0001	 2.32199529093483E-0001
 9.18782296585694E-0001	 2.34112777525975E-0001
 9.14036318374710E-0001	 2.35996813916451E-0001
 9.09290340163726E-0001	 2.37850826037296E-0001
 9.04544361952742E-0001	 2.39674011478888E-0001
 8.99798383741758E-0001	 2.41465578182758E-0001
 8.95052405530774E-0001	 2.43224744980575E-0001
 8.90306427319790E-0001	 2.44950742138968E-0001
 8.85560449108806E-0001	 2.46642811910197E-0001
 8.80814470897822E-0001	 2.48300209088638E-0001
 8.76068492686838E-0001	 2.49922201573053E-0001
 8.71322514475854E-0001	 2.51508070934600E-0001
 8.66576536264870E-0001	 2.53057112990490E-0001
 8.61830558053886E-0001	 2.54568638383237E-0001
 8.57084579842902E-0001	 2.56041973165371E-0001
 8.52338601631918E-0001	 2.57476459389527E-0001
 8.47592623420934E-0001	 2.58871455703755E-0001
 8.42846645209950E-0001	 2.60226337951932E-0001
 8.38100666998966E-0001	 2.61540499779094E-0001
 8.33354688787982E-0001	 2.62813353241554E-0001
 8.28608710576998E-0001	 2.64044329421577E-0001
 8.23862732366014E-0001	 2.65232879046466E-0001
 8.19116754155030E-0001	 2.66378473111807E-0001
 8.14370775944046E-0001	 2.67480603508686E-0001
 8.09624797733062E-0001	 2.68538783654626E-0001
 8.04878819522078E-0001	 2.69552549127998E-0001
 8.00132841311094E-0001	 2.70521458305651E-0001
 7.95386863100110E-0001	 2.71445093003481E-0001
 7.90640884889126E-0001	 2.72323059119654E-0001
 7.85894906678142E-0001	 2.73154987280166E-0001
 7.81148928467158E-0001	 2.73940533486429E-0001
 7.76402950256174E-0001	 2.74679379764531E-0001
 7.71656972045190E-0001	 2.75371234815820E-0001
 7.66910993834206E-0001	 2.76015834668411E-0001
 7.62165015623222E-0001	 2.76612943329234E-0001
 7.57419037412238E-0001	 2.77162353436169E-0001
 7.52673059201254E-0001	 2.77663886909836E-0001
 7.47927080990270E-0001	 2.78117395604530E-0001
 7.43181102779286E-0001	 2.78522761957796E-0001
 7.38435124568302E-0001	 2.78879899638094E-0001
 7.33689146357318E-0001	 2.79188754189967E-0001
 7.28943168146334E-0001	 2.79449303676076E-0001
 7.24197189935350E-0001	 2.79661559315440E-0001
 7.19451211724366E-0001	 2.79825566117178E-0001
 7.14705233513382E-0001	 2.79941403508970E-0001
 7.09959255302398E-0001	 2.80009185959446E-0001
 7.05213277091414E-0001	 2.80029063593626E-0001
 7.00467298880430E-0001	 2.80001222800495E-0001
 6.95721320669446E-0001	 2.79925886831725E-0001
 6.90975342458462E-0001	 2.79803316390504E-0001
 6.86229364247478E-0001	 2.79633810209362E-0001
 6.81483386036494E-0001	 2.79417705615807E-0001
 6.76737407825510E-0001	 2.79155379084527E-0001
 6.71991429614526E-0001	 2.78847246774833E-0001
 6.67245451403542E-0001	 2.78493765051936E-0001
 6.62499473192558E-0001	 2.78095430990587E-0001
 6.57753494981574E-0001	 2.77652782859496E-0001
 6.53007516770590E-0001	 2.77166400584937E-0001
 6.48261538559606E-0001	 2.76636906191741E-0001
 6.43515560348622E-0001	 2.76064964219934E-0001
 6.38769582137638E-0001	 2.75451282115079E-0001
 6.34023603926654E-0001	 2.74796610590354E-0001
 6.29277625715670E-0001	 2.74101743958308E-0001
 6.24531647504686E-0001	 2.73367520430125E-0001
 6.19785669293702E-0001	 2.72594822380166E-0001
 6.15039691082718E-0001	 2.71784576573486E-0001
 6.10293712871735E-0001	 2.70937754353905E-0001
 6.05547734660751E-0001	 2.70055371790181E-0001
 6.00801756449767E-0001	 2.69138489777727E-0001
 5.96055778238783E-0001	 2.68188214093262E-0001
 5.91309800027799E-0001	 2.67205695399721E-0001
 5.86563821816815E-0001	 2.66192129198676E-0001
 5.81817843605831E-0001	 2.65148755727497E-0001
 5.77071865394847E-0001	 2.64076859798410E-0001
 5.72325887183863E-0001	 2.62977770576579E-0001
 5.67579908972879E-0001	 2.61852861294337E-0001
 5.62833930761895E-0001	 2.60703548898610E-0001
 5.58087952550911E-0001	 2.59531293628661E-0001
 5.53341974339927E-0001	 2.58337598521176E-0001
 5.48595996128943E-0001	 2.57124008839838E-0001
 5.43850017917959E-0001	 2.55892111426460E-0001
 5.39104039706975E-0001	 2.54643533970860E-0001
 5.34358061495991E-0001	 2.53379944196688E-0001
 5.29612083285007E-0001	 2.52103048960463E-0001
 5.24866105074023E-0001	 2.50814593261202E-0001
 5.20120126863039E-0001	 2.49516359158090E-0001
 5.15374148652055E-0001	 2.48210164593756E-0001
 5.10628170441071E-0001	 2.46897862120874E-0001
 5.05882192230087E-0001	 2.45581337529926E-0001
 5.01136214019103E-0001	 2.44262508376158E-0001
 4.96390235808119E-0001	 2.42943322403919E-0001
 4.91644257597135E-0001	 2.41625755866792E-0001
 4.86898279386151E-0001	 2.40311811742142E-0001
 4.82152301175167E-0001	 2.39003517838933E-0001
 4.77406322964183E-0001	 2.37702924797941E-0001
 4.72660344753199E-0001	 2.36412103983749E-0001
 4.67914366542215E-0001	 2.35133145268205E-0001
 4.63168388331231E-0001	 2.33868154705353E-0001
 4.58422410120247E-0001	 2.32619252098130E-0001
 4.53676431909263E-0001	 2.31388568457522E-0001
 4.48930453698279E-0001	 2.30178243355188E-0001
 4.44184475487295E-0001	 2.28990422170952E-0001
 4.39438497276312E-0001	 2.27827253236954E-0001
 4.34692519065328E-0001	 2.26690884880658E-0001
 4.29946540854344E-0001	 2.25583462369303E-0001
 4.25200562643360E-0001	 2.24507124758854E-0001
 4.20454584432376E-0001	 2.23464001650898E-0001
 4.15708606221392E-0001	 2.22456209861413E-0001
 4.10962628010408E-0001	 2.21485850005754E-0001
 4.06216649799424E-0001	 2.20555003004690E-0001
 4.01470671588440E-0001	 2.19665726516755E-0001
 3.96724693377456E-0001	 2.18820051302647E-0001
 3.91978715166472E-0001	 2.18019977527877E-0001
 3.87232736955488E-0001	 2.17267471010314E-0001
 3.82486758744504E-0001	 2.16564459419719E-0001
 3.77740780533520E-0001	 2.15912828436837E-0001
 3.72994802322536E-0001	 2.15314417879996E-0001
 3.68248824111552E-0001	 2.14771017807653E-0001
 3.63502845900569E-0001	 2.14284364605674E-0001
 3.58756867689585E-0001	 2.13856137068576E-0001
 3.54010889478601E-0001	 2.13487952484300E-0001
 3.49264911267617E-0001	 2.13181362732465E-0001
 3.44518933056633E-0001	 2.12937850406364E-0001
 3.39772954845649E-0001	 2.12758824969272E-0001
 3.35026976634665E-0001	 2.12645618955917E-0001
 3.30280998423681E-0001	 2.12599484230217E-0001
 3.25535020212697E-0001	 2.12621588310567E-0001
 3.20789042001713E-0001	 2.12713010774197E-0001
 3.16043063790729E-0001	 2.12874739752182E-0001
 3.11297085579745E-0001	 2.13107668526889E-0001
 3.06551107368761E-0001	 2.13412592243603E-0001
 3.01805129157777E-0001	 2.13790204748178E-0001
 2.97059150946793E-0001	 2.14241095562486E-0001
 2.92313172735809E-0001	 2.14765747009390E-0001
 2.87567194524826E-0001	 2.15364531498844E-0001
 2.82821216313842E-0001	 2.16037708986559E-0001
 2.78075238102858E-0001	 2.16785424616473E-0001
 2.73329259891874E-0001	 2.17607706557989E-0001
 2.68583281680890E-0001	 2.18504464048656E-0001
 2.63837303469906E-0001	 2.19475485652581E-0001
 2.59091325258922E-0001	 2.20520437744495E-0001
 2.54345347047938E-0001	 2.21638863228889E-0001
 2.49599368836954E-0001	 2.22830180503189E-0001
 2.44853390625970E-0001	 2.24093682673328E-0001
 2.40107412414986E-0001	 2.25428537029539E-0001
 2.35361434204002E-0001	 2.26833784789489E-0001
 2.30615455993018E-0001	 2.28308341115230E-0001
 2.25869477782034E-0001	 2.29850995409717E-0001
 2.21123499571050E-0001	 2.31460411897828E-0001
 2.16377521360066E-0001	 2.33135130496094E-0001
 2.11631543149083E-0001	 2.34873567974434E-0001
 2.06885564938099E-0001	 2.36674019412377E-0001
 2.02139586727115E-0001	 2.38534659951320E-0001
 1.97393608516131E-0001	 2.40453546843466E-0001
 1.92647630305147E-0001	 2.42428621797138E-0001
 1.87901652094163E-0001	 2.44457713617187E-0001
 1.83155673883179E-0001	 2.46538541138262E-0001
 1.78409695672195E-0001	 2.48668716447694E-0001
 1.73663717461211E-0001	 2.50845748393767E-0001
 1.68917739250227E-0001	 2.53067046374150E-0001
 1.64171761039243E-0001	 2.55329924398259E-0001
 1.59425782828259E-0001	 2.57631605416345E-0001
 1.54679804617275E-0001	 2.59969225907112E-0001
 1.49933826406291E-0001	 2.62339840714708E-0001
 1.45187848195307E-0001	 2.64740428124992E-0001
 1.40441869984324E-0001	 2.67167895170073E-0001
 1.35695891773340E-0001	 2.69619083149176E-0001
 1.30949913562356E-0001	 2.72090773353106E-0001
 1.26203935351372E-0001	 2.74579692978683E-0001
 1.21457957140387E-0001	 2.77082521218789E-0001
 1.16711978929403E-0001	 2.79595895512918E-0001
 1.11966000718419E-0001	 2.82116417942405E-0001
 1.07220022507435E-0001	 2.84640661753909E-0001
 1.02474044296451E-0001	 2.87165177994132E-0001
 9.77280660854680E-0002	 2.89686502238193E-0001
 9.29820878744840E-0002	 2.92201161393691E-0001
 8.82361096635001E-0002	 2.94705680561992E-0001
 8.34901314525161E-0002	 2.97196589938050E-0001
 7.87441532415322E-0002	 2.99670431729693E-0001
 7.39981750305482E-0002	 3.02123767077219E-0001
 6.92521968195643E-0002	 3.04553182953919E-0001
 6.45062186085803E-0002	 3.06955299028183E-0001
 5.97602403975964E-0002	 3.09326774467798E-0001
 5.50142621866124E-0002	 3.11664314667167E-0001
 5.02682839756285E-0002	 3.13964677878354E-0001
 4.55223057646445E-0002	 3.16224681727077E-0001
 4.07763275536606E-0002	 3.18441209595092E-0001
 3.60303493426766E-0002	 3.20611216850810E-0001
 3.12843711316927E-0002	 3.22731736910402E-0001
 2.65383929207087E-0002	 3.24799887112213E-0001
 2.17924147097248E-0002	 3.26812874387862E-0001
 1.70464364987408E-0002	 3.28768000714058E-0001
 1.23004582877568E-0002	 3.30662668329892E-0001
 7.55448007677294E-0003	 3.32494384705108E-0001
 2.80850186578899E-0003	 3.34260767245699E-0001
-1.93747634519496E-0003	 3.35959547724035E-0001
-6.68345455617891E-0003	 3.37588576421667E-0001
-1.14294327671628E-0002	 3.39145825973888E-0001
-1.61754109781468E-0002	 3.40629394906179E-0001
-2.09213891891308E-0002	 3.42037510853662E-0001
-2.56673674001147E-0002	 3.43368533455774E-0001
-3.04133456110987E-0002	 3.44620956919485E-0001
-3.51593238220826E-0002	 3.45793412245442E-0001
-3.99053020330666E-0002	 3.46884669112641E-0001
-4.46512802440505E-0002	 3.47893637418272E-0001
-4.93972584550345E-0002	 3.48819368470602E-0001
-5.41432366660184E-0002	 3.49661055833893E-0001
-5.88892148770024E-0002	 3.50418035825463E-0001
-6.36351930879863E-0002	 3.51089787666188E-0001
-6.83811712989703E-0002	 3.51675933286817E-0001
-7.31271495099542E-0002	 3.52176236793622E-0001
-7.78731277209382E-0002	 3.52590603597940E-0001
-8.26191059319221E-0002	 3.52919079215266E-0001
-8.73650841429061E-0002	 3.53161847740537E-0001
-9.21110623538900E-0002	 3.53319230007270E-0001
-9.68570405648740E-0002	 3.53391681439145E-0001
-1.01603018775857E-0001	 3.53379789603545E-0001
-1.06348996986841E-0001	 3.53284271477398E-0001
-1.11094975197825E-0001	 3.53105970436524E-0001
-1.15840953408809E-0001	 3.52845852980409E-0001
-1.20586931619793E-0001	 3.52505005205030E-0001
-1.25332909830778E-0001	 3.52084629037057E-0001
-1.30078888041762E-0001	 3.51586038243261E-0001
-1.34824866252746E-0001	 3.51010654229572E-0001
-1.39570844463729E-0001	 3.50360001644642E-0001
-1.44316822674713E-0001	 3.49635703803189E-0001
-1.49062800885697E-0001	 3.48839477944732E-0001
-1.53808779096681E-0001	 3.47973130343635E-0001
-1.58554757307665E-0001	 3.47038551286542E-0001
-1.63300735518649E-0001	 3.46037709933469E-0001
-1.68046713729633E-0001	 3.44972649078897E-0001
-1.72792691940617E-0001	 3.43845479829243E-0001
-1.77538670151601E-0001	 3.42658376213010E-0001
-1.82284648362585E-0001	 3.41413569739890E-0001
-1.87030626573569E-0001	 3.40113343924866E-0001
-1.91776604784553E-0001	 3.38760028793199E-0001
-1.96522582995537E-0001	 3.37355995381902E-0001
-2.01268561206521E-0001	 3.35903650252970E-0001
-2.06014539417505E-0001	 3.34405430033315E-0001
-2.10760517628489E-0001	 3.32863795995879E-0001
-2.15506495839472E-0001	 3.31281228695996E-0001
-2.20252474050456E-0001	 3.29660222676540E-0001
-2.24998452261440E-0001	 3.28003281254882E-0001
-2.29744430472424E-0001	 3.26312911404087E-0001
-2.34490408683408E-0001	 3.24591618740203E-0001
-2.39236386894392E-0001	 3.22841902626841E-0001
-2.43982365105376E-0001	 3.21066251407608E-0001
-2.48728343316360E-0001	 3.19267137776262E-0001
-2.53474321527344E-0001	 3.17447014293780E-0001
-2.58220299738328E-0001	 3.15608309060810E-0001
-2.62966277949312E-0001	 3.13753421553248E-0001
-2.67712256160296E-0001	 3.11884718627989E-0001
-2.72458234371280E-0001	 3.10004530705117E-0001
-2.77204212582264E-0001	 3.08115148132108E-0001
-2.81950190793248E-0001	 3.06218817734862E-0001
-2.86696169004232E-0001	 3.04317739559661E-0001
-2.91442147215215E-0001	 3.02414063809430E-0001
-2.96188125426199E-0001	 3.00509887976959E-0001
-3.00934103637183E-0001	 2.98607254177053E-0001
-3.05680081848167E-0001	 2.96708146678902E-0001
-3.10426060059151E-0001	 2.94814489639269E-0001
-3.15172038270135E-0001	 2.92928145036485E-0001
-3.19918016481119E-0001	 2.91050910804595E-0001
-3.24663994692103E-0001	 2.89184519166392E-0001
-3.29409972903087E-0001	 2.87330635163522E-0001
-3.34155951114071E-0001	 2.85490855381282E-0001
-3.38901929325055E-0001	 2.83666706865198E-0001
-3.43647907536039E-0001	 2.81859646226016E-0001
-3.48393885747023E-0001	 2.80071058929221E-0001
-3.53139863958007E-0001	 2.78302258764840E-0001
-3.57885842168991E-0001	 2.76554487492795E-0001
-3.62631820379974E-0001	 2.74828914658796E-0001
-3.67377798590958E-0001	 2.73126637575338E-0001
-3.72123776801942E-0001	 2.71448681462152E-0001
-3.76869755012926E-0001	 2.69795999740092E-0001
-3.81615733223910E-0001	 2.68169474472275E-0001
-3.86361711434894E-0001	 2.66569916946046E-0001
-3.91107689645878E-0001	 2.64998068389151E-0001
-3.95853667856862E-0001	 2.63454600813378E-0001
-4.00599646067846E-0001	 2.61940117978806E-0001
-4.05345624278830E-0001	 2.60455156471670E-0001
-4.10091602489814E-0001	 2.59000186888848E-0001
-4.14837580700798E-0001	 2.57575615121889E-0001
-4.19583558911782E-0001	 2.56181783733529E-0001
-4.24329537122766E-0001	 2.54818973419628E-0001
-4.29075515333750E-0001	 2.53487404549523E-0001
-4.33821493544734E-0001	 2.52187238777837E-0001
-4.38567471755717E-0001	 2.50918580720870E-0001
-4.43313449966701E-0001	 2.49681479690823E-0001
-4.48059428177685E-0001	 2.48475931481170E-0001
-4.52805406388669E-0001	 2.47301880196712E-0001
-4.57551384599653E-0001	 2.46159220121921E-0001
-4.62297362810637E-0001	 2.45047797621403E-0001
-4.67043341021621E-0001	 2.43967413066473E-0001
-4.71789319232605E-0001	 2.42917822782027E-0001
-4.76535297443589E-0001	 2.41898741008091E-0001
-4.81281275654573E-0001	 2.40909841870666E-0001
-4.86027253865557E-0001	 2.39950761356684E-0001
-4.90773232076541E-0001	 2.39021099288118E-0001
-4.95519210287525E-0001	 2.38120421290542E-0001
-5.00265188498509E-0001	 2.37248260751643E-0001
-5.05011166709493E-0001	 2.36404120765464E-0001
-5.09757144920477E-0001	 2.35587476058354E-0001
-5.14503123131461E-0001	 2.34797774892889E-0001
-5.19249101342445E-0001	 2.34034440946234E-0001
-5.23995079553429E-0001	 2.33296875159677E-0001
-5.28741057764413E-0001	 2.32584457556316E-0001
-5.33487035975397E-0001	 2.31896549024069E-0001
-5.38233014186381E-0001	 2.31232493061489E-0001
-5.42978992397365E-0001	 2.30591617484020E-0001
-5.47724970608349E-0001	 2.29973236088595E-0001
-5.52470948819333E-0001	 2.29376650274710E-0001
-5.57216927030317E-0001	 2.28801150620268E-0001
-5.61962905241301E-0001	 2.28246018410772E-0001
-5.66708883452285E-0001	 2.27710527120570E-0001
-5.71454861663269E-0001	 2.27193943845107E-0001
-5.76200839874253E-0001	 2.26695530683303E-0001
-5.80946818085237E-0001	 2.26214546069357E-0001
-5.85692796296221E-0001	 2.25750246053450E-0001
-5.90438774507205E-0001	 2.25301885530993E-0001
-5.95184752718188E-0001	 2.24868719420208E-0001
-5.99930730929172E-0001	 2.24450003787996E-0001
-6.04676709140156E-0001	 2.24044996924161E-0001
-6.09422687351140E-0001	 2.23652960364230E-0001
-6.14168665562124E-0001	 2.23273159861184E-0001
-6.18914643773108E-0001	 2.22904866306578E-0001
-6.23660621984092E-0001	 2.22547356601601E-0001
-6.28406600195076E-0001	 2.22199914478747E-0001
-6.33152578406060E-0001	 2.21861831274851E-0001
-6.37898556617044E-0001	 2.21532406656337E-0001
-6.42644534828028E-0001	 2.21210949297583E-0001
-6.47390513039012E-0001	 2.20896777513411E-0001
-6.52136491249996E-0001	 2.20589219846740E-0001
-6.56882469460980E-0001	 2.20287615612508E-0001
-6.61628447671964E-0001	 2.19991315399034E-0001
-6.66374425882948E-0001	 2.19699681528008E-0001
-6.71120404093932E-0001	 2.19412088474351E-0001
-6.75866382304916E-0001	 2.19127923247209E-0001
-6.80612360515900E-0001	 2.18846585733388E-0001
-6.85358338726884E-0001	 2.18567489004532E-0001
-6.90104316937868E-0001	 2.18290059589377E-0001
-6.94850295148852E-0001	 2.18013737712424E-0001
-6.99596273359836E-0001	 2.17737977500380E-0001
-7.04342251570820E-0001	 2.17462247157703E-0001
-7.09088229781804E-0001	 2.17186029112616E-0001
-7.13834207992788E-0001	 2.16908820134908E-0001
-7.18580186203772E-0001	 2.16630131426869E-0001
-7.23326164414756E-0001	 2.16349488688663E-0001
-7.28072142625740E-0001	 2.16066432159456E-0001
-7.32818120836724E-0001	 2.15780516635559E-0001
-7.37564099047708E-0001	 2.15491311466869E-0001
-7.42310077258692E-0001	 2.15198400532835E-0001
-7.47056055469676E-0001	 2.14901382199151E-0001
-7.51802033680660E-0001	 2.14599869256385E-0001
-7.56548011891644E-0001	 2.14293488841679E-0001
-7.61293990102628E-0001	 2.13981882344639E-0001
-7.66039968313612E-0001	 2.13664705298535E-0001
-7.70785946524596E-0001	 2.13341627257836E-0001
-7.75531924735580E-0001	 2.13012331663127E-0001
-7.80277902946564E-0001	 2.12676515694390E-0001
-7.85023881157548E-0001	 2.12333890113595E-0001
-7.89769859368532E-0001	 2.11984179097533E-0001
-7.94515837579516E-0001	 2.11627120061762E-0001
-7.99261815790500E-0001	 2.11262463476504E-0001
-8.04007794001484E-0001	 2.10889972675322E-0001
-8.08753772212468E-0001	 2.10509423657317E-0001
-8.13499750423452E-0001	 2.10120604883602E-0001
-8.18245728634436E-0001	 2.09723317068743E-0001
-8.22991706845420E-0001	 2.09317372967822E-0001
-8.27737685056404E-0001	 2.08902597159752E-0001
-8.32483663267388E-0001	 2.08478825827433E-0001
-8.37229641478372E-0001	 2.08045906535310E-0001
-8.41975619689356E-0001	 2.07603698004837E-0001
-8.46721597900340E-0001	 2.07152069888356E-0001
-8.51467576111324E-0001	 2.06690902541835E-0001
-8.56213554322308E-0001	 2.06220086796888E-0001
-8.60959532533292E-0001	 2.05739523732476E-0001
-8.65705510744276E-0001	 2.05249124446651E-0001
-8.70451488955260E-0001	 2.04748809828678E-0001
-8.75197467166244E-0001	 2.04238510331837E-0001
-8.79943445377228E-0001	 2.03718165747199E-0001
-8.84689423588212E-0001	 2.03187724978616E-0001
-8.89435401799196E-0001	 2.02647145819164E-0001
-8.94181380010180E-0001	 2.02096394729248E-0001
-8.98927358221164E-0001	 2.01535446616546E-0001
-9.03673336432148E-0001	 2.00964284617968E-0001
-9.08419314643132E-0001	 2.00382899883761E-0001
-9.13165292854116E-0001	 1.99791291363891E-0001
-9.17911271065100E-0001	 1.99189465596815E-0001
-9.22657249276084E-0001	 1.98577436500723E-0001
-9.27403227487068E-0001	 1.97955225167330E-0001
-9.32149205698052E-0001	 1.97322859658286E-0001
-9.36895183909036E-0001	 1.96680374804231E-0001
-9.41641162120020E-0001	 1.96027812006557E-0001
-9.46387140331004E-0001	 1.95365219041874E-0001
-9.51133118541988E-0001	 1.94692649869214E-0001
-9.55879096752972E-0001	 1.94010164439966E-0001
-9.60625074963956E-0001	 1.93317828510533E-0001
-9.65371053174940E-0001	 1.92615713457714E-0001
-9.70117031385924E-0001	 1.91903896096771E-0001
-9.74863009596908E-0001	 1.91182458502184E-0001
-9.79608987807892E-0001	 1.90451487831025E-0001
-9.84354966018876E-0001	 1.89711076148959E-0001
-9.89100944229860E-0001	 1.88961320258801E-0001
-9.93846922440844E-0001	 1.88202321531602E-0001
-9.98592900651828E-0001	 1.87434185740222E-0001
-1.00333887886281E+0000	 1.86657022895336E-0001
-1.00808485707380E+0000	 1.85870947083836E-0001
-1.01283083528478E+0000	 1.85076076309573E-0001
-1.01757681349576E+0000	 1.84272532336398E-0001
-1.02232279170675E+0000	 1.83460440533455E-0001
-1.02706876991773E+0000	 1.82639929722664E-0001
-1.03181474812872E+0000	 1.81811132028383E-0001
-1.03656072633970E+0000	 1.80974182729158E-0001
-1.04130670455068E+0000	 1.80129220111563E-0001
-1.04605268276167E+0000	 1.79276385326051E-0001
-1.05079866097265E+0000	 1.78415822244808E-0001
-1.05554463918364E+0000	 1.77547677321550E-0001
-1.06029061739462E+0000	 1.76672099453244E-0001
-1.06503659560560E+0000	 1.75789239843704E-0001
-1.06978257381659E+0000	 1.74899251869058E-0001
-1.07452855202757E+0000	 1.74002290945027E-0001
-1.07927453023856E+0000	 1.73098514396019E-0001
-1.08402050844954E+0000	 1.72188081325996E-0001
-1.08876648666052E+0000	 1.71271152491118E-0001
-1.09351246487151E+0000	 1.70347890174113E-0001
-1.09825844308249E+0000	 1.69418458060394E-0001
-1.10300442129348E+0000	 1.68483021115891E-0001
-1.10775039950446E+0000	 1.67541745466595E-0001
-1.11249637771544E+0000	 1.66594798279804E-0001
-1.11724235592643E+0000	 1.65642347647070E-0001
-1.12198833413741E+0000	 1.64684562468844E-0001
-1.12673431234840E+0000	 1.63721612340815E-0001
-1.13148029055938E+0000	 1.62753667441952E-0001
-1.13622626877036E+0000	 1.61780898424240E-0001
-1.14097224698135E+0000	 1.60803476304127E-0001
-1.14571822519233E+0000	 1.59821572355688E-0001
-1.15046420340332E+0000	 1.58835358005498E-0001
-1.15521018161430E+0000	 1.57845004729246E-0001
-1.15995615982528E+0000	 1.56850683950086E-0001
-1.16470213803627E+0000	 1.55852566938736E-0001
-1.16944811624725E+0000	 1.54850824715348E-0001
-1.17419409445824E+0000	 1.53845627953154E-0001
-1.17894007266922E+0000	 1.52837146883899E-0001
-1.18368605088020E+0000	 1.51825551205091E-0001
-1.18843202909119E+0000	 1.50811009989066E-0001
-1.19317800730217E+0000	 1.49793691593892E-0001
-1.19792398551316E+0000	 1.48773763576138E-0001
-1.20266996372414E+0000	 1.47751392605503E-0001
-1.20741594193512E+0000	 1.46726744381342E-0001
-1.21216192014611E+0000	 1.45699983551103E-0001
-1.21690789835709E+0000	 1.44671273630685E-0001
-1.22165387656808E+0000	 1.43640776926740E-0001
-1.22639985477906E+0000	 1.42608654460944E-0001
-1.23114583299004E+0000	 1.41575065896248E-0001
-1.23589181120103E+0000	 1.40540169465132E-0001
-1.24063778941201E+0000	 1.39504121899878E-0001
-1.24538376762300E+0000	 1.38467078364887E-0001
-1.25012974583398E+0000	 1.37429192391061E-0001
-1.25487572404496E+0000	 1.36390615812263E-0001
-1.25962170225595E+0000	 1.35351498703880E-0001
-1.26436768046693E+0000	 1.34311989323522E-0001
-1.26911365867792E+0000	 1.33272234053849E-0001
-1.27385963688890E+0000	 1.32232377347584E-0001
-1.27860561509988E+0000	 1.31192561674709E-0001
-1.28335159331087E+0000	 1.30152927471877E-0001
-1.28809757152185E+0000	 1.29113613094062E-0001
-1.29284354973284E+0000	 1.28074754768466E-0001
-1.29758952794382E+0000	 1.27036486550723E-0001
-1.30233550615480E+0000	 1.25998940283397E-0001
-1.30708148436579E+0000	 1.24962245556830E-0001
-1.31182746257677E+0000	 1.23926529672342E-0001
-1.31657344078776E+0000	 1.22891917607820E-0001
-1.32131941899874E+0000	 1.21858531985716E-0001
-1.32606539720972E+0000	 1.20826493043492E-0001
-1.33081137542071E+0000	 1.19795918606517E-0001
-1.33555735363169E+0000	 1.18766924063465E-0001
-1.34030333184268E+0000	 1.17739622344229E-0001
-1.34504931005366E+0000	 1.16714123900371E-0001
-1.34979528826464E+0000	 1.15690536688150E-0001
-1.35454126647563E+0000	 1.14668966154144E-0001
-1.35928724468661E+0000	 1.13649515223481E-0001
-1.36403322289760E+0000	 1.12632284290731E-0001
-1.36877920110858E+0000	 1.11617371213446E-0001
-1.37352517931956E+0000	 1.10604871308405E-0001
-1.37827115753055E+0000	 1.09594877350553E-0001
-1.38301713574153E+0000	 1.08587479574685E-0001
-1.38776311395252E+0000	 1.07582765679858E-0001
-1.39250909216350E+0000	 1.06580820836574E-0001
-1.39725507037448E+0000	 1.05581727696736E-0001
-1.40200104858547E+0000	 1.04585566406383E-0001
-1.40674702679645E+0000	 1.03592414621216E-0001
-1.41149300500744E+0000	 1.02602347524924E-0001
-1.41623898321842E+0000	 1.01615437850299E-0001
-1.42098496142940E+0000	 1.00631755903144E-0001
-1.42573093964039E+0000	 9.96513695889777E-0002
-1.43047691785137E+0000	 9.86743444424916E-0002
-1.43522289606235E+0000	 9.77007436597878E-0002
-1.43996887427334E+0000	 9.67306281333391E-0002
-1.44471485248432E+0000	 9.57640564896663E-0002
-1.44946083069531E+0000	 9.48010851296944E-0002
-1.45420680890629E+0000	 9.38417682717508E-0002
-1.45895278711727E+0000	 9.28861579971641E-0002
-1.46369876532826E+0000	 9.19343042984129E-0002
-1.46844474353924E+0000	 9.09862551297683E-0002
-1.47319072175023E+0000	 9.00420564603706E-0002
-1.47793669996121E+0000	 8.91017523296691E-0002
-1.48268267817219E+0000	 8.81653849051483E-0002
-1.48742865638318E+0000	 8.72329945422604E-0002
-1.49217463459416E+0000	 8.63046198464715E-0002
-1.49692061280515E+0000	 8.53802977373243E-0002
-1.50166659101613E+0000	 8.44600635144162E-0002
-1.50641256922711E+0000	 8.35439509251747E-0002
-1.51115854743810E+0000	 8.26319922343172E-0002
-1.51590452564908E+0000	 8.17242182948646E-0002
-1.52065050386007E+0000	 8.08206586205782E-0002
-1.52539648207105E+0000	 7.99213414596769E-0002
-1.53014246028203E+0000	 7.90262938696915E-0002
-1.53488843849302E+0000	 7.81355417932964E-0002
-1.53963441670400E+0000	 7.72491101349661E-0002
-1.54438039491499E+0000	 7.63670228382846E-0002
-1.54912637312597E+0000	 7.54893029637374E-0002
-1.55387235133695E+0000	 7.46159727668134E-0002
-1.55861832954794E+0000	 7.37470537762265E-0002
-1.56336430775892E+0000	 7.28825668720799E-0002
-1.56811028596991E+0000	 7.20225323637748E-0002
-1.57285626418089E+0000	 7.11669700674748E-0002
-1.57760224239187E+0000	 7.03158993829284E-0002
-1.58234822060286E+0000	 6.94693393694472E-0002
-1.58709419881384E+0000	 6.86273088208448E-0002
-1.59184017702483E+0000	 6.77898263391306E-0002
-1.59658615523581E+0000	 6.69569104067573E-0002
-1.60133213344679E+0000	 6.61285794572218E-0002
-1.60607811165778E+0000	 6.53048519438164E-0002
-1.61082408986876E+0000	 6.44857464063351E-0002
-1.61557006807975E+0000	 6.36712815355342E-0002
-1.62031604629073E+0000	 6.28614762351586E-0002
-1.62506202450171E+0000	 6.20563496813415E-0002
-1.62980800271270E+0000	 6.12559213791950E-0002
-1.63455398092368E+0000	 6.04602112164139E-0002
-1.63929995913467E+0000	 5.96692395137184E-0002
-1.64404593734565E+0000	 5.88830270719731E-0002
-1.64879191555663E+0000	 5.81015952158231E-0002
-1.65353789376762E+0000	 5.73249658337012E-0002
-1.65828387197860E+0000	 5.65531614140647E-0002
-1.66302985018959E+0000	 5.57862050777337E-0002
-1.66777582840057E+0000	 5.50241206062129E-0002
-1.67252180661155E+0000	 5.42669324658892E-0002
-1.67726778482254E+0000	 5.35146658280093E-0002
-1.68201376303352E+0000	 5.27673465843550E-0002
-1.68675974124451E+0000	 5.20250013585465E-0002
-1.69150571945549E+0000	 5.12876575129153E-0002
-1.69625169766647E+0000	 5.05553431509061E-0002
-1.70099767587746E+0000	 4.98280871149770E-0002
-1.70574365408844E+0000	 4.91059189799851E-0002
-1.71048963229943E+0000	 4.83888690420560E-0002
-1.71523561051041E+0000	 4.76769683029535E-0002
-1.71998158872139E+0000	 4.69702484499803E-0002
-1.72472756693238E+0000	 4.62687418314521E-0002
-1.72947354514336E+0000	 4.55724814278074E-0002
-1.73421952335435E+0000	 4.48815008184276E-0002
-1.73896550156533E+0000	 4.41958341442560E-0002
-1.74371147977631E+0000	 4.35155160663204E-0002
-1.74845745798730E+0000	 4.28405817202793E-0002
-1.75320343619828E+0000	 4.21710666671219E-0002
-1.75794941440927E+0000	 4.15070068401692E-0002
-1.76269539262025E+0000	 4.08484384885360E-0002
-1.76744137083123E+0000	 4.01953981172243E-0002
-1.77218734904222E+0000	 3.95479224240332E-0002
-1.77693332725320E+0000	 3.89060482334791E-0002
-1.78167930546419E+0000	 3.82698124279335E-0002
-1.78642528367517E+0000	 3.76392518761937E-0002
-1.79117126188615E+0000	 3.70144033597112E-0002
-1.79591724009714E+0000	 3.63953034967118E-0002
-1.80066321830812E+0000	 3.57819886644480E-0002
-1.80540919651911E+0000	 3.51744949198310E-0002
-1.81015517473009E+0000	 3.45728579186969E-0002
-1.81490115294107E+0000	 3.39771128339628E-0002
-1.81964713115206E+0000	 3.33872942729367E-0002
-1.82439310936304E+0000	 3.28034361940447E-0002
-1.82913908757403E+0000	 3.22255718232413E-0002
-1.83388506578501E+0000	 3.16537335703712E-0002
-1.83863104399599E+0000	 3.10879529457477E-0002
-1.84337702220698E+0000	 3.05282604772151E-0002
-1.84812300041796E+0000	 2.99746856279559E-0002
-1.85286897862895E+0000	 2.94272567153052E-0002
-1.85761495683993E+0000	 2.88860008308267E-0002
-1.86236093505091E+0000	 2.83509437619008E-0002
-1.86710691326190E+0000	 2.78221099150699E-0002
-1.87185289147288E+0000	 2.72995222413781E-0002
-1.87659886968387E+0000	 2.67832021639352E-0002
-1.88134484789485E+0000	 2.62731695079246E-0002
-1.88609082610583E+0000	 2.57694424332694E-0002
-1.89083680431682E+0000	 2.52720373701554E-0002
-1.89558278252780E+0000	 2.47809689576026E-0002
-1.90032876073879E+0000	 2.42962499852643E-0002
-1.90507473894977E+0000	 2.38178913386218E-0002
-1.90982071716075E+0000	 2.33459019477260E-0002
-1.91456669537174E+0000	 2.28802887396318E-0002
-1.91931267358272E+0000	 2.24210565946493E-0002
-1.92405865179371E+0000	 2.19682083065285E-0002
-1.92880463000469E+0000	 2.15217445466771E-0002
-1.93355060821567E+0000	 2.10816638324966E-0002
-1.93829658642666E+0000	 2.06479624999100E-0002
-1.94304256463764E+0000	 2.02206346801369E-0002
-1.94778854284863E+0000	 1.97996722807587E-0002
-1.95253452105961E+0000	 1.93850649711033E-0002
-1.95728049927059E+0000	 1.89768001719620E-0002
-1.96202647748158E+0000	 1.85748630496386E-0002
-1.96677245569256E+0000	 1.81792365143170E-0002
-1.97151843390355E+0000	 1.77899012227185E-0002
-1.97626441211453E+0000	 1.74068355850084E-0002
-1.98101039032551E+0000	 1.70300157758960E-0002
-1.98575636853650E+0000	 1.66594157498636E-0002
-1.99050234674748E+0000	 1.62950072604428E-0002
-1.99524832495847E+0000	 1.59367598834492E-0002
-1.99999430316945E+0000	 1.55846410440742E-0002
-2.00474028138043E+0000	 1.52386160477195E-0002
-2.00948625959142E+0000	 1.48986481144554E-0002
-2.01423223780240E+0000	 1.45646984169698E-0002
-2.01897821601339E+0000	 1.42367261218684E-0002
-2.02372419422437E+0000	 1.39146884341802E-0002
-2.02847017243535E+0000	 1.35985406449114E-0002
-2.03321615064634E+0000	 1.32882361814883E-0002
-2.03796212885732E+0000	 1.29837266609227E-0002
-2.04270810706831E+0000	 1.26849619455268E-0002
-2.04745408527929E+0000	 1.23918902010029E-0002
-2.05220006349027E+0000	 1.21044579567284E-0002
-2.05694604170126E+0000	 1.18226101680539E-0002
-2.06169201991224E+0000	 1.15462902804304E-0002
-2.06643799812323E+0000	 1.12754402951805E-0002
-2.07118397633421E+0000	 1.10100008367272E-0002
-2.07592995454519E+0000	 1.07499112210951E-0002
-2.08067593275618E+0000	 1.04951095254977E-0002
-2.08542191096716E+0000	 1.02455326588292E-0002
-2.09016788917815E+0000	 1.00011164328758E-0002
-2.09491386738913E+0000	 9.76179563407127E-0003
-2.09965984560011E+0000	 9.52750409561660E-0003
-2.10440582381110E+0000	 9.29817476979508E-0003
-2.10915180202208E+0000	 9.07373980031193E-0003
-2.11389778023307E+0000	 8.85413059449615E-0003
-2.11864375844405E+0000	 8.63927789520582E-0003
-2.12338973665503E+0000	 8.42911185228356E-0003
-2.12813571486602E+0000	 8.22356209341514E-0003
-2.13288169307700E+0000	 8.02255779424989E-0003
-2.13762767128799E+0000	 7.82602774764829E-0003
-2.14237364949897E+0000	 7.63390043192865E-0003
-2.14711962770995E+0000	 7.44610407799167E-0003
-2.15186560592094E+0000	 7.26256673520904E-0003
-2.15661158413192E+0000	 7.08321633596873E-0003
-2.16135756234291E+0000	 6.90798075877787E-0003
-2.16610354055389E+0000	 6.73678788983087E-0003
-2.17084951876487E+0000	 6.56956568295796E-0003
-2.17559549697586E+0000	 6.40624221787716E-0003
-2.18034147518684E+0000	 6.24674575667965E-0003
-2.18508745339783E+0000	 6.09100479848619E-0003
-2.18983343160881E+0000	 5.93894813221953E-0003
-2.19457940981979E+0000	 5.79050488744491E-0003
-2.19932538803078E+0000	 5.64560458323782E-0003
-2.20407136624176E+0000	 5.50417717504524E-0003
-2.20881734445275E+0000	 5.36615309951330E-0003
-2.21356332266373E+0000	 5.23146331726088E-0003
-2.21830930087471E+0000	 5.10003935358505E-0003
-2.22305527908570E+0000	 4.97181333709045E-0003
-2.22780125729668E+0000	 4.84671803624061E-0003
-2.23254723550767E+0000	 4.72468689383494E-0003
-2.23729321371865E+0000	 4.60565405942032E-0003
-2.24203919192963E+0000	 4.48955441965179E-0003
-2.24678517014062E+0000	 4.37632362662117E-0003
-2.25153114835160E+0000	 4.26589812417749E-0003
-2.25627712656259E+0000	 4.15821517226715E-0003
-2.26102310477357E+0000	 4.05321286932581E-0003
-2.26576908298455E+0000	 3.95083017275772E-0003
-2.27051506119554E+0000	 3.85100691754149E-0003
-2.27526103940652E+0000	 3.75368383300492E-0003
-2.28000701761751E+0000	 3.65880255781342E-0003
-2.28475299582849E+0000	 3.56630565322021E-0003
-2.28949897403947E+0000	 3.47613661462786E-0003
-2.29424495225046E+0000	 3.38823988151321E-0003
-2.29899093046144E+0000	 3.30256084576934E-0003
-2.30373690867243E+0000	 3.21904585851956E-0003
-2.30848288688341E+0000	 3.13764223545997E-0003
-2.31322886509439E+0000	 3.05829826078756E-0003
-2.31797484330538E+0000	 2.98096318977215E-0003
-2.32272082151636E+0000	 2.90558725003051E-0003
-2.32746679972735E+0000	 2.83212164156152E-0003
-2.33221277793833E+0000	 2.76051853560129E-0003
-2.33695875614931E+0000	 2.69073107235696E-0003
-2.34170473436030E+0000	 2.62271335767768E-0003
-2.34645071257128E+0000	 2.55642045872085E-0003
-2.35119669078227E+0000	 2.49180839867098E-0003
-2.35594266899325E+0000	 2.42883415056775E-0003
-2.36068864720423E+0000	 2.36745563029907E-0003
-2.36543462541522E+0000	 2.30763168881373E-0003
-2.37018060362620E+0000	 2.24932210360732E-0003
-2.37492658183719E+0000	 2.19248756953346E-0003
-2.37967256004817E+0000	 2.13708968899156E-0003
-2.38441853825915E+0000	 2.08309096154030E-0003
-2.38916451647014E+0000	 2.03045477298513E-0003
-2.39391049468112E+0000	 1.97914538398594E-0003
-2.39865647289211E+0000	 1.92912791823003E-0003
-2.40340245110309E+0000	 1.88036835021321E-0003
-2.40814842931407E+0000	 1.83283349267079E-0003
-2.41289440752506E+0000	 1.78649098369805E-0003
-2.41764038573604E+0000	 1.74130927359830E-0003
-2.42238636394703E+0000	 1.69725761149467E-0003
-2.42713234215801E+0000	 1.65430603174040E-0003
-2.43187832036899E+0000	 1.61242534016014E-0003
-2.43662429857998E+0000	 1.57158710015352E-0003
-2.44137027679096E+0000	 1.53176361869028E-0003
-2.44611625500195E+0000	 1.49292793222450E-0003
-2.45086223321293E+0000	 1.45505379255408E-0003
-2.45560821142391E+0000	 1.41811565264972E-0003
-2.46035418963490E+0000	 1.38208865247615E-0003
-2.46510016784588E+0000	 1.34694860482682E-0003
-2.46984614605687E+0000	 1.31267198119172E-0003
-2.47459212426785E+0000	 1.27923589767654E-0003
-2.47933810247883E+0000	 1.24661810098999E-0003
-2.48408408068982E+0000	 1.21479695451457E-0003
-2.48883005890080E+0000	 1.18375142447510E-0003
-2.49357603711179E+0000	 1.15346106621759E-0003
-2.49832201532277E+0000	 1.12390601061037E-0003
-2.50306799353375E+0000	 1.09506695057764E-0003
-2.50781397174474E+0000	 1.06692512777519E-0003
-2.51255994995572E+0000	 1.03946231941627E-0003
-2.51730592816671E+0000	 1.01266082525531E-0003
-2.52205190637769E+0000	 9.86503454735764E-0004
-2.52679788458867E+0000	 9.60973514307668E-0004
-2.53154386279966E+0000	 9.36054794919879E-0004
-2.53628984101064E+0000	 9.11731559690816E-0004
-2.54103581922163E+0000	 8.87988531761195E-0004
-2.54578179743261E+0000	 8.64810882331424E-0004
-2.55052777564359E+0000	 8.42184218885762E-0004
-2.55527375385458E+0000	 8.20094573604858E-0004
-2.56001973206556E+0000	 7.98528391967732E-0004
-2.56476571027655E+0000	 7.77472521543867E-0004
-2.56951168848753E+0000	 7.56914200975681E-0004
-2.57425766669851E+0000	 7.36841049151265E-0004
-2.57900364490950E+0000	 7.17241054567014E-0004
-2.58374962312048E+0000	 6.98102564879466E-0004
-2.58849560133147E+0000	 6.79414276645469E-0004
-2.59324157954245E+0000	 6.61165225249573E-0004
-2.59798755775343E+0000	 6.43344775017401E-0004
-2.60273353596442E+0000	 6.25942609513624E-0004
-2.60747951417540E+0000	 6.08948722023054E-0004
-2.61222549238639E+0000	 5.92353406213303E-0004
-2.61697147059737E+0000	 5.76147246977414E-0004
-2.62171744880835E+0000	 5.60321111454834E-0004
-2.62646342701934E+0000	 5.44866140229088E-0004
-2.63120940523032E+0000	 5.29773738700561E-0004
-2.63595538344130E+0000	 5.15035568632772E-0004
-2.64070136165229E+0000	 5.00643539870618E-0004
-2.64544733986327E+0000	 4.86589802229080E-0004
-2.65019331807426E+0000	 4.72866737550983E-0004
-2.65493929628524E+0000	 4.59466951932445E-0004
-2.65968527449622E+0000	 4.46383268114761E-0004
-2.66443125270721E+0000	 4.33608718041520E-0004
-2.66917723091819E+0000	 4.21136535579865E-0004
-2.67392320912918E+0000	 4.08960149404886E-0004
-2.67866918734016E+0000	 3.97073176046225E-0004
-2.68341516555114E+0000	 3.85469413096048E-0004
-2.68816114376213E+0000	 3.74142832577646E-0004
-2.69290712197311E+0000	 3.63087574473982E-0004
-2.69765310018410E+0000	 3.52297940415583E-0004
-2.70239907839508E+0000	 3.41768387527257E-0004
-2.70714505660606E+0000	 3.31493522433140E-0004
-2.71189103481705E+0000	 3.21468095419673E-0004
-2.71663701302803E+0000	 3.11686994756111E-0004
-2.72138299123902E+0000	 3.02145241172226E-0004
-2.72612896945000E+0000	 2.92837982492868E-0004
-2.73087494766098E+0000	 2.83760488429080E-0004
-2.73562092587197E+0000	 2.74908145525437E-0004
-2.74036690408295E+0000	 2.66276452263295E-0004
-2.74511288229394E+0000	 2.57861014319595E-0004
-2.74985886050492E+0000	 2.49657539980838E-0004
-2.75460483871590E+0000	 2.41661835711799E-0004
-2.75935081692689E+0000	 2.33869801878509E-0004
-2.76409679513787E+0000	 2.26277428624931E-0004
-2.76884277334886E+0000	 2.18880791902721E-0004
-2.77358875155984E+0000	 2.11676049653330E-0004
-2.77833472977082E+0000	 2.04659438141660E-0004
-2.78308070798181E+0000	 1.97827268440323E-0004
-2.78782668619279E+0000	 1.91175923063467E-0004
-2.79257266440378E+0000	 1.84701852749028E-0004
-2.79731864261476E+0000	 1.78401573388076E-0004
-2.80206462082574E+0000	 1.72271663099851E-0004
-2.80681059903673E+0000	 1.66308759450906E-0004
-2.81155657724771E+0000	 1.60509556816626E-0004
-2.81630255545870E+0000	 1.54870803883260E-0004
-2.82104853366968E+0000	 1.49389301288435E-0004
-2.82579451188066E+0000	 1.44061899397960E-0004
-2.83054049009165E+0000	 1.38885496216590E-0004
-2.83528646830263E+0000	 1.33857035430247E-0004
-2.84003244651362E+0000	 1.28973504577034E-0004
-2.84477842472460E+0000	 1.24231933344252E-0004
-2.84952440293558E+0000	 1.19629391988439E-0004
-2.85427038114657E+0000	 1.15162989875333E-0004
-2.85901635935755E+0000	 1.10829874136501E-0004
-2.86376233756854E+0000	 1.06627228439248E-0004
-2.86850831577952E+0000	 1.02552271866278E-0004
-2.87325429399050E+0000	 9.86022579014581E-0005
-2.87800027220149E+0000	 9.47744735179256E-0005
-2.88274625041247E+0000	 9.10662383646581E-0005
-2.88749222862346E+0000	 8.74749040475339E-0005
-2.89223820683444E+0000	 8.39978535008180E-0005
-2.89698418504542E+0000	 8.06325004449280E-0005
-2.90173016325641E+0000	 7.73762889262655E-0005
-2.90647614146739E+0000	 7.42266929348369E-0005
-2.91122211967838E+0000	 7.11812160953470E-0005
-2.91596809788936E+0000	 6.82373914274027E-0005
-2.92071407610034E+0000	 6.53927811704500E-0005
-2.92546005431133E+0000	 6.26449766690485E-0005
-2.93020603252231E+0000	 5.99915983140901E-0005
-2.93495201073330E+0000	 5.74302955355799E-0005
-2.93969798894428E+0000	 5.49587468426205E-0005
-2.94444396715526E+0000	 5.25746599062771E-0005
-2.94918994536625E+0000	 5.02757716810462E-0005
-2.95393592357723E+0000	 4.80598485607111E-0005
-2.95868190178822E+0000	 4.59246865644344E-0005
-2.96342787999920E+0000	 4.38681115490204E-0005
-2.96817385821018E+0000	 4.18879794433681E-0005
-2.97291983642117E+0000	 3.99821765012378E-0005
-2.97766581463215E+0000	 3.81486195685618E-0005
-2.98241179284314E+0000	 3.63852563616501E-0005
-2.98715777105412E+0000	 3.46900657527675E-0005
-2.99190374926510E+0000	 3.30610580596914E-0005
-2.99664972747609E+0000	 3.14962753360039E-0005
-3.00139570568707E+0000	 2.99937916590163E-0005
-3.00614168389806E+0000	 2.85517134123785E-0005
-3.01088766210904E+0000	 2.71681795605839E-0005
-3.01563364032002E+0000	 2.58413619127419E-0005
-3.02037961853101E+0000	 2.45694653731570E-0005
-3.02512559674199E+0000	 2.33507281764217E-0005
-3.02987157495298E+0000	 2.21834221049002E-0005
-3.03461755316396E+0000	 2.10658526866530E-0005
-3.03936353137494E+0000	 1.99963593720250E-0005
-3.04410950958593E+0000	 1.89733156872930E-0005
-3.04885548779691E+0000	 1.79951293639381E-0005
-3.05360146600790E+0000	 1.70602424422832E-0005
-3.05834744421888E+0000	 1.61671313484005E-0005
-3.06309342242986E+0000	 1.53143069433632E-0005
-3.06783940064085E+0000	 1.45003145440759E-0005
-3.07258537885183E+0000	 1.37237339150804E-0005
-3.07733135706282E+0000	 1.29831792308860E-0005
-3.08207733527380E+0000	 1.22772990085250E-0005
-3.08682331348478E+0000	 1.16047760101802E-0005
-3.09156929169577E+0000	 1.09643271158689E-0005
-3.09631526990675E+0000	 1.03547031663038E-0005
-3.10106124811774E+0000	 9.77468877617704E-0006
-3.10580722632872E+0000	 9.22310211823610E-0006
-3.11055320453970E+0000	 8.69879467863365E-0006
-3.11529918275069E+0000	 8.20065098414109E-0006
-3.12004516096167E+0000	 7.72758830191589E-0006
-3.12479113917266E+0000	 7.27855631260537E-0006
-3.12953711738364E+0000	 6.85253675765531E-0006
-3.13428309559462E+0000	 6.44854306177001E-0006
-3.13902907380561E+0000	 6.06561993154088E-0006
-3.14377505201659E+0000	 5.70284293132421E-0006
-3.14852103022758E+0000	 5.35931803750432E-0006
-3.15326700843856E+0000	 5.03418117232753E-0006
-3.15801298664954E+0000	 4.72659771853320E-0006
-3.16275896486053E+0000	 4.43576201604320E-0006
-3.16750494307151E+0000	 4.16089684199842E-0006
-3.17225092128250E+0000	 3.90125287545217E-0006
-3.17699689949348E+0000	 3.65610814804470E-0006
-3.18174287770446E+0000	 3.42476748199173E-0006
-3.18648885591545E+0000	 3.20656191672209E-0006
-3.19123483412643E+0000	 3.00084812549653E-0006
-3.19598081233742E+0000	 2.80700782333122E-0006
-3.20072679054840E+0000	 2.62444716753578E-0006
-3.20547276875938E+0000	 2.45259615215731E-0006
-3.21021874697037E+0000	 2.29090799759917E-0006
-3.21496472518135E+0000	 2.13885853665620E-0006
-3.21971070339234E+0000	 1.99594559817757E-0006
-3.22445668160332E+0000	 1.86168838953393E-0006
-3.22920265981430E+0000	 1.73562687902872E-0006
-3.23394863802529E+0000	 1.61732117935284E-0006
-3.23869461623627E+0000	 1.50635093313978E-0006
-3.24344059444726E+0000	 1.40231470163334E-0006
-3.24818657265824E+0000	 1.30482935743330E-0006
-3.25293255086922E+0000	 1.21352948223674E-0006
-3.25767852908021E+0000	 1.12806677044278E-0006
-3.26242450729119E+0000	 1.04810943943859E-0006
-3.26717048550218E+0000	 9.73341647333062E-0007
-3.27191646371316E+0000	 9.03462918853541E-0007
-3.27666244192414E+0000	 8.38187580068899E-0007
-3.28140842013513E+0000	 7.77244202550915E-0007
-3.28615439834611E+0000	 7.20375057534532E-0007
-3.29090037655710E+0000	 6.67335580586746E-0007
-3.29564635476808E+0000	 6.17893847243744E-0007
-3.30039233297906E+0000	 5.71830060026633E-0007
-3.30513831119005E+0000	 5.28936047197875E-0007
-3.30988428940103E+0000	 4.89014773573481E-0007
-3.31463026761202E+0000	 4.51879863660254E-0007
-3.31937624582300E+0000	 4.17355137343099E-0007
-3.32412222403398E+0000	 3.85274158304632E-0007
-3.32886820224497E+0000	 3.55479795318204E-0007
-3.33361418045595E+0000	 3.27823796516052E-0007
-3.33836015866694E+0000	 3.02166376696667E-0007
-3.34310613687792E+0000	 2.78375817699668E-0007
-3.34785211508890E+0000	 2.56328081842587E-0007
-3.35259809329989E+0000	 2.35906438381935E-0007
-3.35734407151087E+0000	 2.17001102930865E-0007
-3.36209004972186E+0000	 1.99508889737603E-0007
-3.36683602793284E+0000	 1.83332876702586E-0007
-3.37158200614382E+0000	 1.68382082987976E-0007
-3.37632798435481E+0000	 1.54571159050824E-0007
-3.38107396256579E+0000	 1.41820088910630E-0007
-3.38581994077678E+0000	 1.30053904443395E-0007
-3.39056591898776E+0000	 1.19202411477351E-0007
-3.39531189719874E+0000	 1.09199927450476E-0007
-3.40005787540973E+0000	 9.99850303764212E-0008
-3.40480385362071E+0000	 9.15003188537649E-0008
-3.40954983183170E+0000	 8.36921828432629E-0008
-3.41429581004268E+0000	 7.65105849291134E-0008
-3.41904178825366E+0000	 6.99088517730392E-0008
-3.42378776646465E+0000	 6.38434754641489E-0008
-3.42853374467563E+0000	 5.82739244630273E-0008
-3.43327972288662E+0000	 5.31624638352308E-0008
-3.43802570109760E+0000	 4.84739844672626E-0008
-3.44277167930858E+0000	 4.41758409571028E-0008
-3.44751765751957E+0000	 4.02376978713939E-0008
-3.45226363573055E+0000	 3.66313840623623E-0008
-3.45700961394154E+0000	 3.33307547394232E-0008
-3.46175559215252E+0000	 3.03115609930961E-0008
-3.46650157036350E+0000	 2.75513264722804E-0008
-3.47124754857449E+0000	 2.50292309200495E-0008
-3.47599352678547E+0000	 2.27260002778336E-0008
-3.48073950499646E+0000	 2.06238030731348E-0008
-3.48548548320744E+0000	 1.87061528116748E-0008
-3.49023146141842E+0000	 1.69578161010644E-0008
-3.49497743962941E+0000	 1.53647262396552E-0008
-3.49972341784039E+0000	 1.39139020111182E-0008
-3.50446939605138E+0000	 1.25933714324609E-0008
-3.50921537426236E+0000	 1.13921002105769E-0008
-3.51396135247334E+0000	 1.02999246699935E-0008
-3.51870733068433E+0000	 9.30748892218015E-0009
-3.52345330889531E+0000	 8.40618605458826E-0009
-3.52819928710630E+0000	 7.58810312545067E-0009
-3.53294526531728E+0000	 6.84596975826077E-0009
-3.53769124352826E+0000	 6.17311013773506E-0009
-3.54243722173925E+0000	 5.56339821691408E-0009
-3.54718319995023E+0000	 5.01121595284804E-0009
-3.55192917816122E+0000	 4.51141439602073E-0009
-3.55667515637220E+0000	 4.05927746626778E-0009
-3.56142113458318E+0000	 3.65048825542229E-0009
-3.56616711279417E+0000	 3.28109770425730E-0009
-3.57091309100515E+0000	 2.94749550847283E-0009
-3.57565906921614E+0000	 2.64638311548472E-0009
-3.58040504742712E+0000	 2.37474868060053E-0009
-3.58515102563810E+0000	 2.12984385780476E-0009
-3.58989700384909E+0000	 1.90916230681528E-0009
-3.59464298206007E+0000	 1.71041980430677E-0009
-3.59938896027106E+0000	 1.53153585322245E-0009
-3.60413493848204E+0000	 1.37061668990690E-0009
-3.60888091669302E+0000	 1.22593959439001E-0009
-3.61362689490401E+0000	 1.09593841453226E-0009
-3.61837287311499E+0000	 9.79190219905697E-0010
-3.62311885132598E+0000	 8.74403006233075E-0010
-3.62786482953696E+0000	 7.80404375942445E-0010
-3.63261080774794E+0000	 6.96131124916974E-0010
-3.63735678595893E+0000	 6.20619669834629E-0010
-3.64210276416991E+0000	 5.52997254602139E-0010
-3.64684874238090E+0000	 4.92473878297198E-0010
-3.65159472059188E+0000	 4.38334890746676E-0010
-3.65634069880286E+0000	 3.89934205391852E-0010
-3.66108667701385E+0000	 3.46688082429690E-0010
-3.66583265522483E+0000	 3.08069438377724E-0010
-3.67057863343582E+0000	 2.73602641195077E-0010
-3.67532461164680E+0000	 2.42858752909471E-0010
-3.68007058985778E+0000	 2.15451184356188E-0010
-3.68481656806877E+0000	 1.91031729135829E-0010
-3.68956254627975E+0000	 1.69286946249861E-0010
-3.69430852449074E+0000	 1.49934863082569E-0010
-3.69905450270172E+0000	 1.32721972471425E-0010
-3.70380048091270E+0000	 1.17420499551252E-0010
-3.70854645912369E+0000	 1.03825915877090E-0010
-3.71329243733467E+0000	 9.17546800323363E-0011
-3.71803841554566E+0000	 8.10421855184686E-0011
-3.72278439375664E+0000	 7.15408982063310E-0011
-3.72753037196762E+0000	 6.31186670120219E-0011
-3.73227635017861E+0000	 5.56571927485514E-0011
-3.73702232838959E+0000	 4.90506413027665E-0011
-3.74176830660058E+0000	 4.32043884007766E-0011
-3.74651428481156E+0000	 3.80338842591718E-0011
-3.75126026302254E+0000	 3.34636273784360E-0011
-3.75600624123353E+0000	 2.94262376236981E-0011
-3.76075221944451E+0000	 2.58616195606830E-0011
-3.76549819765550E+0000	 2.27162077755865E-0011
-3.77024417586648E+0000	 1.99422866105928E-0011
-3.77499015407746E+0000	 1.74973773956545E-0011
-3.77973613228845E+0000	 1.53436868555638E-0011
-3.78448211049943E+0000	 1.34476109226779E-0011
-3.78922808871042E+0000	 1.17792886931476E-0011
-3.79397406692140E+0000	 1.03122017311971E-0011
-3.79872004513238E+0000	 9.02281435480572E-0012
-3.80346602334337E+0000	 7.89025092975670E-0012
-3.80821200155435E+0000	 6.89600656002439E-0012
-3.81295797976534E+0000	 6.02368789325671E-0012
-3.81770395797632E+0000	 5.25878106295181E-0012
-3.82244993618730E+0000	 4.58844406593039E-0012
-3.82719591439829E+0000	 4.00132112685823E-0012
-3.83194189260927E+0000	 3.48737683272620E-0012
-3.83668787082025E+0000	 3.03774803107743E-0012
-3.84143384903124E+0000	 2.64461167799593E-0012
-3.84617982724222E+0000	 2.30106699693765E-0012
-3.85092580545321E+0000	 2.00103046879101E-0012
-3.85567178366419E+0000	 1.73914231839448E-0012
-3.86041776187517E+0000	 1.51068329431749E-0012
-3.86516374008616E+0000	 1.31150065814117E-0012
-3.86990971829714E+0000	 1.13794240778952E-0012
-3.87465569650813E+0000	 9.86798857612050E-0013
-3.87940167471911E+0000	 8.55250786786466E-0013
-3.88414765293009E+0000	 7.40823448006796E-0013
-3.88889363114108E+0000	 6.41345801095523E-0013
-3.89363960935206E+0000	 5.54914401817797E-0013
-3.89838558756305E+0000	 4.79861435413055E-0013
-3.90313156577403E+0000	 4.14726437776619E-0013
-3.90787754398501E+0000	 3.58231295353817E-0013
-3.91262352219600E+0000	 3.09258158140704E-0013
-3.91736950040698E+0000	 2.66829939165761E-0013
-3.92211547861797E+0000	 2.30093108865296E-0013
-3.92686145682895E+0000	 1.98302524235273E-0013
-3.93160743503993E+0000	 1.70808060885198E-0013
-3.93635341325092E+0000	 1.47042841446514E-0013
-3.94109939146190E+0000	 1.26512876482036E-0013
-3.94584536967289E+0000	 1.08787954362146E-0013
-3.95059134788387E+0000	 9.34936347521605E-0014
-3.95533732609485E+0000	 8.03042166064052E-0014
-3.96008330430584E+0000	 6.89365660812886E-0014
-3.96482928251682E+0000	 5.91447027371302E-0014
-3.96957526072781E+0000	 5.07150539553959E-0014
-3.97432123893879E+0000	 4.34622977977547E-0014
-3.97906721714977E+0000	 3.72257237058133E-0014
-3.98381319536076E+0000	 3.18660486026695E-0014
-3.98855917357174E+0000	 2.72626332153206E-0014
-3.99330515178273E+0000	 2.33110498857940E-0014
-3.99805112999371E+0000	 1.99209588645281E-0014
-4.00279710820469E+0000	 1.70142551592891E-0014
-4.00754308641568E+0000	 1.45234525162699E-0014
-4.01228906462666E+0000	 1.23902750993943E-0014
-4.01703504283765E+0000	 1.05644309652848E-0014
-4.02178102104863E+0000	 9.00254455508531E-0015
-4.02652699925961E+0000	 7.66722818538992E-0015
-4.03127297747060E+0000	 6.52627495921704E-0015
-4.03601895568158E+0000	 5.55195767033856E-0015
-4.04076493389257E+0000	 4.72042017254542E-0015
-4.04551091210355E+0000	 4.01114935837357E-0015
-4.05025689031453E+0000	 3.40651736509741E-0015
-4.05500286852552E+0000	 2.89138492230240E-0015
-4.05974884673650E+0000	 2.45275789545564E-0015
-4.06449482494749E+0000	 2.07949008174063E-0015
-4.06924080315847E+0000	 1.76202619413838E-0015
-4.07398678136945E+0000	 1.49217974165152E-0015
-4.07873275958044E+0000	 1.26294119040180E-0015
-4.08347873779142E+0000	 1.06831238336868E-0015
-4.08822471600241E+0000	 9.03163715778658E-0016
-4.09297069421339E+0000	 7.63111017457585E-0016
-4.09771667242437E+0000	 6.44409490659087E-0016
-4.10246265063536E+0000	 5.43862398910050E-0016
-4.10720862884634E+0000	 4.58742505390198E-0016
-4.11195460705733E+0000	 3.86724523690858E-0016
-4.11670058526831E+0000	 3.25827074244016E-0016
-4.12144656347929E+0000	 2.74362840477309E-0016
-4.12619254169028E+0000	 2.30895793532706E-0016
-4.13093851990126E+0000	 1.94204506441333E-0016
-4.13568449811225E+0000	 1.63250710836190E-0016
-4.14043047632323E+0000	 1.37152364122605E-0016
-4.14517645453421E+0000	 1.15160594720758E-0016
-4.14992243274520E+0000	 9.66399794814216E-0017
-4.15466841095618E+0000	 8.10516823525786E-0017
-4.15941438916717E+0000	 6.79390483270677E-0017
-4.16416036737815E+0000	 5.69153029307052E-0017
-4.16890634558913E+0000	 4.76530561540752E-0017
-4.17365232380012E+0000	 3.98753517832927E-0017
-4.17839830201110E+0000	 3.33480394135100E-0017
-4.18314428022209E+0000	 2.78732777909553E-0017
-4.18789025843307E+0000	 2.32840051850696E-0017
-4.19263623664405E+0000	 1.94392358169379E-0017
-4.19738221485504E+0000	 1.62200614643419E-0017
-4.20212819306602E+0000	 1.35262546628610E-0017
-4.20687417127701E+0000	 1.12733848050296E-0017
-4.21162014948799E+0000	 9.39037123435892E-0018
-4.21636612769897E+0000	 7.81740842337692E-0018
-4.22111210590996E+0000	 6.50420776214631E-0018
-4.22585808412094E+0000	 5.40850858043058E-0018
-4.23060406233193E+0000	 4.49481796845393E-0018
-4.23535004054291E+0000	 3.73334490872057E-0018
-4.24009601875389E+0000	 3.09909932354094E-0018
-4.24484199696488E+0000	 2.57113099979226E-0018
-4.24958797517586E+0000	 2.13188707765245E-0018
-4.25433395338685E+0000	 1.76666997300141E-0018
-4.25907993159783E+0000	 1.46318032096553E-0018
-4.26382590980881E+0000	 1.21113184709604E-0018
-4.26857188801980E+0000	 1.00192705008576E-0018
-4.27331786623078E+0000	 8.28384264918893E-0019
-4.27806384444177E+0000	 6.84508110186132E-0019
-4.28280982265275E+0000	 5.65296544294414E-0019
-4.28755580086373E+0000	 4.66578793624197E-0019
-4.29230177907472E+0000	 3.84879298071850E-0019
-4.29704775728570E+0000	 3.17303568773916E-0019
-4.30179373549669E+0000	 2.61442488770065E-0019
-4.30653971370767E+0000	 2.15292126719697E-0019
-4.31128569191865E+0000	 1.77186590909860E-0019
-4.31603167012964E+0000	 1.45741837957667E-0019
-4.32077764834062E+0000	 1.19808678304946E-0019
-4.32552362655161E+0000	 9.84334977757322E-0020
-4.33026960476259E+0000	 8.08254487505591E-0020
-4.33501558297357E+0000	 6.63290624096665E-0020
-4.33976156118456E+0000	 5.44014005492195E-0020
-4.34450753939554E+0000	 4.45930063944036E-0020
-4.34925351760653E+0000	 3.65320326293700E-0020
-4.35399949581751E+0000	 2.99110249430896E-0020
-4.35874547402849E+0000	 2.44759236450884E-0020
-4.36349145223948E+0000	 2.00169167906763E-0020
-4.36823743045046E+0000	 1.63608378534243E-0020
-4.37298340866145E+0000	 1.33648510573918E-0020
-4.37772938687243E+0000	 1.09112095268398E-0020
-4.38247536508341E+0000	 8.90290669102315E-0021
-4.38722134329440E+0000	 7.26007096514388E-0021
-4.39196732150538E+0000	 5.91697851899874E-0021
-4.39671329971637E+0000	 4.81957970509831E-0021
-4.40145927792735E+0000	 3.92345209178387E-0021
-4.40620525613833E+0000	 3.19210757694569E-0021
-4.41095123434932E+0000	 2.59559320178364E-0021
-4.41569721256030E+0000	 2.10933542684724E-0021
-4.42044319077129E+0000	 1.71318609849874E-0021
-4.42518916898227E+0000	 1.39063539554966E-0021
-4.42993514719325E+0000	 1.12816293219663E-0021
-4.43468112540424E+0000	 9.14703096893621E-0022
-4.43942710361522E+0000	 7.41204788874205E-0022
-4.44417308182621E+0000	 6.00269110058332E-0022
-4.44891906003719E+0000	 4.85851393493344E-0022
-4.45366503824817E+0000	 3.93016295299169E-0022
-4.45841101645916E+0000	 3.17736624825110E-0022
-4.46315699467014E+0000	 2.56728203876836E-0022
-4.46790297288113E+0000	 2.07314386010896E-0022
-4.47264895109211E+0000	 1.67314977432897E-0022
-4.47739492930309E+0000	 1.34955220710384E-0022
-4.48214090751408E+0000	 1.08791263628704E-0022
-4.48688688572506E+0000	 8.76491650036572E-0023
-4.49163286393605E+0000	 7.05750095444981E-0023
-4.49637884214703E+0000	 5.67941336005914E-0023
-4.50112482035801E+0000	 4.56778183496932E-0023
-4.50587079856900E+0000	 3.67160995998140E-0023
-4.51061677677998E+0000	 2.94955845983541E-0023
-4.51536275499097E+0000	 2.36813649687532E-0023
-4.52010873320195E+0000	 1.90022785062578E-0023
-4.52485471141293E+0000	 1.52389071781579E-0023
-4.52960068962392E+0000	 1.22138093575973E-0023
-4.53434666783490E+0000	 9.78357526886827E-0024
-4.53909264604589E+0000	 7.83236930635557E-0024
-4.54383862425687E+0000	 6.26668417794782E-0024
-4.54858460246785E+0000	 5.01108208695073E-0024
-4.55333058067884E+0000	 4.00473936110178E-0024
-4.55807655888982E+0000	 3.19864467758927E-0024
-4.56282253710081E+0000	 2.55332865006057E-0024
-4.56756851531179E+0000	 2.03702513413358E-0024
-4.57231449352277E+0000	 1.62418307486925E-0024
-4.57706047173376E+0000	 1.29426280599931E-0024
-4.58180644994474E+0000	 1.03076302736057E-0024
-4.58655242815573E+0000	 8.20434735976608E-0025
-4.59129840636671E+0000	 6.52646579785066E-0025
-4.59604438457769E+0000	 5.18872779424998E-0025
-4.60079036278868E+0000	 4.12280200196168E-0025
-4.60553634099966E+0000	 3.27395580637509E-0025
-4.61028231921065E+0000	 2.59837522344805E-0025
-4.61502829742163E+0000	 2.06100770051962E-0025
-4.61977427563261E+0000	 1.63382686277068E-0025
-4.62452025384360E+0000	 1.29443752859630E-0025
-4.62926623205458E+0000	 1.02495495701560E-0025
-4.63401221026557E+0000	 8.11104968953071E-0026
-4.63875818847655E+0000	 6.41501855850629E-0026
-4.64350416668753E+0000	 5.07069305279558E-0026
-4.64825014489852E+0000	 4.00576301966369E-0026
-4.65299612310950E+0000	 3.16265403475689E-0026
-4.65774210132049E+0000	 2.49555186410664E-0026
-4.66248807953147E+0000	 1.96802209535837E-0026
-4.66723405774245E+0000	 1.55110705685523E-0026
-4.67198003595344E+0000	 1.22180525406668E-0026
-4.67672601416442E+0000	 9.61857180637212E-0027
-4.68147199237541E+0000	 7.56776366106910E-0027
-4.68621797058639E+0000	 5.95076601083179E-0027
-4.69096394879737E+0000	 4.67655997733170E-0027
-4.69570992700836E+0000	 3.67306355694475E-0027
-4.70045590521934E+0000	 2.88322580286096E-0027
-4.70520188343025E+0000	 2.26191939819355E-0027
