
 4.78200856032666E+0000	 0.00000000000000E+0000
 4.77726258211568E+0000	 0.00000000000000E+0000
 4.77251660390470E+0000	 0.00000000000000E+0000
 4.76777062569371E+0000	 0.00000000000000E+0000
 4.76302464748273E+0000	 0.00000000000000E+0000
 4.75827866927174E+0000	 0.00000000000000E+0000
 4.75353269106076E+0000	 0.00000000000000E+0000
 4.74878671284978E+0000	 0.00000000000000E+0000
 4.74404073463879E+0000	 0.00000000000000E+0000
 4.73929475642781E+0000	 0.00000000000000E+0000
 4.73454877821682E+0000	 0.00000000000000E+0000
 4.72980280000584E+0000	 0.00000000000000E+0000
 4.72505682179486E+0000	 0.00000000000000E+0000
 4.72031084358387E+0000	 0.00000000000000E+0000
 4.71556486537289E+0000	 0.00000000000000E+0000
 4.71081888716190E+0000	 0.00000000000000E+0000
 4.70607290895092E+0000	 0.00000000000000E+0000
 4.70132693073994E+0000	 0.00000000000000E+0000
 4.69658095252895E+0000	 0.00000000000000E+0000
 4.69183497431797E+0000	 0.00000000000000E+0000
 4.68708899610698E+0000	 0.00000000000000E+0000
 4.68234301789600E+0000	 0.00000000000000E+0000
 4.67759703968502E+0000	 0.00000000000000E+0000
 4.67285106147403E+0000	 0.00000000000000E+0000
 4.66810508326305E+0000	 0.00000000000000E+0000
 4.66335910505206E+0000	 0.00000000000000E+0000
 4.65861312684108E+0000	 0.00000000000000E+0000
 4.65386714863010E+0000	 0.00000000000000E+0000
 4.64912117041911E+0000	 0.00000000000000E+0000
 4.64437519220813E+0000	 0.00000000000000E+0000
 4.63962921399714E+0000	 0.00000000000000E+0000
 4.63488323578616E+0000	 0.00000000000000E+0000
 4.63013725757518E+0000	 0.00000000000000E+0000
 4.62539127936419E+0000	 0.00000000000000E+0000
 4.62064530115321E+0000	 0.00000000000000E+0000
 4.61589932294222E+0000	 0.00000000000000E+0000
 4.61115334473124E+0000	 0.00000000000000E+0000
 4.60640736652026E+0000	 0.00000000000000E+0000
 4.60166138830927E+0000	 0.00000000000000E+0000
 4.59691541009829E+0000	 0.00000000000000E+0000
 4.59216943188730E+0000	 0.00000000000000E+0000
 4.58742345367632E+0000	 0.00000000000000E+0000
 4.58267747546534E+0000	 0.00000000000000E+0000
 4.57793149725435E+0000	 0.00000000000000E+0000
 4.57318551904337E+0000	 0.00000000000000E+0000
 4.56843954083238E+0000	 0.00000000000000E+0000
 4.56369356262140E+0000	 0.00000000000000E+0000
 4.55894758441042E+0000	 0.00000000000000E+0000
 4.55420160619943E+0000	 0.00000000000000E+0000
 4.54945562798845E+0000	 0.00000000000000E+0000
 4.54470964977746E+0000	 0.00000000000000E+0000
 4.53996367156648E+0000	 0.00000000000000E+0000
 4.53521769335550E+0000	 0.00000000000000E+0000
 4.53047171514451E+0000	 0.00000000000000E+0000
 4.52572573693353E+0000	 0.00000000000000E+0000
 4.52097975872254E+0000	 0.00000000000000E+0000
 4.51623378051156E+0000	 0.00000000000000E+0000
 4.51148780230058E+0000	 0.00000000000000E+0000
 4.50674182408959E+0000	 0.00000000000000E+0000
 4.50199584587861E+0000	 0.00000000000000E+0000
 4.49724986766762E+0000	 0.00000000000000E+0000
 4.49250388945664E+0000	 0.00000000000000E+0000
 4.48775791124566E+0000	 0.00000000000000E+0000
 4.48301193303467E+0000	 0.00000000000000E+0000
 4.47826595482369E+0000	 0.00000000000000E+0000
 4.47351997661270E+0000	 0.00000000000000E+0000
 4.46877399840172E+0000	 0.00000000000000E+0000
 4.46402802019074E+0000	 0.00000000000000E+0000
 4.45928204197975E+0000	 0.00000000000000E+0000
 4.45453606376877E+0000	 0.00000000000000E+0000
 4.44979008555778E+0000	 0.00000000000000E+0000
 4.44504410734680E+0000	 0.00000000000000E+0000
 4.44029812913582E+0000	 0.00000000000000E+0000
 4.43555215092483E+0000	 0.00000000000000E+0000
 4.43080617271385E+0000	 0.00000000000000E+0000
 4.42606019450286E+0000	 0.00000000000000E+0000
 4.42131421629188E+0000	 0.00000000000000E+0000
 4.41656823808090E+0000	 0.00000000000000E+0000
 4.41182225986991E+0000	 0.00000000000000E+0000
 4.40707628165893E+0000	 0.00000000000000E+0000
 4.40233030344794E+0000	 0.00000000000000E+0000
 4.39758432523696E+0000	 0.00000000000000E+0000
 4.39283834702598E+0000	 0.00000000000000E+0000
 4.38809236881499E+0000	 0.00000000000000E+0000
 4.38334639060401E+0000	 0.00000000000000E+0000
 4.37860041239302E+0000	 0.00000000000000E+0000
 4.37385443418204E+0000	 0.00000000000000E+0000
 4.36910845597106E+0000	 0.00000000000000E+0000
 4.36436247776007E+0000	 0.00000000000000E+0000
 4.35961649954909E+0000	 0.00000000000000E+0000
 4.35487052133810E+0000	 0.00000000000000E+0000
 4.35012454312712E+0000	 0.00000000000000E+0000
 4.34537856491614E+0000	 0.00000000000000E+0000
 4.34063258670515E+0000	 0.00000000000000E+0000
 4.33588660849417E+0000	 0.00000000000000E+0000
 4.33114063028318E+0000	 0.00000000000000E+0000
 4.32639465207220E+0000	 0.00000000000000E+0000
 4.32164867386122E+0000	 0.00000000000000E+0000
 4.31690269565023E+0000	 0.00000000000000E+0000
 4.31215671743925E+0000	 0.00000000000000E+0000
 4.30741073922826E+0000	 0.00000000000000E+0000
 4.30266476101728E+0000	 0.00000000000000E+0000
 4.29791878280630E+0000	 0.00000000000000E+0000
 4.29317280459531E+0000	 0.00000000000000E+0000
 4.28842682638433E+0000	 0.00000000000000E+0000
 4.28368084817334E+0000	 0.00000000000000E+0000
 4.27893486996236E+0000	 0.00000000000000E+0000
 4.27418889175138E+0000	 0.00000000000000E+0000
 4.26944291354039E+0000	 0.00000000000000E+0000
 4.26469693532941E+0000	 0.00000000000000E+0000
 4.25995095711842E+0000	 0.00000000000000E+0000
 4.25520497890744E+0000	 0.00000000000000E+0000
 4.25045900069646E+0000	 0.00000000000000E+0000
 4.24571302248547E+0000	 0.00000000000000E+0000
 4.24096704427449E+0000	 0.00000000000000E+0000
 4.23622106606350E+0000	 0.00000000000000E+0000
 4.23147508785252E+0000	 0.00000000000000E+0000
 4.22672910964154E+0000	 0.00000000000000E+0000
 4.22198313143055E+0000	 0.00000000000000E+0000
 4.21723715321957E+0000	 0.00000000000000E+0000
 4.21249117500858E+0000	 0.00000000000000E+0000
 4.20774519679760E+0000	 0.00000000000000E+0000
 4.20299921858662E+0000	 0.00000000000000E+0000
 4.19825324037563E+0000	 0.00000000000000E+0000
 4.19350726216465E+0000	 0.00000000000000E+0000
 4.18876128395366E+0000	 0.00000000000000E+0000
 4.18401530574268E+0000	 0.00000000000000E+0000
 4.17926932753170E+0000	 0.00000000000000E+0000
 4.17452334932071E+0000	 0.00000000000000E+0000
 4.16977737110973E+0000	 0.00000000000000E+0000
 4.16503139289874E+0000	 0.00000000000000E+0000
 4.16028541468776E+0000	 0.00000000000000E+0000
 4.15553943647678E+0000	 0.00000000000000E+0000
 4.15079345826579E+0000	 0.00000000000000E+0000
 4.14604748005481E+0000	 0.00000000000000E+0000
 4.14130150184382E+0000	 0.00000000000000E+0000
 4.13655552363284E+0000	 0.00000000000000E+0000
 4.13180954542186E+0000	 0.00000000000000E+0000
 4.12706356721087E+0000	 0.00000000000000E+0000
 4.12231758899989E+0000	 0.00000000000000E+0000
 4.11757161078890E+0000	 0.00000000000000E+0000
 4.11282563257792E+0000	 0.00000000000000E+0000
 4.10807965436694E+0000	 0.00000000000000E+0000
 4.10333367615595E+0000	 0.00000000000000E+0000
 4.09858769794497E+0000	 0.00000000000000E+0000
 4.09384171973398E+0000	 0.00000000000000E+0000
 4.08909574152300E+0000	 0.00000000000000E+0000
 4.08434976331202E+0000	 0.00000000000000E+0000
 4.07960378510103E+0000	 0.00000000000000E+0000
 4.07485780689005E+0000	 0.00000000000000E+0000
 4.07011182867906E+0000	 0.00000000000000E+0000
 4.06536585046808E+0000	 0.00000000000000E+0000
 4.06061987225710E+0000	 0.00000000000000E+0000
 4.05587389404611E+0000	 0.00000000000000E+0000
 4.05112791583513E+0000	 0.00000000000000E+0000
 4.04638193762414E+0000	 0.00000000000000E+0000
 4.04163595941316E+0000	 0.00000000000000E+0000
 4.03688998120218E+0000	 0.00000000000000E+0000
 4.03214400299119E+0000	 0.00000000000000E+0000
 4.02739802478021E+0000	 0.00000000000000E+0000
 4.02265204656922E+0000	 0.00000000000000E+0000
 4.01790606835824E+0000	 0.00000000000000E+0000
 4.01316009014726E+0000	 0.00000000000000E+0000
 4.00841411193627E+0000	 0.00000000000000E+0000
 4.00366813372529E+0000	 0.00000000000000E+0000
 3.99892215551430E+0000	 0.00000000000000E+0000
 3.99417617730332E+0000	 0.00000000000000E+0000
 3.98943019909234E+0000	 0.00000000000000E+0000
 3.98468422088135E+0000	 0.00000000000000E+0000
 3.97993824267037E+0000	 0.00000000000000E+0000
 3.97519226445938E+0000	 0.00000000000000E+0000
 3.97044628624840E+0000	 0.00000000000000E+0000
 3.96570030803742E+0000	 0.00000000000000E+0000
 3.96095432982643E+0000	 0.00000000000000E+0000
 3.95620835161545E+0000	 0.00000000000000E+0000
 3.95146237340446E+0000	 0.00000000000000E+0000
 3.94671639519348E+0000	 0.00000000000000E+0000
 3.94197041698250E+0000	 0.00000000000000E+0000
 3.93722443877151E+0000	 0.00000000000000E+0000
 3.93247846056053E+0000	 0.00000000000000E+0000
 3.92773248234954E+0000	 0.00000000000000E+0000
 3.92298650413856E+0000	 0.00000000000000E+0000
 3.91824052592758E+0000	 0.00000000000000E+0000
 3.91349454771659E+0000	 0.00000000000000E+0000
 3.90874856950561E+0000	 0.00000000000000E+0000
 3.90400259129463E+0000	 0.00000000000000E+0000
 3.89925661308364E+0000	 0.00000000000000E+0000
 3.89451063487266E+0000	 0.00000000000000E+0000
 3.88976465666167E+0000	 0.00000000000000E+0000
 3.88501867845069E+0000	 0.00000000000000E+0000
 3.88027270023971E+0000	 0.00000000000000E+0000
 3.87552672202872E+0000	 0.00000000000000E+0000
 3.87078074381774E+0000	 0.00000000000000E+0000
 3.86603476560675E+0000	 0.00000000000000E+0000
 3.86128878739577E+0000	 0.00000000000000E+0000
 3.85654280918479E+0000	 0.00000000000000E+0000
 3.85179683097380E+0000	 0.00000000000000E+0000
 3.84705085276282E+0000	 0.00000000000000E+0000
 3.84230487455183E+0000	 0.00000000000000E+0000
 3.83755889634085E+0000	 0.00000000000000E+0000
 3.83281291812987E+0000	 0.00000000000000E+0000
 3.82806693991888E+0000	 0.00000000000000E+0000
 3.82332096170790E+0000	 0.00000000000000E+0000
 3.81857498349691E+0000	 0.00000000000000E+0000
 3.81382900528593E+0000	 0.00000000000000E+0000
 3.80908302707495E+0000	 0.00000000000000E+0000
 3.80433704886396E+0000	 0.00000000000000E+0000
 3.79959107065298E+0000	 0.00000000000000E+0000
 3.79484509244199E+0000	 0.00000000000000E+0000
 3.79009911423101E+0000	 0.00000000000000E+0000
 3.78535313602003E+0000	 0.00000000000000E+0000
 3.78060715780904E+0000	 0.00000000000000E+0000
 3.77586117959806E+0000	 0.00000000000000E+0000
 3.77111520138707E+0000	 0.00000000000000E+0000
 3.76636922317609E+0000	 0.00000000000000E+0000
 3.76162324496511E+0000	 0.00000000000000E+0000
 3.75687726675412E+0000	 0.00000000000000E+0000
 3.75213128854314E+0000	 0.00000000000000E+0000
 3.74738531033215E+0000	 0.00000000000000E+0000
 3.74263933212117E+0000	 0.00000000000000E+0000
 3.73789335391019E+0000	 0.00000000000000E+0000
 3.73314737569920E+0000	 0.00000000000000E+0000
 3.72840139748822E+0000	 0.00000000000000E+0000
 3.72365541927723E+0000	 0.00000000000000E+0000
 3.71890944106625E+0000	 0.00000000000000E+0000
 3.71416346285527E+0000	 0.00000000000000E+0000
 3.70941748464428E+0000	 0.00000000000000E+0000
 3.70467150643330E+0000	 0.00000000000000E+0000
 3.69992552822231E+0000	 0.00000000000000E+0000
 3.69517955001133E+0000	 0.00000000000000E+0000
 3.69043357180035E+0000	 0.00000000000000E+0000
 3.68568759358936E+0000	 0.00000000000000E+0000
 3.68094161537838E+0000	 0.00000000000000E+0000
 3.67619563716739E+0000	 0.00000000000000E+0000
 3.67144965895641E+0000	 0.00000000000000E+0000
 3.66670368074543E+0000	 0.00000000000000E+0000
 3.66195770253444E+0000	 0.00000000000000E+0000
 3.65721172432346E+0000	 0.00000000000000E+0000
 3.65246574611247E+0000	 0.00000000000000E+0000
 3.64771976790149E+0000	 0.00000000000000E+0000
 3.64297378969051E+0000	 0.00000000000000E+0000
 3.63822781147952E+0000	 0.00000000000000E+0000
 3.63348183326854E+0000	 0.00000000000000E+0000
 3.62873585505755E+0000	 0.00000000000000E+0000
 3.62398987684657E+0000	 0.00000000000000E+0000
 3.61924389863559E+0000	 0.00000000000000E+0000
 3.61449792042460E+0000	 0.00000000000000E+0000
 3.60975194221362E+0000	 0.00000000000000E+0000
 3.60500596400263E+0000	 0.00000000000000E+0000
 3.60025998579165E+0000	 0.00000000000000E+0000
 3.59551400758067E+0000	 0.00000000000000E+0000
 3.59076802936968E+0000	 0.00000000000000E+0000
 3.58602205115870E+0000	 0.00000000000000E+0000
 3.58127607294771E+0000	 0.00000000000000E+0000
 3.57653009473673E+0000	 0.00000000000000E+0000
 3.57178411652575E+0000	 0.00000000000000E+0000
 3.56703813831476E+0000	 0.00000000000000E+0000
 3.56229216010378E+0000	 0.00000000000000E+0000
 3.55754618189279E+0000	 0.00000000000000E+0000
 3.55280020368181E+0000	 0.00000000000000E+0000
 3.54805422547083E+0000	 0.00000000000000E+0000
 3.54330824725984E+0000	 0.00000000000000E+0000
 3.53856226904886E+0000	 0.00000000000000E+0000
 3.53381629083787E+0000	 0.00000000000000E+0000
 3.52907031262689E+0000	 0.00000000000000E+0000
 3.52432433441591E+0000	 0.00000000000000E+0000
 3.51957835620492E+0000	 0.00000000000000E+0000
 3.51483237799394E+0000	 0.00000000000000E+0000
 3.51008639978295E+0000	 0.00000000000000E+0000
 3.50534042157197E+0000	 0.00000000000000E+0000
 3.50059444336099E+0000	 0.00000000000000E+0000
 3.49584846515000E+0000	 0.00000000000000E+0000
 3.49110248693902E+0000	 0.00000000000000E+0000
 3.48635650872803E+0000	 0.00000000000000E+0000
 3.48161053051705E+0000	 0.00000000000000E+0000
 3.47686455230607E+0000	 0.00000000000000E+0000
 3.47211857409508E+0000	 0.00000000000000E+0000
 3.46737259588410E+0000	 0.00000000000000E+0000
 3.46262661767311E+0000	 0.00000000000000E+0000
 3.45788063946213E+0000	 1.02115028742538E-0055
 3.45313466125115E+0000	 1.80506376824632E-0054
 3.44838868304016E+0000	 5.66435962244565E-0054
 3.44364270482918E+0000	 1.63348301555391E-0053
 3.43889672661819E+0000	 4.68204716533500E-0053
 3.43415074840721E+0000	 1.13091372063448E-0052
 3.42940477019623E+0000	 2.82302458379586E-0052
 3.42465879198524E+0000	 6.51096109845746E-0052
 3.41991281377426E+0000	 1.51299770426339E-0051
 3.41516683556327E+0000	 3.41226418413695E-0051
 3.41042085735229E+0000	 7.64521378980152E-0051
 3.40567487914131E+0000	 1.70781198844189E-0050
 3.40092890093032E+0000	 3.78763356877591E-0050
 3.39618292271934E+0000	 8.37397198294835E-0050
 3.39143694450835E+0000	 1.84311380299685E-0049
 3.38669096629737E+0000	 4.04363669730586E-0049
 3.38194498808639E+0000	 8.84002563259548E-0049
 3.37719900987540E+0000	 1.92619587131152E-0048
 3.37245303166442E+0000	 4.18366605497493E-0048
 3.36770705345343E+0000	 9.05720555925943E-0048
 3.36296107524245E+0000	 1.95451376082566E-0047
 3.35821509703147E+0000	 4.20419410830914E-0047
 3.35346911882048E+0000	 9.01433251319540E-0047
 3.34872314060950E+0000	 1.92659255530937E-0046
 3.34397716239851E+0000	 4.10443385511806E-0046
 3.33923118418753E+0000	 8.71613452327893E-0046
 3.33448520597655E+0000	 1.84502510393331E-0045
 3.32973922776556E+0000	 3.89303813803576E-0045
 3.32499324955458E+0000	 8.18810367139526E-0045
 3.32024727134359E+0000	 1.71666914393483E-0044
 3.31550129313261E+0000	 3.58755633661433E-0044
 3.31075531492163E+0000	 7.47343048335862E-0044
 3.30600933671064E+0000	 1.55185336785990E-0043
 3.30126335849966E+0000	 3.21211481813500E-0043
 3.29651738028867E+0000	 6.62737297813088E-0043
 3.29177140207769E+0000	 1.36301935263762E-0042
 3.28702542386671E+0000	 2.79430093126983E-0042
 3.28227944565572E+0000	 5.71025052256524E-0042
 3.27753346744474E+0000	 1.16318361220054E-0041
 3.27278748923375E+0000	 2.36185270304013E-0041
 3.26804151102277E+0000	 4.78045313194189E-0041
 3.26329553281179E+0000	 9.64489143231581E-0041
 3.25854955460080E+0000	 1.93971512077515E-0040
 3.25380357638982E+0000	 3.88858142926429E-0040
 3.24905759817883E+0000	 7.77065084953584E-0040
 3.24431161996785E+0000	 1.54787847711808E-0039
 3.23956564175687E+0000	 3.07347663103411E-0039
 3.23481966354588E+0000	 6.08326703534813E-0039
 3.23007368533490E+0000	 1.20021233546079E-0038
 3.22532770712391E+0000	 2.36044487154540E-0038
 3.22058172891293E+0000	 4.62747993105277E-0038
 3.21583575070195E+0000	 9.04295711913685E-0038
 3.21108977249096E+0000	 1.76153788474133E-0037
 3.20634379427998E+0000	 3.42049878508349E-0037
 3.20159781606899E+0000	 6.62068889827938E-0037
 3.19685183785801E+0000	 1.27741957136357E-0036
 3.19210585964703E+0000	 2.45686308184533E-0036
 3.18735988143604E+0000	 4.71026902080932E-0036
 3.18261390322506E+0000	 9.00177612116613E-0036
 3.17786792501407E+0000	 1.71486057140867E-0035
 3.17312194680309E+0000	 3.25647623169218E-0035
 3.16837596859211E+0000	 6.16433005251177E-0035
 3.16362999038112E+0000	 1.16316979603102E-0034
 3.15888401217014E+0000	 2.18786239319331E-0034
 3.15413803395915E+0000	 4.10220106177487E-0034
 3.14939205574817E+0000	 7.66715666747677E-0034
 3.14464607753719E+0000	 1.42847484230854E-0033
 3.13990009932620E+0000	 2.65296873702435E-0033
 3.13515412111522E+0000	 4.91149113728979E-0033
 3.13040814290423E+0000	 9.06393365912472E-0033
 3.12566216469325E+0000	 1.66741084855309E-0032
 3.12091618648227E+0000	 3.05767635208263E-0032
 3.11617020827128E+0000	 5.58938255208198E-0032
 3.11142423006030E+0000	 1.01849765123272E-0031
 3.10667825184931E+0000	 1.85003761659408E-0031
 3.10193227363833E+0000	 3.34985397769975E-0031
 3.09718629542735E+0000	 6.04639408934527E-0031
 3.09244031721636E+0000	 1.08790945924199E-0030
 3.08769433900538E+0000	 1.95126054984786E-0030
 3.08294836079439E+0000	 3.48870678398991E-0030
 3.07820238258341E+0000	 6.21785889877846E-0030
 3.07345640437243E+0000	 1.10470149541943E-0029
 3.06871042616144E+0000	 1.95648811945560E-0029
 3.06396444795046E+0000	 3.45412616013097E-0029
 3.05921846973947E+0000	 6.07894768558254E-0029
 3.05447249152849E+0000	 1.06646933938717E-0028
 3.04972651331751E+0000	 1.86508503423962E-0028
 3.04498053510652E+0000	 3.25146991359379E-0028
 3.04023455689554E+0000	 5.65056967282127E-0028
 3.03548857868455E+0000	 9.78896287462524E-0028
 3.03074260047357E+0000	 1.69049406487605E-0027
 3.02599662226259E+0000	 2.91020591187169E-0027
 3.02125064405160E+0000	 4.99421773435829E-0027
 3.01650466584062E+0000	 8.54369049409065E-0027
 3.01175868762963E+0000	 1.45699622540252E-0026
 3.00701270941865E+0000	 2.47689071182851E-0026
 3.00226673120767E+0000	 4.19750656187957E-0026
 2.99752075299668E+0000	 7.09108476150548E-0026
 2.99277477478570E+0000	 1.19418432317626E-0025
 2.98802879657471E+0000	 2.00478637953112E-0025
 2.98328281836373E+0000	 3.35508518757732E-0025
 2.97853684015275E+0000	 5.59729742095153E-0025
 2.97379086194176E+0000	 9.30879111914655E-0025
 2.96904488373078E+0000	 1.54329499882118E-0024
 2.96429890551979E+0000	 2.55062188108430E-0024
 2.95955292730881E+0000	 4.20228399575802E-0024
 2.95480694909783E+0000	 6.90188362597958E-0024
 2.95006097088684E+0000	 1.13003923126758E-0023
 2.94531499267586E+0000	 1.84443696898097E-0023
 2.94056901446487E+0000	 3.00109186652755E-0023
 2.93582303625389E+0000	 4.86788952288087E-0023
 2.93107705804291E+0000	 7.87134376787972E-0023
 2.92633107983192E+0000	 1.26883337539753E-0022
 2.92158510162094E+0000	 2.03895984445740E-0022
 2.91683912340995E+0000	 3.26634420534504E-0022
 2.91209314519897E+0000	 5.21633250161268E-0022
 2.90734716698799E+0000	 8.30461468927577E-0022
 2.90260118877700E+0000	 1.31803057613003E-0021
 2.89785521056602E+0000	 2.08537494227532E-0021
 2.89310923235503E+0000	 3.28924625645590E-0021
 2.88836325414405E+0000	 5.17205484261328E-0021
 2.88361727593307E+0000	 8.10746877623554E-0021
 2.87887129772208E+0000	 1.26696271134352E-0020
 2.87412531951110E+0000	 1.97378451239159E-0020
 2.86937934130011E+0000	 3.06544821430446E-0020
 2.86463336308913E+0000	 4.74621687688026E-0020
 2.85988738487815E+0000	 7.32590945296170E-0020
 2.85514140666716E+0000	 1.12729330401501E-0019
 2.85039542845618E+0000	 1.72931768242202E-0019
 2.84564945024519E+0000	 2.64469863354994E-0019
 2.84090347203421E+0000	 4.03220173981802E-0019
 2.83615749382323E+0000	 6.12878077827462E-0019
 2.83141151561224E+0000	 9.28694416866731E-0019
 2.82666553740126E+0000	 1.40294180328924E-0018
 2.82191955919027E+0000	 2.11288438748791E-0018
 2.81717358097929E+0000	 3.17235859807203E-0018
 2.81242760276831E+0000	 4.74854437821732E-0018
 2.80768162455732E+0000	 7.08617164138155E-0018
 2.80293564634634E+0000	 1.05423406822478E-0017
 2.79818966813535E+0000	 1.56364419175215E-0017
 2.79344368992437E+0000	 2.31214815216998E-0017
 2.78869771171339E+0000	 3.40856485186344E-0017
 2.78395173350240E+0000	 5.00964577714230E-0017
 2.77920575529142E+0000	 7.34046260581368E-0017
 2.77445977708043E+0000	 1.07231461171900E-0016
 2.76971379886945E+0000	 1.56172604578433E-0016
 2.76496782065847E+0000	 2.26763317510115E-0016
 2.76022184244748E+0000	 3.28267268899857E-0016
 2.75547586423650E+0000	 4.73773466729187E-0016
 2.75072988602551E+0000	 6.81716542217191E-0016
 2.74598390781453E+0000	 9.77976632959293E-0016
 2.74123792960355E+0000	 1.39876999179387E-0015
 2.73649195139256E+0000	 1.99461456204601E-0015
 2.73174597318158E+0000	 2.83575178989981E-0015
 2.72699999497059E+0000	 4.01953421677983E-0015
 2.72225401675961E+0000	 5.68045731018589E-0015
 2.71750803854863E+0000	 8.00373556127422E-0015
 2.71276206033764E+0000	 1.12436123764247E-0014
 2.70801608212666E+0000	 1.57479700544958E-0014
 2.70327010391568E+0000	 2.19912945354911E-0014
 2.69852412570469E+0000	 3.06186801840349E-0014
 2.69377814749371E+0000	 4.25043707659022E-0014
 2.68903216928272E+0000	 5.88293713500252E-0014
 2.68428619107174E+0000	 8.11839906559959E-0014
 2.67954021286076E+0000	 1.11702856346613E-0013
 2.67479423464977E+0000	 1.53242074995492E-0013
 2.67004825643879E+0000	 2.09610891112234E-0013
 2.66530227822780E+0000	 2.85873565420336E-0013
 2.66055630001682E+0000	 3.88741397759012E-0013
 2.65581032180584E+0000	 5.27080051539750E-0013
 2.65106434359485E+0000	 7.12563817268310E-0013
 2.64631836538387E+0000	 9.60516445721370E-0013
 2.64157238717288E+0000	 1.29098799686525E-0012
 2.63682640896190E+0000	 1.73012915078643E-0012
 2.63208043075092E+0000	 2.31193903246228E-0012
 2.62733445253993E+0000	 3.08048029837169E-0012
 2.62258847432895E+0000	 4.09267657544272E-0012
 2.61784249611796E+0000	 5.42183296335608E-0012
 2.61309651790698E+0000	 7.16205092219020E-0012
 2.60835053969600E+0000	 9.43374526555823E-0012
 2.60360456148501E+0000	 1.23905140478377E-0011
 2.59885858327403E+0000	 1.62276628421574E-0011
 2.59411260506304E+0000	 2.11927443062379E-0011
 2.58936662685206E+0000	 2.75985431560503E-0011
 2.58462064864108E+0000	 3.58390169097308E-0011
 2.57987467043009E+0000	 4.64087952756919E-0011
 2.57512869221911E+0000	 5.99269471206168E-0011
 2.57038271400812E+0000	 7.71658448514965E-0011
 2.56563673579714E+0000	 9.90860930393722E-0011
 2.56089075758616E+0000	 1.26878642390263E-0010
 2.55614477937517E+0000	 1.62015382802512E-0010
 2.55139880116419E+0000	 2.06309701136692E-0010
 2.54665282295320E+0000	 2.61988701122250E-0010
 2.54190684474222E+0000	 3.31779014880647E-0010
 2.53716086653124E+0000	 4.19008387812827E-0010
 2.53241488832025E+0000	 5.27725490557912E-0010
 2.52766891010927E+0000	 6.62840702291712E-0010
 2.52292293189828E+0000	 8.30290917051207E-0010
 2.51817695368730E+0000	 1.03723174654710E-0009
 2.51343097547632E+0000	 1.29226082572495E-0009
 2.50868499726533E+0000	 1.60567626690007E-0009
 2.50393901905435E+0000	 1.98977464937749E-0009
 2.49919304084336E+0000	 2.45919326778609E-0009
 2.49444706263238E+0000	 3.03130168654170E-0009
 2.48970108442140E+0000	 3.72664795145793E-0009
 2.48495510621041E+0000	 4.56946508303931E-0009
 2.48020912799943E+0000	 5.58824370891037E-0009
 2.47546314978844E+0000	 6.81637687375123E-0009
 2.47071717157746E+0000	 8.29288318186168E-0009
 2.46597119336648E+0000	 1.00632144673365E-0008
 2.46122521515549E+0000	 1.21801541367526E-0008
 2.45647923694451E+0000	 1.47048121761565E-0008
 2.45173325873352E+0000	 1.77077225452047E-0008
 2.44698728052254E+0000	 2.12700482844431E-0008
 2.44224130231156E+0000	 2.54848991258760E-0008
 2.43749532410057E+0000	 3.04587657126998E-0008
 2.43274934588959E+0000	 3.63130736938558E-0008
 2.42800336767860E+0000	 4.31858599578820E-0008
 2.42325738946762E+0000	 5.12335721063251E-0008
 2.41851141125664E+0000	 6.06329909409954E-0008
 2.41376543304565E+0000	 7.15832742566818E-0008
 2.40901945483467E+0000	 8.43081186007353E-0008
 2.40427347662368E+0000	 9.90580338967561E-0008
 2.39952749841270E+0000	 1.16112723949544E-0007
 2.39478152020172E+0000	 1.35783563875194E-0007
 2.39003554199073E+0000	 1.58416163460941E-0007
 2.38528956377975E+0000	 1.84393003385663E-0007
 2.38054358556876E+0000	 2.14136129159300E-0007
 2.37579760735778E+0000	 2.48109885606836E-0007
 2.37105162914680E+0000	 2.86823672771800E-0007
 2.36630565093581E+0000	 3.30834702289204E-0007
 2.36155967272483E+0000	 3.80750731623504E-0007
 2.35681369451384E+0000	 4.37232752128553E-0007
 2.35206771630286E+0000	 5.00997605707610E-0007
 2.34732173809188E+0000	 5.72820503974138E-0007
 2.34257575988089E+0000	 6.53537423276641E-0007
 2.33782978166991E+0000	 7.44047348787042E-0007
 2.33308380345892E+0000	 8.45314341089879E-0007
 2.32833782524794E+0000	 9.58369399370236E-0007
 2.32359184703696E+0000	 1.08431209639488E-0006
 2.31884586882597E+0000	 1.22431196201855E-0006
 2.31409989061499E+0000	 1.37960959392088E-0006
 2.30935391240400E+0000	 1.55151747667564E-0006
 2.30460793419302E+0000	 1.74142049304807E-0006
 2.29986195598204E+0000	 1.95077611457639E-0006
 2.29511597777105E+0000	 2.18111426197562E-0006
 2.29036999956007E+0000	 2.43403682965689E-0006
 2.28562402134908E+0000	 2.71121687262360E-0006
 2.28087804313810E+0000	 3.01439745812258E-0006
 2.27613206492712E+0000	 3.34539018862500E-0006
 2.27138608671613E+0000	 3.70607340691372E-0006
 2.26664010850515E+0000	 4.09839009818732E-0006
 2.26189413029416E+0000	 4.52434550808075E-0006
 2.25714815208318E+0000	 4.98600449927658E-0006
 2.25240217387220E+0000	 5.48548867286829E-0006
 2.24765619566121E+0000	 6.02497328377660E-0006
 2.24291021745023E+0000	 6.60668398225266E-0006
 2.23816423923924E+0000	 7.23289341578133E-0006
 2.23341826102826E+0000	 7.90591772748383E-0006
 2.22867228281728E+0000	 8.62811298838531E-0006
 2.22392630460629E+0000	 9.40187160164041E-0006
 2.21918032639531E+0000	 1.02296187169951E-0005
 2.21443434818432E+0000	 1.11138086934111E-0005
 2.20968836997334E+0000	 1.20569216469072E-0005
 2.20494239176236E+0000	 1.30614601193094E-0005
 2.20019641355137E+0000	 1.41299459017822E-0005
 2.19545043534039E+0000	 1.52649170447901E-0005
 2.19070445712940E+0000	 1.64689250835541E-0005
 2.18595847891842E+0000	 1.77445325051960E-0005
 2.18121250070744E+0000	 1.90943104806468E-0005
 2.17646652249645E+0000	 2.05208368811211E-0005
 2.17172054428547E+0000	 2.20266945955751E-0005
 2.16697456607448E+0000	 2.36144701621450E-0005
 2.16222858786350E+0000	 2.52867527231650E-0005
 2.15748260965252E+0000	 2.70461333100433E-0005
 2.15273663144153E+0000	 2.88952044610896E-0005
 2.14799065323055E+0000	 3.08365601723779E-0005
 2.14324467501956E+0000	 3.28727961789324E-0005
 2.13849869680858E+0000	 3.50065105609785E-0005
 2.13375271859760E+0000	 3.72403046677219E-0005
 2.12900674038661E+0000	 3.95767843491230E-0005
 2.12426076217563E+0000	 4.20185614844362E-0005
 2.11951478396464E+0000	 4.45682557948680E-0005
 2.11476880575366E+0000	 4.72284969265916E-0005
 2.11002282754268E+0000	 5.00019267895092E-0005
 2.10527684933169E+0000	 5.28912021365685E-0005
 2.10053087112071E+0000	 5.58989973681009E-0005
 2.09578489290972E+0000	 5.90280075455319E-0005
 2.09103891469874E+0000	 6.22809515988956E-0005
 2.08629293648776E+0000	 6.56605757128473E-0005
 2.08154695827677E+0000	 6.91696568762823E-0005
 2.07680098006579E+0000	 7.28110065812225E-0005
 2.07205500185480E+0000	 7.65874746572954E-0005
 2.06730902364382E+0000	 8.05019532288908E-0005
 2.06256304543284E+0000	 8.45573807829261E-0005
 2.05781706722185E+0000	 8.87567463360507E-0005
 2.05307108901087E+0000	 9.31030936910868E-0005
 2.04832511079988E+0000	 9.75995257734917E-0005
 2.04357913258890E+0000	 1.02249209039667E-0004
 2.03883315437792E+0000	 1.07055377949973E-0004
 2.03408717616693E+0000	 1.12021339500368E-0004
 2.02934119795595E+0000	 1.17150477807641E-0004
 2.02459521974496E+0000	 1.22446258744246E-0004
 2.01984924153398E+0000	 1.27912234619754E-0004
 2.01510326332300E+0000	 1.33552048906920E-0004
 2.01035728511201E+0000	 1.39369441011306E-0004
 2.00561130690103E+0000	 1.45368251084235E-0004
 2.00086532869004E+0000	 1.51552424879711E-0004
 1.99611935047906E+0000	 1.57926018656630E-0004
 1.99137337226808E+0000	 1.64493204128275E-0004
 1.98662739405709E+0000	 1.71258273461650E-0004
 1.98188141584611E+0000	 1.78225644329708E-0004
 1.97713543763512E+0000	 1.85399865019930E-0004
 1.97238945942414E+0000	 1.92785619603058E-0004
 1.96764348121316E+0000	 2.00387733166116E-0004
 1.96289750300217E+0000	 2.08211177114099E-0004
 1.95815152479119E+0000	 2.16261074544997E-0004
 1.95340554658020E+0000	 2.24542705703145E-0004
 1.94865956836922E+0000	 2.33061513516221E-0004
 1.94391359015824E+0000	 2.41823109221690E-0004
 1.93916761194725E+0000	 2.50833278089065E-0004
 1.93442163373627E+0000	 2.60097985245076E-0004
 1.92967565552528E+0000	 2.69623381609756E-0004
 1.92492967731430E+0000	 2.79415809952531E-0004
 1.92018369910332E+0000	 2.89481811078725E-0004
 1.91543772089233E+0000	 2.99828130158394E-0004
 1.91069174268135E+0000	 3.10461723211085E-0004
 1.90594576447036E+0000	 3.21389763762040E-0004
 1.90119978625938E+0000	 3.32619649687344E-0004
 1.89645380804840E+0000	 3.44159010267673E-0004
 1.89170782983741E+0000	 3.56015713472465E-0004
 1.88696185162643E+0000	 3.68197873498479E-0004
 1.88221587341544E+0000	 3.80713858588848E-0004
 1.87746989520446E+0000	 3.93572299160620E-0004
 1.87272391699348E+0000	 4.06782096270565E-0004
 1.86797793878249E+0000	 4.20352430450472E-0004
 1.86323196057151E+0000	 4.34292770944332E-0004
 1.85848598236052E+0000	 4.48612885380530E-0004
 1.85374000414954E+0000	 4.63322849912635E-0004
 1.84899402593856E+0000	 4.78433059862276E-0004
 1.84424804772757E+0000	 4.93954240897257E-0004
 1.83950206951659E+0000	 5.09897460777260E-0004
 1.83475609130560E+0000	 5.26274141698425E-0004
 1.83001011309462E+0000	 5.43096073266804E-0004
 1.82526413488364E+0000	 5.60375426129261E-0004
 1.82051815667265E+0000	 5.78124766288937E-0004
 1.81577217846167E+0000	 5.96357070131122E-0004
 1.81102620025068E+0000	 6.15085740184267E-0004
 1.80628022203970E+0000	 6.34324621640268E-0004
 1.80153424382872E+0000	 6.54088019658110E-0004
 1.79678826561773E+0000	 6.74390717475571E-0004
 1.79204228740675E+0000	 6.95247995355324E-0004
 1.78729630919576E+0000	 7.16675650394254E-0004
 1.78255033098478E+0000	 7.38690017228651E-0004
 1.77780435277380E+0000	 7.61307989672856E-0004
 1.77305837456281E+0000	 7.84547043335365E-0004
 1.76831239635183E+0000	 8.08425259264202E-0004
 1.76356641814084E+0000	 8.32961348682769E-0004
 1.75882043992986E+0000	 8.58174678888247E-0004
 1.75407446171888E+0000	 8.84085300397298E-0004
 1.74932848350789E+0000	 9.10713975438001E-0004
 1.74458250529691E+0000	 9.38082207903044E-0004
 1.73983652708592E+0000	 9.66212274897022E-0004
 1.73509054887494E+0000	 9.95127260030509E-0004
 1.73034457066396E+0000	 1.02485108863553E-0003
 1.72559859245297E+0000	 1.05540856510131E-0003
 1.72085261424199E+0000	 1.08682541255595E-0003
 1.71610663603100E+0000	 1.11912831514990E-0003
 1.71136065782002E+0000	 1.15234496323014E-0003
 1.70661467960904E+0000	 1.18650410173189E-0003
 1.70186870139805E+0000	 1.22163558215712E-0003
 1.69712272318707E+0000	 1.25777041855779E-0003
 1.69237674497608E+0000	 1.29494084799711E-0003
 1.68763076676510E+0000	 1.33318039602671E-0003
 1.68288478855412E+0000	 1.37252394779156E-0003
 1.67813881034313E+0000	 1.41300782546095E-0003
 1.67339283213215E+0000	 1.45466987278475E-0003
 1.66864685392116E+0000	 1.49754954769075E-0003
 1.66390087571018E+0000	 1.54168802397626E-0003
 1.65915489749920E+0000	 1.58712830330567E-0003
 1.65440891928821E+0000	 1.63391533891058E-0003
 1.64966294107723E+0000	 1.68209617260296E-0003
 1.64491696286624E+0000	 1.73172008695843E-0003
 1.64017098465526E+0000	 1.78283877481007E-0003
 1.63542500644428E+0000	 1.83550652851673E-0003
 1.63067902823329E+0000	 1.88978045183752E-0003
 1.62593305002231E+0000	 1.94572069765911E-0003
 1.62118707181132E+0000	 2.00339073528792E-0003
 1.61644109360034E+0000	 2.06285765153677E-0003
 1.61169511538936E+0000	 2.12419249040697E-0003
 1.60694913717837E+0000	 2.18747063679169E-0003
 1.60220315896739E+0000	 2.25277225030242E-0003
 1.59745718075640E+0000	 2.32018275604415E-0003
 1.59271120254542E+0000	 2.38979339992963E-0003
 1.58796522433444E+0000	 2.46170187691900E-0003
 1.58321924612345E+0000	 2.53601304138493E-0003
 1.57847326791247E+0000	 2.61283970961841E-0003
 1.57372728970148E+0000	 2.69230356528416E-0003
 1.56898131149050E+0000	 2.77453617938081E-0003
 1.56423533327952E+0000	 2.85968015692722E-0003
 1.55948935506853E+0000	 2.94789042314534E-0003
 1.55474337685755E+0000	 3.03933566229779E-0003
 1.54999739864656E+0000	 3.13419992251675E-0003
 1.54525142043558E+0000	 3.23268439987453E-0003
 1.54050544222460E+0000	 3.33500941453736E-0003
 1.53575946401361E+0000	 3.44141659104916E-0003
 1.53101348580263E+0000	 3.55217125354578E-0003
 1.52626750759164E+0000	 3.66756504493744E-0003
 1.52152152938066E+0000	 3.78791877675117E-0003
 1.51677555116968E+0000	 3.91358551333606E-0003
 1.51202957295869E+0000	 4.04495389044639E-0003
 1.50728359474771E+0000	 4.18245166378627E-0003
 1.50253761653673E+0000	 4.32654947789250E-0003
 1.49779163832574E+0000	 4.47776483973478E-0003
 1.49304566011476E+0000	 4.63666627463098E-0003
 1.48829968190377E+0000	 4.80387763453973E-0003
 1.48355370369279E+0000	 4.98008252056360E-0003
 1.47880772548181E+0000	 5.16602877266459E-0003
 1.47406174727082E+0000	 5.36253297028490E-0003
 1.46931576905984E+0000	 5.57048487794431E-0003
 1.46456979084885E+0000	 5.79085176014918E-0003
 1.45982381263787E+0000	 6.02468248033697E-0003
 1.45507783442689E+0000	 6.27311128936622E-0003
 1.45033185621590E+0000	 6.53736120055220E-0003
 1.44558587800492E+0000	 6.81874684077576E-0003
 1.44083989979393E+0000	 7.11867666111146E-0003
 1.43609392158295E+0000	 7.43865438609749E-0003
 1.43134794337197E+0000	 7.78027957856952E-0003
 1.42660196516098E+0000	 8.14524719726305E-0003
 1.42185598695000E+0000	 8.53534602748398E-0003
 1.41711000873901E+0000	 8.95245587135029E-0003
 1.41236403052803E+0000	 9.39854339365922E-0003
 1.40761805231705E+0000	 9.87565653250556E-0003
 1.40287207410606E+0000	 1.03859174004564E-0002
 1.39812609589508E+0000	 1.09315136223679E-0002
 1.39338011768409E+0000	 1.15146880796942E-0002
 1.38863413947311E+0000	 1.21377270581553E-0002
 1.38388816126213E+0000	 1.28029468255463E-0002
 1.37914218305114E+0000	 1.35126786987999E-0002
 1.37439620484016E+0000	 1.42692526935696E-0002
 1.36965022662917E+0000	 1.50749798848530E-0002
 1.36490424841819E+0000	 1.59321336427208E-0002
 1.36015827020721E+0000	 1.68429299421524E-0002
 1.35541229199622E+0000	 1.78095069793361E-0002
 1.35066631378524E+0000	 1.88339043575804E-0002
 1.34592033557425E+0000	 1.99180421331907E-0002
 1.34117435736327E+0000	 2.10637000343154E-0002
 1.33642837915229E+0000	 2.22724971829337E-0002
 1.33168240094130E+0000	 2.35458726610278E-0002
 1.32693642273032E+0000	 2.48850672658402E-0002
 1.32219044451933E+0000	 2.62911067954503E-0002
 1.31744446630835E+0000	 2.77647871943385E-0002
 1.31269848809737E+0000	 2.93066618690184E-0002
 1.30795250988638E+0000	 3.09170314562937E-0002
 1.30320653167540E+0000	 3.25959362915556E-0002
 1.29846055346441E+0000	 3.43431517823449E-0002
 1.29371457525343E+0000	 3.61581868439602E-0002
 1.28896859704245E+0000	 3.80402855001928E-0002
 1.28422261883146E+0000	 3.99884316945310E-0002
 1.27947664062048E+0000	 4.20013572967382E-0002
 1.27473066240949E+0000	 4.40775532280706E-0002
 1.26998468419851E+0000	 4.62152835671004E-0002
 1.26523870598753E+0000	 4.84126024387496E-0002
 1.26049272777654E+0000	 5.06673734332607E-0002
 1.25574674956556E+0000	 5.29772912509488E-0002
 1.25100077135457E+0000	 5.53399052240327E-0002
 1.24625479314359E+0000	 5.77526443298555E-0002
 1.24150881493261E+0000	 6.02128432813527E-0002
 1.23676283672162E+0000	 6.27177692614668E-0002
 1.23201685851064E+0000	 6.52646488588207E-0002
 1.22727088029965E+0000	 6.78506947625533E-0002
 1.22252490208867E+0000	 7.04731317847025E-0002
 1.21777892387769E+0000	 7.31292217985224E-0002
 1.21303294566670E+0000	 7.58162872100124E-0002
 1.20828696745572E+0000	 7.85317326168193E-0002
 1.20354098924473E+0000	 8.12730643524731E-0002
 1.19879501103375E+0000	 8.40379076633370E-0002
 1.19404903282277E+0000	 8.68240213193180E-0002
 1.18930305461178E+0000	 8.96293095157839E-0002
 1.18455707640080E+0000	 9.24518309817735E-0002
 1.17981109818981E+0000	 9.52898052669455E-0002
 1.17506511997883E+0000	 9.81416162353601E-0002
 1.17031914176785E+0000	 1.01005812846788E-0001
 1.16557316355686E+0000	 1.03881107354601E-0001
 1.16082718534588E+0000	 1.06766371092389E-0001
 1.15608120713489E+0000	 1.09660628058483E-0001
 1.15133522892391E+0000	 1.12563046537890E-0001
 1.14658925071293E+0000	 1.15472929024415E-0001
 1.14184327250194E+0000	 1.18389700721778E-0001
 1.13709729429096E+0000	 1.21312896911398E-0001
 1.13235131607997E+0000	 1.24242149476417E-0001
 1.12760533786899E+0000	 1.27177172866964E-0001
 1.12285935965801E+0000	 1.30117749781134E-0001
 1.11811338144702E+0000	 1.33063716820417E-0001
 1.11336740323604E+0000	 1.36014950358135E-0001
 1.10862142502505E+0000	 1.38971352835711E-0001
 1.10387544681407E+0000	 1.41932839675133E-0001
 1.09912946860309E+0000	 1.44899326967786E-0001
 1.09438349039210E+0000	 1.47870720070613E-0001
 1.08963751218112E+0000	 1.50846903211291E-0001
 1.08489153397013E+0000	 1.53827730175403E-0001
 1.08014555575915E+0000	 1.56813016121149E-0001
 1.07539957754817E+0000	 1.59802530541525E-0001
 1.07065359933718E+0000	 1.62795991370510E-0001
 1.06590762112620E+0000	 1.65793060209033E-0001
 1.06116164291521E+0000	 1.68793338628564E-0001
 1.05641566470423E+0000	 1.71796365495123E-0001
 1.05166968649325E+0000	 1.74801615244555E-0001
 1.04692370828226E+0000	 1.77808497030791E-0001
 1.04217773007128E+0000	 1.80816354662586E-0001
 1.03743175186029E+0000	 1.83824467240549E-0001
 1.03268577364931E+0000	 1.86832050405046E-0001
 1.02793979543833E+0000	 1.89838258106396E-0001
 1.02319381722734E+0000	 1.92842184811448E-0001
 1.01844783901636E+0000	 1.95842868064845E-0001
 1.01370186080537E+0000	 1.98839291328641E-0001
 1.00895588259439E+0000	 2.01830387030308E-0001
 1.00420990438341E+0000	 2.04815039756045E-0001
 9.99463926172422E-0001	 2.07792089533715E-0001
 9.94717947961438E-0001	 2.10760335157122E-0001
 9.89971969750454E-0001	 2.13718537510802E-0001
 9.85225991539470E-0001	 2.16665422861653E-0001
 9.80480013328486E-0001	 2.19599686090534E-0001
 9.75734035117502E-0001	 2.22519993843288E-0001
 9.70988056906518E-0001	 2.25424987586373E-0001
 9.66242078695534E-0001	 2.28313286557413E-0001
 9.61496100484550E-0001	 2.31183490605443E-0001
 9.56750122273566E-0001	 2.34034182919384E-0001
 9.52004144062582E-0001	 2.36863932646425E-0001
 9.47258165851598E-0001	 2.39671297404406E-0001
 9.42512187640614E-0001	 2.42454825694169E-0001
 9.37766209429630E-0001	 2.45213059219046E-0001
 9.33020231218646E-0001	 2.47944535119404E-0001
 9.28274253007662E-0001	 2.50647788130349E-0001
 9.23528274796678E-0001	 2.53321352670494E-0001
 9.18782296585694E-0001	 2.55963764869113E-0001
 9.14036318374710E-0001	 2.58573564538074E-0001
 9.09290340163726E-0001	 2.61149297093826E-0001
 9.04544361952742E-0001	 2.63689515433332E-0001
 8.99798383741758E-0001	 2.66192781766395E-0001
 8.95052405530774E-0001	 2.68657669405274E-0001
 8.90306427319790E-0001	 2.71082764510942E-0001
 8.85560449108806E-0001	 2.73466667793869E-0001
 8.80814470897822E-0001	 2.75807996165835E-0001
 8.76068492686838E-0001	 2.78105384338069E-0001
 8.71322514475854E-0001	 2.80357486360052E-0001
 8.66576536264870E-0001	 2.82562977092587E-0001
 8.61830558053886E-0001	 2.84720553608304E-0001
 8.57084579842902E-0001	 2.86828936512702E-0001
 8.52338601631918E-0001	 2.88886871179038E-0001
 8.47592623420934E-0001	 2.90893128890971E-0001
 8.42846645209950E-0001	 2.92846507887804E-0001
 8.38100666998966E-0001	 2.94745834308385E-0001
 8.33354688787982E-0001	 2.96589963031281E-0001
 8.28608710576998E-0001	 2.98377778410591E-0001
 8.23862732366014E-0001	 3.00108194908740E-0001
 8.19116754155030E-0001	 3.01780157629653E-0001
 8.14370775944046E-0001	 3.03392642757860E-0001
 8.09624797733062E-0001	 3.04944657911190E-0001
 8.04878819522078E-0001	 3.06435242416675E-0001
 8.00132841311094E-0001	 3.07863467521151E-0001
 7.95386863100110E-0001	 3.09228436549566E-0001
 7.90640884889126E-0001	 3.10529285025246E-0001
 7.85894906678142E-0001	 3.11765180767227E-0001
 7.81148928467158E-0001	 3.12935323980181E-0001
 7.76402950256174E-0001	 3.14038947352431E-0001
 7.71656972045190E-0001	 3.15075316177049E-0001
 7.66910993834206E-0001	 3.16043728510077E-0001
 7.62165015623222E-0001	 3.16943515378475E-0001
 7.57419037412238E-0001	 3.17774041048587E-0001
 7.52673059201254E-0001	 3.18534703363757E-0001
 7.47927080990270E-0001	 3.19224934157224E-0001
 7.43181102779286E-0001	 3.19844199743761E-0001
 7.38435124568302E-0001	 3.20392001490725E-0001
 7.33689146357318E-0001	 3.20867876466292E-0001
 7.28943168146334E-0001	 3.21271398159895E-0001
 7.24197189935350E-0001	 3.21602177267187E-0001
 7.19451211724366E-0001	 3.21859862529422E-0001
 7.14705233513382E-0001	 3.22044141614995E-0001
 7.09959255302398E-0001	 3.22154742029093E-0001
 7.05213277091414E-0001	 3.22191432036031E-0001
 7.00467298880430E-0001	 3.22154021577905E-0001
 6.95721320669446E-0001	 3.22042363172708E-0001
 6.90975342458462E-0001	 3.21856352775074E-0001
 6.86229364247478E-0001	 3.21595930583220E-0001
 6.81483386036494E-0001	 3.21261081776568E-0001
 6.76737407825510E-0001	 3.20851837169796E-0001
 6.71991429614526E-0001	 3.20368273770632E-0001
 6.67245451403542E-0001	 3.19810515230686E-0001
 6.62499473192558E-0001	 3.19178732180652E-0001
 6.57753494981574E-0001	 3.18473142443570E-0001
 6.53007516770590E-0001	 3.17694011122139E-0001
 6.48261538559606E-0001	 3.16841650558529E-0001
 6.43515560348622E-0001	 3.15916420167444E-0001
 6.38769582137638E-0001	 3.14918726145488E-0001
 6.34023603926654E-0001	 3.13849021061979E-0001
 6.29277625715670E-0001	 3.12707803338301E-0001
 6.24531647504686E-0001	 3.11495616624558E-0001
 6.19785669293702E-0001	 3.10213049083810E-0001
 6.15039691082718E-0001	 3.08860732595322E-0001
 6.10293712871735E-0001	 3.07439341889226E-0001
 6.05547734660751E-0001	 3.05949593625656E-0001
 6.00801756449767E-0001	 3.04392245431858E-0001
 5.96055778238783E-0001	 3.02768094910943E-0001
 5.91309800027799E-0001	 3.01077978635961E-0001
 5.86563821816815E-0001	 2.99322771142773E-0001
 5.81817843605831E-0001	 2.97503383934831E-0001
 5.77071865394847E-0001	 2.95620764512575E-0001
 5.72325887183863E-0001	 2.93675895439609E-0001
 5.67579908972879E-0001	 2.91669793457273E-0001
 5.62833930761895E-0001	 2.89603508658729E-0001
 5.58087952550911E-0001	 2.87478123733168E-0001
 5.53341974339927E-0001	 2.85294753290392E-0001
 5.48595996128943E-0001	 2.83054543275764E-0001
 5.43850017917959E-0001	 2.80758670485443E-0001
 5.39104039706975E-0001	 2.78408342191927E-0001
 5.34358061495991E-0001	 2.76004795890265E-0001
 5.29612083285007E-0001	 2.73549299175864E-0001
 5.24866105074023E-0001	 2.71043149765676E-0001
 5.20120126863039E-0001	 2.68487675675574E-0001
 5.15374148652055E-0001	 2.65884235568140E-0001
 5.10628170441071E-0001	 2.63234219286605E-0001
 5.05882192230087E-0001	 2.60539048592498E-0001
 5.01136214019103E-0001	 2.57800178126574E-0001
 4.96390235808119E-0001	 2.55019096614637E-0001
 4.91644257597135E-0001	 2.52197328342121E-0001
 4.86898279386151E-0001	 2.49336434923482E-0001
 4.82152301175167E-0001	 2.46438017394572E-0001
 4.77406322964183E-0001	 2.43503718658157E-0001
 4.72660344753199E-0001	 2.40535226314449E-0001
 4.67914366542215E-0001	 2.37534275909893E-0001
 4.63168388331231E-0001	 2.34502654638311E-0001
 4.58422410120247E-0001	 2.31442205528844E-0001
 4.53676431909263E-0001	 2.28354832154709E-0001
 4.48930453698279E-0001	 2.25242503895645E-0001
 4.44184475487295E-0001	 2.22107261784788E-0001
 4.39438497276312E-0001	 2.18951224967688E-0001
 4.34692519065328E-0001	 2.15776597797012E-0001
 4.29946540854344E-0001	 2.12585677581236E-0001
 4.25200562643360E-0001	 2.09380862999193E-0001
 4.20454584432376E-0001	 2.06164663184760E-0001
 4.15708606221392E-0001	 2.02939707477200E-0001
 4.10962628010408E-0001	 1.99708755822764E-0001
 4.06216649799424E-0001	 1.96474709802209E-0001
 4.01470671588440E-0001	 1.93240624246928E-0001
 3.96724693377456E-0001	 1.90009719393577E-0001
 3.91978715166472E-0001	 1.86785393513572E-0001
 3.87232736955488E-0001	 1.83571235939713E-0001
 3.82486758744504E-0001	 1.80371040397767E-0001
 3.77740780533520E-0001	 1.77188818536198E-0001
 3.72994802322536E-0001	 1.74028813532660E-0001
 3.68248824111552E-0001	 1.70895513641554E-0001
 3.63502845900569E-0001	 1.67793665533124E-0001
 3.58756867689585E-0001	 1.64728287261418E-0001
 3.54010889478601E-0001	 1.61704680686263E-0001
 3.49264911267617E-0001	 1.58728443163242E-0001
 3.44518933056633E-0001	 1.55805478305865E-0001
 3.39772954845649E-0001	 1.52942005615682E-0001
 3.35026976634665E-0001	 1.50144568769258E-0001
 3.30280998423681E-0001	 1.47420042345688E-0001
 3.25535020212697E-0001	 1.44775636774865E-0001
 3.20789042001713E-0001	 1.42218901284934E-0001
 3.16043063790729E-0001	 1.39757724627402E-0001
 3.11297085579745E-0001	 1.37400333360117E-0001
 3.06551107368761E-0001	 1.35155287471845E-0001
 3.01805129157777E-0001	 1.33031473137280E-0001
 2.97059150946793E-0001	 1.31038092398156E-0001
 2.92313172735809E-0001	 1.29184649574490E-0001
 2.87567194524826E-0001	 1.27480934219879E-0001
 2.82821216313842E-0001	 1.25937000446297E-0001
 2.78075238102858E-0001	 1.24563142456833E-0001
 2.73329259891874E-0001	 1.23369866139484E-0001
 2.68583281680890E-0001	 1.22367856591480E-0001
 2.63837303469906E-0001	 1.21567941461920E-0001
 2.59091325258922E-0001	 1.20981050020762E-0001
 2.54345347047938E-0001	 1.20618167884957E-0001
 2.49599368836954E-0001	 1.20490287357764E-0001
 2.44853390625970E-0001	 1.20608353365601E-0001
 2.40107412414986E-0001	 1.20983205008410E-0001
 2.35361434204002E-0001	 1.21625512774880E-0001
 2.30615455993018E-0001	 1.22545711513364E-0001
 2.25869477782034E-0001	 1.23753929293280E-0001
 2.21123499571050E-0001	 1.25259912340486E-0001
 2.16377521360066E-0001	 1.27072946283870E-0001
 2.11631543149083E-0001	 1.29201774009142E-0001
 2.06885564938099E-0001	 1.31654510479727E-0001
 2.02139586727115E-0001	 1.34438554953335E-0001
 1.97393608516131E-0001	 1.37560501095975E-0001
 1.92647630305147E-0001	 1.41026045572134E-0001
 1.87901652094163E-0001	 1.44839895769791E-0001
 1.83155673883179E-0001	 1.49005677400650E-0001
 1.78409695672195E-0001	 1.53525842798141E-0001
 1.73663717461211E-0001	 1.58401580816659E-0001
 1.68917739250227E-0001	 1.63632729313264E-0001
 1.64171761039243E-0001	 1.69217691265587E-0001
 1.59425782828259E-0001	 1.75153355644639E-0001
 1.54679804617275E-0001	 1.81435024216096E-0001
 1.49933826406291E-0001	 1.88056345486016E-0001
 1.45187848195307E-0001	 1.95009257034193E-0001
 1.40441869984324E-0001	 2.02283937488027E-0001
 1.35695891773340E-0001	 2.09868769379564E-0001
 1.30949913562356E-0001	 2.17750314096120E-0001
 1.26203935351372E-0001	 2.25913300078908E-0001
 1.21457957140387E-0001	 2.34340625342956E-0001
 1.16711978929403E-0001	 2.43013375284513E-0001
 1.11966000718419E-0001	 2.51910856608795E-0001
 1.07220022507435E-0001	 2.61010648051707E-0001
 1.02474044296451E-0001	 2.70288668385139E-0001
 9.77280660854680E-0002	 2.79719261988327E-0001
 9.29820878744840E-0002	 2.89275302040145E-0001
 8.82361096635001E-0002	 2.98928311142240E-0001
 8.34901314525161E-0002	 3.08648598924553E-0001
 7.87441532415322E-0002	 3.18405415917505E-0001
 7.39981750305482E-0002	 3.28167122704056E-0001
 6.92521968195643E-0002	 3.37901373095408E-0001
 6.45062186085803E-0002	 3.47575309812144E-0001
 5.97602403975964E-0002	 3.57155770903997E-0001
 5.50142621866124E-0002	 3.66609504912156E-0001
 5.02682839756285E-0002	 3.75903392573804E-0001
 4.55223057646445E-0002	 3.85004672694912E-0001
 4.07763275536606E-0002	 3.93881169678942E-0001
 3.60303493426766E-0002	 4.02501520100549E-0001
 3.12843711316927E-0002	 4.10835395657770E-0001
 2.65383929207087E-0002	 4.18853719826250E-0001
 2.17924147097248E-0002	 4.26528875576157E-0001
 1.70464364987408E-0002	 4.33834901596979E-0001
 1.23004582877568E-0002	 4.40747674606613E-0001
 7.55448007677294E-0003	 4.47245075497075E-0001
 2.80850186578899E-0003	 4.53307137286883E-0001
-1.93747634519496E-0003	 4.58916173105424E-0001
-6.68345455617891E-0003	 4.64056882722660E-0001
-1.14294327671628E-0002	 4.68716436452203E-0001
-1.61754109781468E-0002	 4.72884535590911E-0001
-2.09213891891308E-0002	 4.76553448906510E-0001
-2.56673674001147E-0002	 4.79718025039162E-0001
-3.04133456110987E-0002	 4.82375681035975E-0001
-3.51593238220826E-0002	 4.84526367581873E-0001
-3.99053020330666E-0002	 4.86172511819100E-0001
-4.46512802440505E-0002	 4.87318938954328E-0001
-4.93972584550345E-0002	 4.87972774131119E-0001
-5.41432366660184E-0002	 4.88143326291218E-0001
-5.88892148770024E-0002	 4.87841955956702E-0001
-6.36351930879863E-0002	 4.87081929033262E-0001
-6.83811712989703E-0002	 4.85878258860657E-0001
-7.31271495099542E-0002	 4.84247538818722E-0001
-7.78731277209382E-0002	 4.82207767836157E-0001
-8.26191059319221E-0002	 4.79778171145844E-0001
-8.73650841429061E-0002	 4.76979018586485E-0001
-9.21110623538900E-0002	 4.73831442668894E-0001
-9.68570405648740E-0002	 4.70357258509834E-0001
-1.01603018775857E-0001	 4.66578787591048E-0001
-1.06348996986841E-0001	 4.62518687130779E-0001
-1.11094975197825E-0001	 4.58199786664492E-0001
-1.15840953408809E-0001	 4.53644933225901E-0001
-1.20586931619793E-0001	 4.48876846303827E-0001
-1.25332909830778E-0001	 4.43917983529931E-0001
-1.30078888041762E-0001	 4.38790417831710E-0001
-1.34824866252746E-0001	 4.33515726568776E-0001
-1.39570844463729E-0001	 4.28114892962318E-0001
-1.44316822674713E-0001	 4.22608219931229E-0001
-1.49062800885697E-0001	 4.17015256266644E-0001
-1.53808779096681E-0001	 4.11354734911844E-0001
-1.58554757307665E-0001	 4.05644522968425E-0001
-1.63300735518649E-0001	 3.99901582923420E-0001
-1.68046713729633E-0001	 3.94141944486333E-0001
-1.72792691940617E-0001	 3.88380686339818E-0001
-1.77538670151601E-0001	 3.82631927042659E-0001
-1.82284648362585E-0001	 3.76908824277884E-0001
-1.87030626573569E-0001	 3.71223581611255E-0001
-1.91776604784553E-0001	 3.65587461914369E-0001
-1.96522582995537E-0001	 3.60010806610725E-0001
-2.01268561206521E-0001	 3.54503059920399E-0001
-2.06014539417505E-0001	 3.49072797307635E-0001
-2.10760517628489E-0001	 3.43727757373723E-0001
-2.15506495839472E-0001	 3.38474876483126E-0001
-2.20252474050456E-0001	 3.33320325462186E-0001
-2.24998452261440E-0001	 3.28269547764997E-0001
-2.29744430472424E-0001	 3.23327298558864E-0001
-2.34490408683408E-0001	 3.18497684240483E-0001
-2.39236386894392E-0001	 3.13784201952563E-0001
-2.43982365105376E-0001	 3.09189778727841E-0001
-2.48728343316360E-0001	 3.04716809942512E-0001
-2.53474321527344E-0001	 3.00367196813281E-0001
-2.58220299738328E-0001	 2.96142382721008E-0001
-2.62966277949312E-0001	 2.92043388188792E-0001
-2.67712256160296E-0001	 2.88070844383282E-0001
-2.72458234371280E-0001	 2.84225025044605E-0001
-2.77204212582264E-0001	 2.80505876782826E-0001
-2.81950190793248E-0001	 2.76913047707221E-0001
-2.86696169004232E-0001	 2.73445914378996E-0001
-2.91442147215215E-0001	 2.70103607098792E-0001
-2.96188125426199E-0001	 2.66885033557424E-0001
-3.00934103637183E-0001	 2.63788900892225E-0001
-3.05680081848167E-0001	 2.60813736202444E-0001
-3.10426060059151E-0001	 2.57957905585493E-0001
-3.15172038270135E-0001	 2.55219631762019E-0001
-3.19918016481119E-0001	 2.52597010361897E-0001
-3.24663994692103E-0001	 2.50088024945642E-0001
-3.29409972903087E-0001	 2.47690560836757E-0001
-3.34155951114071E-0001	 2.45402417840299E-0001
-3.38901929325055E-0001	 2.43221321921791E-0001
-3.43647907536039E-0001	 2.41144935918639E-0001
-3.48393885747023E-0001	 2.39170869353698E-0001
-3.53139863958007E-0001	 2.37296687417655E-0001
-3.57885842168991E-0001	 2.35519919183589E-0001
-3.62631820379974E-0001	 2.33838065113623E-0001
-3.67377798590958E-0001	 2.32248603913981E-0001
-3.72123776801942E-0001	 2.30748998791134E-0001
-3.76869755012926E-0001	 2.29336703158150E-0001
-3.81615733223910E-0001	 2.28009165836825E-0001
-3.86361711434894E-0001	 2.26763835797746E-0001
-3.91107689645878E-0001	 2.25598166477170E-0001
-3.95853667856862E-0001	 2.24509619706425E-0001
-4.00599646067846E-0001	 2.23495669286558E-0001
-4.05345624278830E-0001	 2.22553804238121E-0001
-4.10091602489814E-0001	 2.21681531753284E-0001
-4.14837580700798E-0001	 2.20876379874976E-0001
-4.19583558911782E-0001	 2.20135899925369E-0001
-4.24329537122766E-0001	 2.19457668703828E-0001
-4.29075515333750E-0001	 2.18839290472407E-0001
-4.33821493544734E-0001	 2.18278398745074E-0001
-4.38567471755717E-0001	 2.17772657895108E-0001
-4.43313449966701E-0001	 2.17319764593556E-0001
-4.48059428177685E-0001	 2.16917449090194E-0001
-4.52805406388669E-0001	 2.16563476347199E-0001
-4.57551384599653E-0001	 2.16255647034643E-0001
-4.62297362810637E-0001	 2.15991798395975E-0001
-4.67043341021621E-0001	 2.15769804990943E-0001
-4.71789319232605E-0001	 2.15587579322751E-0001
-4.76535297443589E-0001	 2.15443072355871E-0001
-4.81281275654573E-0001	 2.15334273930631E-0001
-4.86027253865557E-0001	 2.15259213080571E-0001
-4.90773232076541E-0001	 2.15215958258600E-0001
-4.95519210287525E-0001	 2.15202617478121E-0001
-5.00265188498509E-0001	 2.15217338375535E-0001
-5.05011166709493E-0001	 2.15258308200923E-0001
-5.09757144920477E-0001	 2.15323753744069E-0001
-5.14503123131461E-0001	 2.15411941203510E-0001
-5.19249101342445E-0001	 2.15521176006750E-0001
-5.23995079553429E-0001	 2.15649802590267E-0001
-5.28741057764413E-0001	 2.15796204148422E-0001
-5.33487035975397E-0001	 2.15958802360729E-0001
-5.38233014186381E-0001	 2.16136057107309E-0001
-5.42978992397365E-0001	 2.16326466182509E-0001
-5.47724970608349E-0001	 2.16528565016777E-0001
-5.52470948819333E-0001	 2.16740926416795E-0001
-5.57216927030317E-0001	 2.16962160333593E-0001
-5.61962905241301E-0001	 2.17190913667993E-0001
-5.66708883452285E-0001	 2.17425870122045E-0001
-5.71454861663269E-0001	 2.17665750104308E-0001
-5.76200839874253E-0001	 2.17909310695789E-0001
-5.80946818085237E-0001	 2.18155345682086E-0001
-5.85692796296221E-0001	 2.18402685655853E-0001
-5.90438774507205E-0001	 2.18650198192029E-0001
-5.95184752718188E-0001	 2.18896788096479E-0001
-5.99930730929172E-0001	 2.19141397726705E-0001
-6.04676709140156E-0001	 2.19383007381174E-0001
-6.09422687351140E-0001	 2.19620635751613E-0001
-6.14168665562124E-0001	 2.19853340430329E-0001
-6.18914643773108E-0001	 2.20080218462354E-0001
-6.23660621984092E-0001	 2.20300406929909E-0001
-6.28406600195076E-0001	 2.20513083554523E-0001
-6.33152578406060E-0001	 2.20717467300092E-0001
-6.37898556617044E-0001	 2.20912818958269E-0001
-6.42644534828028E-0001	 2.21098441696019E-0001
-6.47390513039012E-0001	 2.21273681543826E-0001
-6.52136491249996E-0001	 2.21437927802166E-0001
-6.56882469460980E-0001	 2.21590613343338E-0001
-6.61628447671964E-0001	 2.21731214785737E-0001
-6.66374425882948E-0001	 2.21859252518179E-0001
-6.71120404093932E-0001	 2.21974290552928E-0001
-6.75866382304916E-0001	 2.22075936187731E-0001
-6.80612360515900E-0001	 2.22163839459385E-0001
-6.85358338726884E-0001	 2.22237692374136E-0001
-6.90104316937868E-0001	 2.22297227903578E-0001
-6.94850295148852E-0001	 2.22342218738512E-0001
-6.99596273359836E-0001	 2.22372475797561E-0001
-7.04342251570820E-0001	 2.22387846491901E-0001
-7.09088229781804E-0001	 2.22388212752421E-0001
-7.13834207992788E-0001	 2.22373488830627E-0001
-7.18580186203772E-0001	 2.22343618889684E-0001
-7.23326164414756E-0001	 2.22298574406963E-0001
-7.28072142625740E-0001	 2.22238351414153E-0001
-7.32818120836724E-0001	 2.22162967605353E-0001
-7.37564099047708E-0001	 2.22072459347365E-0001
-7.42310077258692E-0001	 2.21966878629608E-0001
-7.47056055469676E-0001	 2.21846289993502E-0001
-7.51802033680660E-0001	 2.21710767482753E-0001
-7.56548011891644E-0001	 2.21560391656673E-0001
-7.61293990102628E-0001	 2.21395246708389E-0001
-7.66039968313612E-0001	 2.21215417728533E-0001
-7.70785946524596E-0001	 2.21020988152823E-0001
-7.75531924735580E-0001	 2.20812037428791E-0001
-7.80277902946564E-0001	 2.20588638932951E-0001
-7.85023881157548E-0001	 2.20350858164960E-0001
-7.89769859368532E-0001	 2.20098751239971E-0001
-7.94515837579516E-0001	 2.19832363694518E-0001
-7.99261815790500E-0001	 2.19551729615105E-0001
-8.04007794001484E-0001	 2.19256871092320E-0001
-8.08753772212468E-0001	 2.18947797996977E-0001
-8.13499750423452E-0001	 2.18624508068625E-0001
-8.18245728634436E-0001	 2.18286987300993E-0001
-8.22991706845420E-0001	 2.17935210603612E-0001
-8.27737685056404E-0001	 2.17569142714202E-0001
-8.32483663267388E-0001	 2.17188739332488E-0001
-8.37229641478372E-0001	 2.16793948443010E-0001
-8.41975619689356E-0001	 2.16384711792284E-0001
-8.46721597900340E-0001	 2.15960966484364E-0001
-8.51467576111324E-0001	 2.15522646658484E-0001
-8.56213554322308E-0001	 2.15069685212925E-0001
-8.60959532533292E-0001	 2.14602015540598E-0001
-8.65705510744276E-0001	 2.14119573243854E-0001
-8.70451488955260E-0001	 2.13622297798761E-0001
-8.75197467166244E-0001	 2.13110134142278E-0001
-8.79943445377228E-0001	 2.12583034159423E-0001
-8.84689423588212E-0001	 2.12040958051378E-0001
-8.89435401799196E-0001	 2.11483875569556E-0001
-8.94181380010180E-0001	 2.10911767104671E-0001
-8.98927358221164E-0001	 2.10324624623819E-0001
-9.03673336432148E-0001	 2.09722452452309E-0001
-9.08419314643132E-0001	 2.09105267900428E-0001
-9.13165292854116E-0001	 2.08473101738391E-0001
-9.17911271065100E-0001	 2.07825998525387E-0001
-9.22657249276084E-0001	 2.07164016800810E-0001
-9.27403227487068E-0001	 2.06487229147500E-0001
-9.32149205698052E-0001	 2.05795722138060E-0001
-9.36895183909036E-0001	 2.05089596176119E-0001
-9.41641162120020E-0001	 2.04368965244796E-0001
-9.46387140331004E-0001	 2.03633956574620E-0001
-9.51133118541988E-0001	 2.02884710242847E-0001
-9.55879096752972E-0001	 2.02121378715536E-0001
-9.60625074963956E-0001	 2.01344126342950E-0001
-9.65371053174940E-0001	 2.00553128817928E-0001
-9.70117031385924E-0001	 1.99748572605820E-0001
-9.74863009596908E-0001	 1.98930654353570E-0001
-9.79608987807892E-0001	 1.98099580284427E-0001
-9.84354966018876E-0001	 1.97255565583835E-0001
-9.89100944229860E-0001	 1.96398833781078E-0001
-9.93846922440844E-0001	 1.95529616130533E-0001
-9.98592900651828E-0001	 1.94648150995627E-0001
-1.00333887886281E+0000	 1.93754683238133E-0001
-1.00808485707380E+0000	 1.92849463614948E-0001
-1.01283083528478E+0000	 1.91932748184277E-0001
-1.01757681349576E+0000	 1.91004797722928E-0001
-1.02232279170675E+0000	 1.90065877156355E-0001
-1.02706876991773E+0000	 1.89116255003100E-0001
-1.03181474812872E+0000	 1.88156202835316E-0001
-1.03656072633970E+0000	 1.87185994757157E-0001
-1.04130670455068E+0000	 1.86205906902910E-0001
-1.04605268276167E+0000	 1.85216216956826E-0001
-1.05079866097265E+0000	 1.84217203696683E-0001
-1.05554463918364E+0000	 1.83209146563091E-0001
-1.06029061739462E+0000	 1.82192325256520E-0001
-1.06503659560560E+0000	 1.81167019363901E-0001
-1.06978257381659E+0000	 1.80133508016448E-0001
-1.07452855202757E+0000	 1.79092069580054E-0001
-1.07927453023856E+0000	 1.78042981379278E-0001
-1.08402050844954E+0000	 1.76986519455487E-0001
-1.08876648666052E+0000	 1.75922958359229E-0001
-1.09351246487151E+0000	 1.74852570976363E-0001
-1.09825844308249E+0000	 1.73775628386915E-0001
-1.10300442129348E+0000	 1.72692399754989E-0001
-1.10775039950446E+0000	 1.71603152247532E-0001
-1.11249637771544E+0000	 1.70508150979142E-0001
-1.11724235592643E+0000	 1.69407658979615E-0001
-1.12198833413741E+0000	 1.68301937180481E-0001
-1.12673431234840E+0000	 1.67191244416415E-0001
-1.13148029055938E+0000	 1.66075837437154E-0001
-1.13622626877036E+0000	 1.64955970925413E-0001
-1.14097224698135E+0000	 1.63831897516291E-0001
-1.14571822519233E+0000	 1.62703867813776E-0001
-1.15046420340332E+0000	 1.61572130400211E-0001
-1.15521018161430E+0000	 1.60436931834986E-0001
-1.15995615982528E+0000	 1.59298516639213E-0001
-1.16470213803627E+0000	 1.58157127263767E-0001
-1.16944811624725E+0000	 1.57013004038770E-0001
-1.17419409445824E+0000	 1.55866385103386E-0001
-1.17894007266922E+0000	 1.54717506315585E-0001
-1.18368605088020E+0000	 1.53566601142364E-0001
-1.18843202909119E+0000	 1.52413900531757E-0001
-1.19317800730217E+0000	 1.51259632768699E-0001
-1.19792398551316E+0000	 1.50104023317537E-0001
-1.20266996372414E+0000	 1.48947294654602E-0001
-1.20741594193512E+0000	 1.47789666094735E-0001
-1.21216192014611E+0000	 1.46631353616044E-0001
-1.21690789835709E+0000	 1.45472569687388E-0001
-1.22165387656808E+0000	 1.44313523103153E-0001
-1.22639985477906E+0000	 1.43154418829828E-0001
-1.23114583299004E+0000	 1.41995457868605E-0001
-1.23589181120103E+0000	 1.40836837137928E-0001
-1.24063778941201E+0000	 1.39678749379346E-0001
-1.24538376762300E+0000	 1.38521383089462E-0001
-1.25012974583398E+0000	 1.37364922480040E-0001
-1.25487572404496E+0000	 1.36209547467587E-0001
-1.25962170225595E+0000	 1.35055433692916E-0001
-1.26436768046693E+0000	 1.33902752570364E-0001
-1.26911365867792E+0000	 1.32751671365573E-0001
-1.27385963688890E+0000	 1.31602353299928E-0001
-1.27860561509988E+0000	 1.30454957679087E-0001
-1.28335159331087E+0000	 1.29309640042386E-0001
-1.28809757152185E+0000	 1.28166552329406E-0001
-1.29284354973284E+0000	 1.27025843059537E-0001
-1.29758952794382E+0000	 1.25887657520145E-0001
-1.30233550615480E+0000	 1.24752137958722E-0001
-1.30708148436579E+0000	 1.23619423774409E-0001
-1.31182746257677E+0000	 1.22489651704349E-0001
-1.31657344078776E+0000	 1.21362956000541E-0001
-1.32131941899874E+0000	 1.20239468593181E-0001
-1.32606539720972E+0000	 1.19119319236887E-0001
-1.33081137542071E+0000	 1.18002635636706E-0001
-1.33555735363169E+0000	 1.16889543551351E-0001
-1.34030333184268E+0000	 1.15780166871744E-0001
-1.34504931005366E+0000	 1.14674627673576E-0001
-1.34979528826464E+0000	 1.13573046243250E-0001
-1.35454126647563E+0000	 1.12475541077238E-0001
-1.35928724468661E+0000	 1.11382228855527E-0001
-1.36403322289760E+0000	 1.10293224390425E-0001
-1.36877920110858E+0000	 1.09208640552568E-0001
-1.37352517931956E+0000	 1.08128588176450E-0001
-1.37827115753055E+0000	 1.07053175948271E-0001
-1.38301713574153E+0000	 1.05982510279198E-0001
-1.38776311395252E+0000	 1.04916695167437E-0001
-1.39250909216350E+0000	 1.03855832052675E-0001
-1.39725507037448E+0000	 1.02800019666543E-0001
-1.40200104858547E+0000	 1.01749353882718E-0001
-1.40674702679645E+0000	 1.00703927570177E-0001
-1.41149300500744E+0000	 9.96638304529383E-0002
-1.41623898321842E+0000	 9.86291489792737E-0002
-1.42098496142940E+0000	 9.75999662030567E-0002
-1.42573093964039E+0000	 9.65763616794082E-0002
-1.43047691785137E+0000	 9.55584113762967E-0002
-1.43522289606235E+0000	 9.45461876031615E-0002
-1.43996887427334E+0000	 9.35397589569874E-0002
-1.44471485248432E+0000	 9.25391902855984E-0002
-1.44946083069531E+0000	 9.15445426672459E-0002
-1.45420680890629E+0000	 9.05558734048728E-0002
-1.45895278711727E+0000	 8.95732360327526E-0002
-1.46369876532826E+0000	 8.85966803325393E-0002
-1.46844474353924E+0000	 8.76262523551556E-0002
-1.47319072175023E+0000	 8.66619944443803E-0002
-1.47793669996121E+0000	 8.57039452575260E-0002
-1.48268267817219E+0000	 8.47521397781981E-0002
-1.48742865638318E+0000	 8.38066093158510E-0002
-1.49217463459416E+0000	 8.28673814866858E-0002
-1.49692061280515E+0000	 8.19344801704149E-0002
-1.50166659101613E+0000	 8.10079254375182E-0002
-1.50641256922711E+0000	 8.00877334418915E-0002
-1.51115854743810E+0000	 7.91739162742047E-0002
-1.51590452564908E+0000	 7.82664817718750E-0002
-1.52065050386007E+0000	 7.73654332823047E-0002
-1.52539648207105E+0000	 7.64707693769448E-0002
-1.53014246028203E+0000	 7.55824835148043E-0002
-1.53488843849302E+0000	 7.47005636552334E-0002
-1.53963441670400E+0000	 7.38249918211496E-0002
-1.54438039491499E+0000	 7.29557436153293E-0002
-1.54912637312597E+0000	 7.20927876939406E-0002
-1.55387235133695E+0000	 7.12360852031143E-0002
-1.55861832954794E+0000	 7.03855891860152E-0002
-1.56336430775892E+0000	 6.95412439695617E-0002
-1.56811028596991E+0000	 6.87029845415868E-0002
-1.57285626418089E+0000	 6.78707359308480E-0002
-1.57760224239187E+0000	 6.70444126037826E-0002
-1.58234822060286E+0000	 6.62239178932728E-0002
-1.58709419881384E+0000	 6.54091434758675E-0002
-1.59184017702483E+0000	 6.45999689148594E-0002
-1.59658615523581E+0000	 6.37962612873142E-0002
-1.60133213344679E+0000	 6.29978749135311E-0002
-1.60607811165778E+0000	 6.22046512074597E-0002
-1.61082408986876E+0000	 6.14164186662643E-0002
-1.61557006807975E+0000	 6.06329930164925E-0002
-1.62031604629073E+0000	 5.98541775331382E-0002
-1.62506202450171E+0000	 5.90797635462894E-0002
-1.62980800271270E+0000	 5.83095311480018E-0002
-1.63455398092368E+0000	 5.75432501095483E-0002
-1.63929995913467E+0000	 5.67806810162806E-0002
-1.64404593734565E+0000	 5.60215766240270E-0002
-1.64879191555663E+0000	 5.52656834372732E-0002
-1.65353789376762E+0000	 5.45127435053952E-0002
-1.65828387197860E+0000	 5.37624964289834E-0002
-1.66302985018959E+0000	 5.30146815638969E-0002
-1.66777582840057E+0000	 5.22690404062045E-0002
-1.67252180661155E+0000	 5.15253191366868E-0002
-1.67726778482254E+0000	 5.07832712992057E-0002
-1.68201376303352E+0000	 5.00426605830918E-0002
-1.68675974124451E+0000	 4.93032636758658E-0002
-1.69150571945549E+0000	 4.85648731492113E-0002
-1.69625169766647E+0000	 4.78273003382477E-0002
-1.70099767587746E+0000	 4.70903781719235E-0002
-1.70574365408844E+0000	 4.63539639108380E-0002
-1.71048963229943E+0000	 4.56179417480894E-0002
-1.71523561051041E+0000	 4.48822252288877E-0002
-1.71998158872139E+0000	 4.41467594457111E-0002
-1.72472756693238E+0000	 4.34115229677319E-0002
-1.72947354514336E+0000	 4.26765294661040E-0002
-1.73421952335435E+0000	 4.19418290004407E-0002
-1.73896550156533E+0000	 4.12075089363858E-0002
-1.74371147977631E+0000	 4.04736944695036E-0002
-1.74845745798730E+0000	 3.97405487366905E-0002
-1.75320343619828E+0000	 3.90082725028283E-0002
-1.75794941440927E+0000	 3.82771034173117E-0002
-1.76269539262025E+0000	 3.75473148422474E-0002
-1.76744137083123E+0000	 3.68192142613781E-0002
-1.77218734904222E+0000	 3.60931412859613E-0002
-1.77693332725320E+0000	 3.53694652807740E-0002
-1.78167930546419E+0000	 3.46485826399454E-0002
-1.78642528367517E+0000	 3.39309137483007E-0002
-1.79117126188615E+0000	 3.32168996691818E-0002
-1.79591724009714E+0000	 3.25069986041805E-0002
-1.80066321830812E+0000	 3.18016821737689E-0002
-1.80540919651911E+0000	 3.11014315703778E-0002
-1.81015517473009E+0000	 3.04067336369935E-0002
-1.81490115294107E+0000	 2.97180769248051E-0002
-1.81964713115206E+0000	 2.90359477828442E-0002
-1.82439310936304E+0000	 2.83608265309464E-0002
-1.82913908757403E+0000	 2.76931837647913E-0002
-1.83388506578501E+0000	 2.70334768383329E-0002
-1.83863104399599E+0000	 2.63821465647085E-0002
-1.84337702220698E+0000	 2.57396141718442E-0002
-1.84812300041796E+0000	 2.51062785435803E-0002
-1.85286897862895E+0000	 2.44825137713726E-0002
-1.85761495683993E+0000	 2.38686670356202E-0002
-1.86236093505091E+0000	 2.32650568295802E-0002
-1.86710691326190E+0000	 2.26719715327922E-0002
-1.87185289147288E+0000	 2.20896683350768E-0002
-1.87659886968387E+0000	 2.15183725066222E-0002
-1.88134484789485E+0000	 2.09582770045260E-0002
-1.88609082610583E+0000	 2.04095424015108E-0002
-1.89083680431682E+0000	 1.98722971184491E-0002
-1.89558278252780E+0000	 1.93466379388653E-0002
-1.90032876073879E+0000	 1.88326307807646E-0002
-1.90507473894977E+0000	 1.83303116989828E-0002
-1.90982071716075E+0000	 1.78396880897478E-0002
-1.91456669537174E+0000	 1.73607400682842E-0002
-1.91931267358272E+0000	 1.68934219900261E-0002
-1.92405865179371E+0000	 1.64376640863008E-0002
-1.92880463000469E+0000	 1.59933741861345E-0002
-1.93355060821567E+0000	 1.55604394970634E-0002
-1.93829658642666E+0000	 1.51387284194289E-0002
-1.94304256463764E+0000	 1.47280923705306E-0002
-1.94778854284863E+0000	 1.43283675971368E-0002
-1.95253452105961E+0000	 1.39393769571353E-0002
-1.95728049927059E+0000	 1.35609316534885E-0002
-1.96202647748158E+0000	 1.31928329060734E-0002
-1.96677245569256E+0000	 1.28348735493861E-0002
-1.97151843390355E+0000	 1.24868395464270E-0002
-1.97626441211453E+0000	 1.21485114113148E-0002
-1.98101039032551E+0000	 1.18196655352710E-0002
-1.98575636853650E+0000	 1.15000754125555E-0002
-1.99050234674748E+0000	 1.11895127646871E-0002
-1.99524832495847E+0000	 1.08877485628503E-0002
-1.99999430316945E+0000	 1.05945539497597E-0002
-2.00474028138043E+0000	 1.03097010634282E-0002
-2.00948625959142E+0000	 1.00329637662670E-0002
-2.01423223780240E+0000	 9.76411828374356E-0003
-2.01897821601339E+0000	 9.50294375745086E-0003
-2.02372419422437E+0000	 9.24922271790362E-0003
-2.02847017243535E+0000	 9.00274148269817E-0003
-2.03321615064634E+0000	 8.76329048586068E-0003
-2.03796212885732E+0000	 8.53066454428219E-0003
-2.04270810706831E+0000	 8.30466306711365E-0003
-2.04745408527929E+0000	 8.08509021388474E-0003
-2.05220006349027E+0000	 7.87175500693075E-0003
-2.05694604170126E+0000	 7.66447140347627E-0003
-2.06169201991224E+0000	 7.46305833244437E-0003
-2.06643799812323E+0000	 7.26733970074740E-0003
-2.07118397633421E+0000	 7.07714437347903E-0003
-2.07592995454519E+0000	 6.89230613207667E-0003
-2.08067593275618E+0000	 6.71266361416596E-0003
-2.08542191096716E+0000	 6.53806023844038E-0003
-2.09016788917815E+0000	 6.36834411757608E-0003
-2.09491386738913E+0000	 6.20336796183793E-0003
-2.09965984560011E+0000	 6.04298897570212E-0003
-2.10440582381110E+0000	 5.88706874950637E-0003
-2.10915180202208E+0000	 5.73547314784253E-0003
-2.11389778023307E+0000	 5.58807219613163E-0003
-2.11864375844405E+0000	 5.44473996656758E-0003
-2.12338973665503E+0000	 5.30535446438528E-0003
-2.12813571486602E+0000	 5.16979751520182E-0003
-2.13288169307700E+0000	 5.03795465399577E-0003
-2.13762767128799E+0000	 4.90971501612952E-0003
-2.14237364949897E+0000	 4.78497123068266E-0003
-2.14711962770995E+0000	 4.66361931624999E-0003
-2.15186560592094E+0000	 4.54555857926435E-0003
-2.15661158413192E+0000	 4.43069151483158E-0003
-2.16135756234291E+0000	 4.31892371001116E-0003
-2.16610354055389E+0000	 4.21016374943868E-0003
-2.17084951876487E+0000	 4.10432312316503E-0003
-2.17559549697586E+0000	 4.00131613657886E-0003
-2.18034147518684E+0000	 3.90105982228219E-0003
-2.18508745339783E+0000	 3.80347385380137E-0003
-2.18983343160881E+0000	 3.70848046103533E-0003
-2.19457940981979E+0000	 3.61600434736751E-0003
-2.19932538803078E+0000	 3.52597260839570E-0003
-2.20407136624176E+0000	 3.43831465226257E-0003
-2.20881734445275E+0000	 3.35296212159814E-0003
-2.21356332266373E+0000	 3.26984881711130E-0003
-2.21830930087471E+0000	 3.18891062289022E-0003
-2.22305527908570E+0000	 3.11008543349016E-0003
-2.22780125729668E+0000	 3.03331308289968E-0003
-2.23254723550767E+0000	 2.95853527548473E-0003
-2.23729321371865E+0000	 2.88569551901111E-0003
-2.24203919192963E+0000	 2.81473905984256E-0003
-2.24678517014062E+0000	 2.74561282040236E-0003
-2.25153114835160E+0000	 2.67826533897238E-0003
-2.25627712656259E+0000	 2.61264671188570E-0003
-2.26102310477357E+0000	 2.54870853814770E-0003
-2.26576908298455E+0000	 2.48640386649731E-0003
-2.27051506119554E+0000	 2.42568714489566E-0003
-2.27526103940652E+0000	 2.36651417240452E-0003
-2.28000701761751E+0000	 2.30884205339346E-0003
-2.28475299582849E+0000	 2.25262915399223E-0003
-2.28949897403947E+0000	 2.19783506068546E-0003
-2.29424495225046E+0000	 2.14442054093006E-0003
-2.29899093046144E+0000	 2.09234750566307E-0003
-2.30373690867243E+0000	 2.04157897355849E-0003
-2.30848288688341E+0000	 1.99207903688688E-0003
-2.31322886509439E+0000	 1.94381282883038E-0003
-2.31797484330538E+0000	 1.89674649210885E-0003
-2.32272082151636E+0000	 1.85084714877902E-0003
-2.32746679972735E+0000	 1.80608287107787E-0003
-2.33221277793833E+0000	 1.76242265319326E-0003
-2.33695875614931E+0000	 1.71983638385845E-0003
-2.34170473436030E+0000	 1.67829481968192E-0003
-2.34645071257128E+0000	 1.63776955913916E-0003
-2.35119669078227E+0000	 1.59823301716859E-0003
-2.35594266899325E+0000	 1.55965840032832E-0003
-2.36068864720423E+0000	 1.52201968248387E-0003
-2.36543462541522E+0000	 1.48529158100929E-0003
-2.37018060362620E+0000	 1.44944953349406E-0003
-2.37492658183719E+0000	 1.41446967495630E-0003
-2.37967256004817E+0000	 1.38032881556911E-0003
-2.38441853825915E+0000	 1.34700441891045E-0003
-2.38916451647014E+0000	 1.31447458074906E-0003
-2.39391049468112E+0000	 1.28271800837909E-0003
-2.39865647289211E+0000	 1.25171400051415E-0003
-2.40340245110309E+0000	 1.22144242774934E-0003
-2.40814842931407E+0000	 1.19188371359531E-0003
-2.41289440752506E+0000	 1.16301881608451E-0003
-2.41764038573604E+0000	 1.13482920994482E-0003
-2.42238636394703E+0000	 1.10729686933119E-0003
-2.42713234215801E+0000	 1.08040425110136E-0003
-2.43187832036899E+0000	 1.05413427861815E-0003
-2.43662429857998E+0000	 1.02847032605780E-0003
-2.44137027679096E+0000	 1.00339620320167E-0003
-2.44611625500195E+0000	 9.78896140687579E-0004
-2.45086223321293E+0000	 9.54954775697570E-0004
-2.45560821142391E+0000	 9.31557138059641E-0004
-2.46035418963490E+0000	 9.08688636743747E-0004
-2.46510016784588E+0000	 8.86335046735660E-0004
-2.46984614605687E+0000	 8.64482496276696E-0004
-2.47459212426785E+0000	 8.43117454462613E-0004
-2.47933810247883E+0000	 8.22226719200930E-0004
-2.48408408068982E+0000	 8.01797405532581E-0004
-2.48883005890080E+0000	 7.81816934330860E-0004
-2.49357603711179E+0000	 7.62273021398041E-0004
-2.49832201532277E+0000	 7.43153666987676E-0004
-2.50306799353375E+0000	 7.24447145788262E-0004
-2.50781397174474E+0000	 7.06141997411594E-0004
-2.51255994995572E+0000	 6.88227017436530E-0004
-2.51730592816671E+0000	 6.70691249066002E-0004
-2.52205190637769E+0000	 6.53523975461679E-0004
-2.52679788458867E+0000	 6.36714712826663E-0004
-2.53154386279966E+0000	 6.20253204311694E-0004
-2.53628984101064E+0000	 6.04129414824477E-0004
-2.54103581922163E+0000	 5.88333526824640E-0004
-2.54578179743261E+0000	 5.72855937188251E-0004
-2.55052777564359E+0000	 5.57687255225605E-0004
-2.55527375385458E+0000	 5.42818301933793E-0004
-2.56001973206556E+0000	 5.28240110561197E-0004
-2.56476571027655E+0000	 5.13943928554197E-0004
-2.56951168848753E+0000	 4.99921220946893E-0004
-2.57425766669851E+0000	 4.86163675242198E-0004
-2.57900364490950E+0000	 4.72663207817174E-0004
-2.58374962312048E+0000	 4.59411971866786E-0004
-2.58849560133147E+0000	 4.46402366878337E-0004
-2.59324157954245E+0000	 4.33627049603670E-0004
-2.59798755775343E+0000	 4.21078946468032E-0004
-2.60273353596442E+0000	 4.08751267323393E-0004
-2.60747951417540E+0000	 3.96637520420468E-0004
-2.61222549238639E+0000	 3.84731528438100E-0004
-2.61697147059737E+0000	 3.73027445371718E-0004
-2.62171744880835E+0000	 3.61519774044909E-0004
-2.62646342701934E+0000	 3.50203383970706E-0004
-2.63120940523032E+0000	 3.39073529252887E-0004
-2.63595538344130E+0000	 3.28125866183435E-0004
-2.64070136165229E+0000	 3.17356470161547E-0004
-2.64544733986327E+0000	 3.06761851533198E-0004
-2.65019331807426E+0000	 2.96338969929574E-0004
-2.65493929628524E+0000	 2.86085246668771E-0004
-2.65968527449622E+0000	 2.75998574778996E-0004
-2.66443125270721E+0000	 2.66077326204195E-0004
-2.66917723091819E+0000	 2.56320355765301E-0004
-2.67392320912918E+0000	 2.46727001472698E-0004
-2.67866918734016E+0000	 2.37297080818561E-0004
-2.68341516555114E+0000	 2.28030882721400E-0004
-2.68816114376213E+0000	 2.18929154849394E-0004
-2.69290712197311E+0000	 2.09993086113363E-0004
-2.69765310018410E+0000	 2.01224284193716E-0004
-2.70239907839508E+0000	 1.92624748047358E-0004
-2.70714505660606E+0000	 1.84196835428866E-0004
-2.71189103481705E+0000	 1.75943225553539E-0004
-2.71663701302803E+0000	 1.67866877126275E-0004
-2.72138299123902E+0000	 1.59970982057439E-0004
-2.72612896945000E+0000	 1.52258915282612E-0004
-2.73087494766098E+0000	 1.44734181195000E-0004
-2.73562092587197E+0000	 1.37400357284886E-0004
-2.74036690408295E+0000	 1.30261035657430E-0004
-2.74511288229394E+0000	 1.23319763166159E-0004
-2.74985886050492E+0000	 1.16579980952622E-0004
-2.75460483871590E+0000	 1.10044964221045E-0004
-2.75935081692689E+0000	 1.03717763099155E-0004
-2.76409679513787E+0000	 9.76011454414768E-0005
-2.76884277334886E+0000	 9.16975424188163E-0005
-2.77358875155984E+0000	 8.60089977072088E-0005
-2.77833472977082E+0000	 8.05371210416837E-0005
-2.78308070798181E+0000	 7.52830468356025E-0005
-2.78782668619279E+0000	 7.02473984864046E-0005
-2.79257266440378E+0000	 6.54302588950529E-0005
-2.79731864261476E+0000	 6.08311476214528E-0005
-2.80206462082574E+0000	 5.64490049840572E-0005
-2.80681059903673E+0000	 5.22821832914636E-0005
-2.81155657724771E+0000	 4.83284452699261E-0005
-2.81630255545870E+0000	 4.45849696262910E-0005
-2.82104853366968E+0000	 4.10483635638631E-0005
-2.82579451188066E+0000	 3.77146819519681E-0005
-2.83054049009165E+0000	 3.45794527411741E-0005
-2.83528646830263E+0000	 3.16377081176794E-0005
-2.84003244651362E+0000	 2.88840208043624E-0005
-2.84477842472460E+0000	 2.63125448441474E-0005
-2.84952440293558E+0000	 2.39170601449458E-0005
-2.85427038114657E+0000	 2.16910200253587E-0005
-2.85901635935755E+0000	 1.96276009769408E-0005
-2.86376233756854E+0000	 1.77197538520890E-0005
-2.86850831577952E+0000	 1.59602556960064E-0005
-2.87325429399050E+0000	 1.43417614658233E-0005
-2.87800027220149E+0000	 1.28568549185498E-0005
-2.88274625041247E+0000	 1.14980980005286E-0005
-2.88749222862346E+0000	 1.02580781326305E-0005
-2.89223820683444E+0000	 9.12945285559536E-0006
-2.89698418504542E+0000	 8.10499137655828E-0006
-2.90173016325641E+0000	 7.17761263876642E-0006
-2.90647614146739E+0000	 6.34041961965143E-0006
-2.91122211967838E+0000	 5.58672964573888E-0006
-2.91596809788936E+0000	 4.91010059442820E-0006
-2.92071407610034E+0000	 4.30435293074456E-0006
-2.92546005431133E+0000	 3.76358760023459E-0006
-2.93020603252231E+0000	 3.28219986598825E-0006
-2.93495201073330E+0000	 2.85488923731945E-0006
-2.93969798894428E+0000	 2.47666568919655E-0006
-2.94444396715526E+0000	 2.14285241461887E-0006
-2.94918994536625E+0000	 1.84908538658194E-0006
-2.95393592357723E+0000	 1.59131003209746E-0006
-2.95868190178822E+0000	 1.36577533818648E-0006
-2.96342787999920E+0000	 1.16902571928641E-0006
-2.96817385821018E+0000	 9.97890977701947E-0007
-2.97291983642117E+0000	 8.49474684308499E-0007
-2.97766581463215E+0000	 7.21141296496631E-0007
-2.98241179284314E+0000	 6.10502315196549E-0007
-2.98715777105412E+0000	 5.15401763639904E-0007
-2.99190374926510E+0000	 4.33901248195711E-0007
-2.99664972747609E+0000	 3.64264837026346E-0007
-3.00139570568707E+0000	 3.04943966267642E-0007
-3.00614168389806E+0000	 2.54562556698581E-0007
-3.01088766210904E+0000	 2.11902497107179E-0007
-3.01563364032002E+0000	 1.75889624369075E-0007
-3.02037961853101E+0000	 1.45580305130940E-0007
-3.02512559674199E+0000	 1.20148700335567E-0007
-3.02987157495298E+0000	 9.88747719504797E-0008
-3.03461755316396E+0000	 8.11330713904760E-0008
-3.03936353137494E+0000	 6.63823313983344E-0008
-3.04410950958593E+0000	 5.41558676350055E-0008
-3.04885548779691E+0000	 4.40527829342917E-0008
-3.05360146600790E+0000	 3.57299560455785E-0008
-3.05834744421888E+0000	 2.88947876247711E-0008
-3.06309342242986E+0000	 2.32986691058751E-0008
-3.06783940064085E+0000	 1.87311347351546E-0008
-3.07258537885183E+0000	 1.50146533003805E-0008
-3.07733135706282E+0000	 1.20000137533499E-0008
-3.08207733527380E+0000	 9.56225781543497E-0009
-3.08682331348478E+0000	 7.59711258677646E-0009
-3.09156929169577E+0000	 6.01787697041804E-0009
-3.09631526990675E+0000	 4.75271720450972E-0009
-3.10106124811774E+0000	 3.74232881350942E-0009
-3.10580722632872E+0000	 2.93792470309224E-0009
-3.11055320453970E+0000	 2.29951180950434E-0009
-3.11529918275069E+0000	 1.79442156518151E-0009
-3.12004516096167E+0000	 1.39606236773021E-0009
-3.12479113917266E+0000	 1.08286516363006E-0009
-3.12953711738364E+0000	 8.37396120695200E-0010
-3.13428309559462E+0000	 6.45613117251808E-0010
-3.13902907380561E+0000	 4.96245385971559E-0010
-3.14377505201659E+0000	 3.80278091683236E-0010
-3.14852103022758E+0000	 2.90525879639369E-0010
-3.15326700843856E+0000	 2.21281495594542E-0010
-3.15801298664954E+0000	 1.68027449824422E-0010
-3.16275896486053E+0000	 1.27200376993299E-0010
-3.16750494307151E+0000	 9.59992394832477E-0011
-3.17225092128250E+0000	 7.22298431497301E-0011
-3.17699689949348E+0000	 5.41792931165630E-0011
-3.18174287770446E+0000	 4.05150260144367E-0011
-3.18648885591545E+0000	 3.02039274399065E-0011
-3.19123483412643E+0000	 2.24477929102862E-0011
-3.19598081233742E+0000	 1.66320304864368E-0011
-3.20072679054840E+0000	 1.22850462474406E-0011
-3.20547276875938E+0000	 9.04621189015069E-0012
-3.21021874697037E+0000	 6.64069796662733E-0012
-3.21496472518135E+0000	 4.85977677526142E-0012
-3.21971070339234E+0000	 3.54546480726353E-0012
-3.22445668160332E+0000	 2.57859405459862E-0012
-3.22920265981430E+0000	 1.86958159200153E-0012
-3.23394863802529E+0000	 1.35131393843486E-0012
-3.23869461623627E+0000	 9.73682231460726E-0013
-3.24344059444726E+0000	 6.99400898145061E-0013
-3.24818657265824E+0000	 5.00820277914592E-0013
-3.25293255086922E+0000	 3.57505934413435E-0013
-3.25767852908021E+0000	 2.54407034871716E-0013
-3.26242450729119E+0000	 1.80475557946943E-0013
-3.26717048550218E+0000	 1.27629190905718E-0013
-3.27191646371316E+0000	 8.99752246464771E-0014
-3.27666244192414E+0000	 6.32318869368527E-0014
-3.28140842013513E+0000	 4.42984595588326E-0014
-3.28615439834611E+0000	 3.09370863685463E-0014
-3.29090037655710E+0000	 2.15381076634365E-0014
-3.29564635476808E+0000	 1.49476214837421E-0014
-3.30039233297906E+0000	 1.03412286544646E-0014
-3.30513831119005E+0000	 7.13192549342043E-0015
-3.30988428940103E+0000	 4.90315008705212E-0015
-3.31463026761202E+0000	 3.36028764473443E-0015
-3.31937624582300E+0000	 2.29567161172316E-0015
-3.32412222403398E+0000	 1.56341507073187E-0015
-3.32886820224497E+0000	 1.06137595374974E-0015
-3.33361418045595E+0000	 7.18280090922528E-0016
-3.33836015866694E+0000	 4.84559686740662E-0016
-3.34310613687792E+0000	 3.25858342664405E-0016
-3.34785211508890E+0000	 2.18442825411116E-0016
-3.35259809329989E+0000	 1.45973284678000E-0016
-3.35734407151087E+0000	 9.72377549769351E-0017
-3.36209004972186E+0000	 6.45686521218421E-0017
-3.36683602793284E+0000	 4.27398598301611E-0017
-3.37158200614382E+0000	 2.82012512002919E-0017
-3.37632798435481E+0000	 1.85492741167256E-0017
-3.38107396256579E+0000	 1.21620863067840E-0017
-3.38581994077678E+0000	 7.94897692370554E-0018
-3.39056591898776E+0000	 5.17887907755948E-0018
-3.39531189719874E+0000	 3.36341984674644E-0018
-3.40005787540973E+0000	 2.17744192776787E-0018
-3.40480385362071E+0000	 1.40517912011150E-0018
-3.40954983183170E+0000	 9.03932153107009E-0019
-3.41429581004268E+0000	 5.79640155764398E-0019
-3.41904178825366E+0000	 3.70509229613923E-0019
-3.42378776646465E+0000	 2.36078804943455E-0019
-3.42853374467563E+0000	 1.49944948579592E-0019
-3.43327972288662E+0000	 9.49342752971851E-0020
-3.43802570109760E+0000	 5.99142449937335E-0020
-3.44277167930858E+0000	 3.76922876522774E-0020
-3.44751765751957E+0000	 2.36368592396438E-0020
-3.45226363573055E+0000	 1.47754742056148E-0020
-3.45700961394154E+0000	 9.20676384843081E-0021
-3.46175559215252E+0000	 5.71855146442754E-0021
-3.46650157036350E+0000	 3.54060978242333E-0021
-3.47124754857449E+0000	 2.18515702743029E-0021
-3.47599352678547E+0000	 1.34430977060139E-0021
-3.48073950499646E+0000	 8.24380569113847E-0022
-3.48548548320744E+0000	 5.03926739722657E-0022
-3.49023146141842E+0000	 3.07056228520644E-0022
-3.49497743962941E+0000	 1.86500010917862E-0022
-3.49972341784039E+0000	 1.12914535932183E-0022
-3.50446939605138E+0000	 6.81444506440078E-0023
-3.50921537426236E+0000	 4.09940094596476E-0023
-3.51396135247334E+0000	 2.45821112782716E-0023
-3.51870733068433E+0000	 1.46935410557228E-0023
-3.52345330889531E+0000	 8.75471274555513E-0024
-3.52819928710630E+0000	 5.19954222077003E-0024
-3.53294526531728E+0000	 3.07819224777796E-0024
-3.53769124352826E+0000	 1.81649181162777E-0024
-3.54243722173925E+0000	 1.06850824717791E-0024
-3.54718319995023E+0000	 6.26511005475794E-0025
-3.55192917816122E+0000	 3.66172385491628E-0025
-3.55667515637220E+0000	 2.13328169343702E-0025
-3.56142113458318E+0000	 1.23884289426680E-0025
-3.56616711279417E+0000	 7.17115906393829E-0026
-3.57091309100515E+0000	 4.13777870097845E-0026
-3.57565906921614E+0000	 2.37985030214183E-0026
-3.58040504742712E+0000	 1.36438266949757E-0026
-3.58515102563810E+0000	 7.79698370252237E-0027
-3.58989700384909E+0000	 4.44140772971016E-0027
-3.59464298206007E+0000	 2.52184250075632E-0027
-3.59938896027106E+0000	 1.42730993941083E-0027
-3.60413493848204E+0000	 8.05232614400090E-0028
-3.60888091669302E+0000	 4.52821339903880E-0028
-3.61362689490401E+0000	 2.53825123324460E-0028
-3.61837287311499E+0000	 1.41822211114962E-0028
-3.62311885132598E+0000	 7.89869896186538E-0029
-3.62786482953696E+0000	 4.38498667679005E-0029
-3.63261080774794E+0000	 2.42651033856406E-0029
-3.63735678595893E+0000	 1.33843386185302E-0029
-3.64210276416991E+0000	 7.35889049291575E-0030
-3.64684874238090E+0000	 4.03299958506239E-0030
-3.65159472059188E+0000	 2.20315061240690E-0030
-3.65634069880286E+0000	 1.19966540503674E-0030
-3.66108667701385E+0000	 6.51142118466380E-0031
-3.66583265522483E+0000	 3.52282376597216E-0031
-3.67057863343582E+0000	 1.89978869032907E-0031
-3.67532461164680E+0000	 1.02121857849535E-0031
-3.68007058985778E+0000	 5.47180895743727E-0032
-3.68481656806877E+0000	 2.92241399446885E-0032
-3.68956254627975E+0000	 1.55578984686057E-0032
-3.69430852449074E+0000	 8.25578355611930E-0033
-3.69905450270172E+0000	 4.36680328775445E-0033
-3.70380048091270E+0000	 2.30232547880389E-0033
-3.70854645912369E+0000	 1.20994985159541E-0033
-3.71329243733467E+0000	 6.33819188911964E-0034
-3.71803841554566E+0000	 3.30948610813250E-0034
-3.72278439375664E+0000	 1.72247415902381E-0034
-3.72753037196762E+0000	 8.93596896394013E-0035
-3.73227635017861E+0000	 4.62090653728028E-0035
-3.73702232838959E+0000	 2.38182104835119E-0035
-3.74176830660058E+0000	 1.22373477702341E-0035
-3.74651428481156E+0000	 6.26702641440689E-0036
-3.75126026302254E+0000	 3.19912802264772E-0036
-3.75600624123353E+0000	 1.62778638570201E-0036
-3.76075221944451E+0000	 8.25579172294667E-0037
-3.76549819765550E+0000	 4.17364396179486E-0037
-3.77024417586648E+0000	 2.10313550122642E-0037
-3.77499015407746E+0000	 1.05636530926448E-0037
-3.77973613228845E+0000	 5.28878440303013E-0038
-3.78448211049943E+0000	 2.63932147290411E-0038
-3.78922808871042E+0000	 1.31287462483301E-0038
-3.79397406692140E+0000	 6.50951445874017E-0039
-3.79872004513238E+0000	 3.21712666715668E-0039
-3.80346602334337E+0000	 1.58482675755696E-0039
-3.80821200155435E+0000	 7.78196634029929E-0040
-3.81295797976534E+0000	 3.80882194010268E-0040
-3.81770395797632E+0000	 1.85817072715723E-0040
-3.82244993618730E+0000	 9.03595447703814E-0041
-3.82719591439829E+0000	 4.37981520560103E-0041
-3.83194189260927E+0000	 2.11607341186117E-0041
-3.83668787082025E+0000	 1.01905758128190E-0041
-3.84143384903124E+0000	 4.89169792367935E-0042
-3.84617982724222E+0000	 2.34052514649643E-0042
-3.85092580545321E+0000	 1.11624527315932E-0042
-3.85567178366419E+0000	 5.30638137661364E-0043
-3.86041776187517E+0000	 2.51437274221919E-0043
-3.86516374008616E+0000	 1.18755326795600E-0043
-3.86990971829714E+0000	 5.59073160421497E-0044
-3.87465569650813E+0000	 2.62347028217928E-0044
-3.87940167471911E+0000	 1.22708730709740E-0044
-3.88414765293009E+0000	 5.72092681632766E-0045
-3.88889363114108E+0000	 2.65857378625926E-0045
-3.89363960935206E+0000	 1.23146480790910E-0045
-3.89838558756305E+0000	 5.68572205015639E-0046
-3.90313156577403E+0000	 2.61660647205899E-0046
-3.90787754398501E+0000	 1.20026557620723E-0046
-3.91262352219600E+0000	 5.48780653396825E-0047
-3.91736950040698E+0000	 2.50085915848875E-0047
-3.92211547861797E+0000	 1.13588498954872E-0047
-3.92686145682895E+0000	 5.14136127683983E-0048
-3.93160743503993E+0000	 2.31878578854250E-0048
-3.93635341325092E+0000	 1.04145906365200E-0048
-3.94109939146190E+0000	 4.65547782538811E-0049
-3.94584536967289E+0000	 2.06616547119923E-0049
-3.95059134788387E+0000	 9.09026101410749E-0050
-3.95533732609485E+0000	 3.92422410219422E-0050
-3.96008330430584E+0000	 1.64918997765307E-0050
-3.96482928251682E+0000	 6.48627032163146E-0051
-3.96957526072781E+0000	 2.27797068426097E-0051
-3.97432123893879E+0000	 6.01313412435326E-0052
-3.97906721714977E+0000	 0.00000000000000E+0000
-3.98381319536076E+0000	 0.00000000000000E+0000
-3.98855917357174E+0000	 0.00000000000000E+0000
-3.99330515178273E+0000	 0.00000000000000E+0000
-3.99805112999371E+0000	 0.00000000000000E+0000
-4.00279710820469E+0000	 0.00000000000000E+0000
-4.00754308641568E+0000	 0.00000000000000E+0000
-4.01228906462666E+0000	 0.00000000000000E+0000
-4.01703504283765E+0000	 0.00000000000000E+0000
-4.02178102104863E+0000	 0.00000000000000E+0000
-4.02652699925961E+0000	 0.00000000000000E+0000
-4.03127297747060E+0000	 0.00000000000000E+0000
-4.03601895568158E+0000	 0.00000000000000E+0000
-4.04076493389257E+0000	 0.00000000000000E+0000
-4.04551091210355E+0000	 0.00000000000000E+0000
-4.05025689031453E+0000	 0.00000000000000E+0000
-4.05500286852552E+0000	 0.00000000000000E+0000
-4.05974884673650E+0000	 0.00000000000000E+0000
-4.06449482494749E+0000	 0.00000000000000E+0000
-4.06924080315847E+0000	 0.00000000000000E+0000
-4.07398678136945E+0000	 0.00000000000000E+0000
-4.07873275958044E+0000	 0.00000000000000E+0000
-4.08347873779142E+0000	 0.00000000000000E+0000
-4.08822471600241E+0000	 0.00000000000000E+0000
-4.09297069421339E+0000	 0.00000000000000E+0000
-4.09771667242437E+0000	 0.00000000000000E+0000
-4.10246265063536E+0000	 0.00000000000000E+0000
-4.10720862884634E+0000	 0.00000000000000E+0000
-4.11195460705733E+0000	 0.00000000000000E+0000
-4.11670058526831E+0000	 0.00000000000000E+0000
-4.12144656347929E+0000	 0.00000000000000E+0000
-4.12619254169028E+0000	 0.00000000000000E+0000
-4.13093851990126E+0000	 0.00000000000000E+0000
-4.13568449811225E+0000	 0.00000000000000E+0000
-4.14043047632323E+0000	 0.00000000000000E+0000
-4.14517645453421E+0000	 0.00000000000000E+0000
-4.14992243274520E+0000	 0.00000000000000E+0000
-4.15466841095618E+0000	 0.00000000000000E+0000
-4.15941438916717E+0000	 0.00000000000000E+0000
-4.16416036737815E+0000	 0.00000000000000E+0000
-4.16890634558913E+0000	 0.00000000000000E+0000
-4.17365232380012E+0000	 0.00000000000000E+0000
-4.17839830201110E+0000	 0.00000000000000E+0000
-4.18314428022209E+0000	 0.00000000000000E+0000
-4.18789025843307E+0000	 0.00000000000000E+0000
-4.19263623664405E+0000	 0.00000000000000E+0000
-4.19738221485504E+0000	 0.00000000000000E+0000
-4.20212819306602E+0000	 0.00000000000000E+0000
-4.20687417127701E+0000	 0.00000000000000E+0000
-4.21162014948799E+0000	 0.00000000000000E+0000
-4.21636612769897E+0000	 0.00000000000000E+0000
-4.22111210590996E+0000	 0.00000000000000E+0000
-4.22585808412094E+0000	 0.00000000000000E+0000
-4.23060406233193E+0000	 0.00000000000000E+0000
-4.23535004054291E+0000	 0.00000000000000E+0000
-4.24009601875389E+0000	 0.00000000000000E+0000
-4.24484199696488E+0000	 0.00000000000000E+0000
-4.24958797517586E+0000	 0.00000000000000E+0000
-4.25433395338685E+0000	 0.00000000000000E+0000
-4.25907993159783E+0000	 0.00000000000000E+0000
-4.26382590980881E+0000	 0.00000000000000E+0000
-4.26857188801980E+0000	 0.00000000000000E+0000
-4.27331786623078E+0000	 0.00000000000000E+0000
-4.27806384444177E+0000	 0.00000000000000E+0000
-4.28280982265275E+0000	 0.00000000000000E+0000
-4.28755580086373E+0000	 0.00000000000000E+0000
-4.29230177907472E+0000	 0.00000000000000E+0000
-4.29704775728570E+0000	 0.00000000000000E+0000
-4.30179373549669E+0000	 0.00000000000000E+0000
-4.30653971370767E+0000	 0.00000000000000E+0000
-4.31128569191865E+0000	 0.00000000000000E+0000
-4.31603167012964E+0000	 0.00000000000000E+0000
-4.32077764834062E+0000	 0.00000000000000E+0000
-4.32552362655161E+0000	 0.00000000000000E+0000
-4.33026960476259E+0000	 0.00000000000000E+0000
-4.33501558297357E+0000	 0.00000000000000E+0000
-4.33976156118456E+0000	 0.00000000000000E+0000
-4.34450753939554E+0000	 0.00000000000000E+0000
-4.34925351760653E+0000	 0.00000000000000E+0000
-4.35399949581751E+0000	 0.00000000000000E+0000
-4.35874547402849E+0000	 0.00000000000000E+0000
-4.36349145223948E+0000	 0.00000000000000E+0000
-4.36823743045046E+0000	 0.00000000000000E+0000
-4.37298340866145E+0000	 0.00000000000000E+0000
-4.37772938687243E+0000	 0.00000000000000E+0000
-4.38247536508341E+0000	 0.00000000000000E+0000
-4.38722134329440E+0000	 0.00000000000000E+0000
-4.39196732150538E+0000	 0.00000000000000E+0000
-4.39671329971637E+0000	 0.00000000000000E+0000
-4.40145927792735E+0000	 0.00000000000000E+0000
-4.40620525613833E+0000	 0.00000000000000E+0000
-4.41095123434932E+0000	 0.00000000000000E+0000
-4.41569721256030E+0000	 0.00000000000000E+0000
-4.42044319077129E+0000	 0.00000000000000E+0000
-4.42518916898227E+0000	 0.00000000000000E+0000
-4.42993514719325E+0000	 0.00000000000000E+0000
-4.43468112540424E+0000	 0.00000000000000E+0000
-4.43942710361522E+0000	 0.00000000000000E+0000
-4.44417308182621E+0000	 0.00000000000000E+0000
-4.44891906003719E+0000	 0.00000000000000E+0000
-4.45366503824817E+0000	 0.00000000000000E+0000
-4.45841101645916E+0000	 0.00000000000000E+0000
-4.46315699467014E+0000	 0.00000000000000E+0000
-4.46790297288113E+0000	 0.00000000000000E+0000
-4.47264895109211E+0000	 0.00000000000000E+0000
-4.47739492930309E+0000	 0.00000000000000E+0000
-4.48214090751408E+0000	 0.00000000000000E+0000
-4.48688688572506E+0000	 0.00000000000000E+0000
-4.49163286393605E+0000	 0.00000000000000E+0000
-4.49637884214703E+0000	 0.00000000000000E+0000
-4.50112482035801E+0000	 0.00000000000000E+0000
-4.50587079856900E+0000	 0.00000000000000E+0000
-4.51061677677998E+0000	 0.00000000000000E+0000
-4.51536275499097E+0000	 0.00000000000000E+0000
-4.52010873320195E+0000	 0.00000000000000E+0000
-4.52485471141293E+0000	 0.00000000000000E+0000
-4.52960068962392E+0000	 0.00000000000000E+0000
-4.53434666783490E+0000	 0.00000000000000E+0000
-4.53909264604589E+0000	 0.00000000000000E+0000
-4.54383862425687E+0000	 0.00000000000000E+0000
-4.54858460246785E+0000	 0.00000000000000E+0000
-4.55333058067884E+0000	 0.00000000000000E+0000
-4.55807655888982E+0000	 0.00000000000000E+0000
-4.56282253710081E+0000	 0.00000000000000E+0000
-4.56756851531179E+0000	 0.00000000000000E+0000
-4.57231449352277E+0000	 0.00000000000000E+0000
-4.57706047173376E+0000	 0.00000000000000E+0000
-4.58180644994474E+0000	 0.00000000000000E+0000
-4.58655242815573E+0000	 0.00000000000000E+0000
-4.59129840636671E+0000	 0.00000000000000E+0000
-4.59604438457769E+0000	 0.00000000000000E+0000
-4.60079036278868E+0000	 0.00000000000000E+0000
-4.60553634099966E+0000	 0.00000000000000E+0000
-4.61028231921065E+0000	 0.00000000000000E+0000
-4.61502829742163E+0000	 0.00000000000000E+0000
-4.61977427563261E+0000	 0.00000000000000E+0000
-4.62452025384360E+0000	 0.00000000000000E+0000
-4.62926623205458E+0000	 0.00000000000000E+0000
-4.63401221026557E+0000	 0.00000000000000E+0000
-4.63875818847655E+0000	 0.00000000000000E+0000
-4.64350416668753E+0000	 0.00000000000000E+0000
-4.64825014489852E+0000	 0.00000000000000E+0000
-4.65299612310950E+0000	 0.00000000000000E+0000
-4.65774210132049E+0000	 0.00000000000000E+0000
-4.66248807953147E+0000	 0.00000000000000E+0000
-4.66723405774245E+0000	 0.00000000000000E+0000
-4.67198003595344E+0000	 0.00000000000000E+0000
-4.67672601416442E+0000	 0.00000000000000E+0000
-4.68147199237541E+0000	 0.00000000000000E+0000
-4.68621797058639E+0000	 0.00000000000000E+0000
-4.69096394879737E+0000	 0.00000000000000E+0000
-4.69570992700836E+0000	 0.00000000000000E+0000
-4.70045590521934E+0000	 0.00000000000000E+0000
-4.70520188343025E+0000	 0.00000000000000E+0000
