2.266640108505149964e+00 9.999891884851358492e-01
2.261894130294160199e+00 9.999887003142763353e-01
2.257148152083180204e+00 9.999881933567603687e-01
2.252402173872200208e+00 9.999876670208817098e-01
2.247656195661209999e+00 9.999871206999346729e-01
2.242910217450230004e+00 9.999865537718209962e-01
2.238164239239239794e+00 9.999859655986371720e-01
2.233418261028259799e+00 9.999853555262385729e-01
2.228672282817279804e+00 9.999847228837811519e-01
2.223926304606290039e+00 9.999840669832381623e-01
2.219180326395310043e+00 9.999833871188896772e-01
2.214434348184319834e+00 9.999826825667845753e-01
2.209688369973339839e+00 9.999819525841709966e-01
2.204942391762359843e+00 9.999811964088953786e-01
2.200196413551370078e+00 9.999804132587661876e-01
2.195450435340390083e+00 9.999796023308812343e-01
2.190704457129399874e+00 9.999787628009149110e-01
2.185958478918419878e+00 9.999778938223647939e-01
2.181212500707439883e+00 9.999769945257519499e-01
2.176466522496450118e+00 9.999760640177751680e-01
2.171720544285470123e+00 9.999751013804133448e-01
2.166974566074479913e+00 9.999741056699746888e-01
2.162228587863499918e+00 9.999730759160888605e-01
2.157482609652519923e+00 9.999720111206367168e-01
2.152736631441530157e+00 9.999709102566167740e-01
2.147990653230550162e+00 9.999697722669420585e-01
2.143244675019559953e+00 9.999685960631631287e-01
2.138498696808579957e+00 9.999673805241142688e-01
2.133752718597599962e+00 9.999661244944761940e-01
2.129006740386610197e+00 9.999648267832512705e-01
2.124260762175630202e+00 9.999634861621451432e-01
2.119514783964639992e+00 9.999621013638502198e-01
2.114768805753659997e+00 9.999606710802234621e-01
2.110022827542680002e+00 9.999591939603528212e-01
2.105276849331689792e+00 9.999576686085067667e-01
2.100530871120709797e+00 9.999560935819573615e-01
2.095784892909720032e+00 9.999544673886717749e-01
2.091038914698740037e+00 9.999527884848639081e-01
2.086292936487760041e+00 9.999510552723966939e-01
2.081546958276769832e+00 9.999492660960276336e-01
2.076800980065789837e+00 9.999474192404894657e-01
2.072055001854800071e+00 9.999455129273937537e-01
2.067309023643820076e+00 9.999435453119497330e-01
2.062563045432840081e+00 9.999415144794885357e-01
2.057817067221849872e+00 9.999394184417786935e-01
2.053071089010869876e+00 9.999372551331260350e-01
2.048325110799880111e+00 9.999350224062426573e-01
2.043579132588900116e+00 9.999327180278740901e-01
2.038833154377920120e+00 9.999303396741726635e-01
2.034087176166929911e+00 9.999278849258020907e-01
2.029341197955949916e+00 9.999253512627609419e-01
2.024595219744960151e+00 9.999227360589095781e-01
2.019849241533980155e+00 9.999200365761872211e-01
2.015103263323000160e+00 9.999172499585021745e-01
2.010357285112009951e+00 9.999143732252813166e-01
2.005611306901029955e+00 9.999114032646604366e-01
2.000865328690040190e+00 9.999083368263013138e-01
1.996119350479059973e+00 9.999051705138159996e-01
1.991373372268079978e+00 9.999019007767819822e-01
1.986627394057089990e+00 9.998985239023313598e-01
1.981881415846109995e+00 9.998950360062920373e-01
1.977135437635120008e+00 9.998914330238675152e-01
1.972389459424140012e+00 9.998877106998312891e-01
1.967643481213160017e+00 9.998838645782200940e-01
1.962897503002170030e+00 9.998798899915047889e-01
1.958151524791190035e+00 9.998757820492203408e-01
1.953405546580200047e+00 9.998715356260345910e-01
1.948659568369220052e+00 9.998671453492354866e-01
1.943913590158240057e+00 9.998626055856193462e-01
1.939167611947250069e+00 9.998579104277575125e-01
1.934421633736270074e+00 9.998530536796245149e-01
1.929675655525280087e+00 9.998480288415676487e-01
1.924929677314300092e+00 9.998428290945984287e-01
1.920183699103320096e+00 9.998374472839893778e-01
1.915437720892330109e+00 9.998318759021570523e-01
1.910691742681349892e+00 9.998261070708149845e-01
1.905945764470359904e+00 9.998201325223794456e-01
1.901199786259379909e+00 9.998139435806145947e-01
1.896453808048399914e+00 9.998075311405003607e-01
1.891707829837409927e+00 9.998008856473125094e-01
1.886961851626429931e+00 9.997939970749012417e-01
1.882215873415439944e+00 9.997868549031597718e-01
1.877469895204459949e+00 9.997794480946726736e-01
1.872723916993479953e+00 9.997717650705396641e-01
1.867977938782489966e+00 9.997637936853678298e-01
1.863231960571509971e+00 9.997555212014314074e-01
1.858485982360519984e+00 9.997469342619976773e-01
1.853740004149539988e+00 9.997380188638228526e-01
1.848994025938559993e+00 9.997287603288212976e-01
1.844248047727570006e+00 9.997191432749171769e-01
1.839502069516590010e+00 9.997091515860884181e-01
1.834756091305600023e+00 9.996987683816190851e-01
1.830010113094620028e+00 9.996879759845748170e-01
1.825264134883640033e+00 9.996767558895249817e-01
1.820518156672650045e+00 9.996650887295358556e-01
1.815772178461670050e+00 9.996529542424628101e-01
1.811026200250680063e+00 9.996403312365761407e-01
1.806280222039700067e+00 9.996271975555559575e-01
1.801534243828720072e+00 9.996135300429001003e-01
1.796788265617730085e+00 9.995993045057893767e-01
1.792042287406750090e+00 9.995844956784627477e-01
1.787296309195760102e+00 9.995690771851573064e-01
1.782550330984780107e+00 9.995530215026751097e-01
1.777804352773799890e+00 9.995362999226418133e-01
1.773058374562809902e+00 9.995188825135292721e-01
1.768312396351829907e+00 9.995007380825179366e-01
1.763566418140839920e+00 9.994818341372805337e-01
1.758820439929859925e+00 9.994621368477757395e-01
1.754074461718879929e+00 9.994416110081416615e-01
1.749328483507889942e+00 9.994202199987899382e-01
1.744582505296909947e+00 9.993979257488005974e-01
1.739836527085919959e+00 9.993746886987285860e-01
1.735090548874939964e+00 9.993504677639338807e-01
1.730344570663959969e+00 9.993252202985540844e-01
1.725598592452969982e+00 9.992989020602440764e-01
1.720852614241989986e+00 9.992714671758095024e-01
1.716106636030999999e+00 9.992428681078683317e-01
1.711360657820020004e+00 9.992130556226765936e-01
1.706614679609040008e+00 9.991819787592617352e-01
1.701868701398050021e+00 9.991495848000055968e-01
1.697122723187070026e+00 9.991158192428289953e-01
1.692376744976080039e+00 9.990806257751280173e-01
1.687630766765100043e+00 9.990439462496166767e-01
1.682884788554120048e+00 9.990057206622344754e-01
1.678138810343130061e+00 9.989658871322758538e-01
1.673392832132150065e+00 9.989243818849038448e-01
1.668646853921160078e+00 9.988811392362081376e-01
1.663900875710180083e+00 9.988360915809700868e-01
1.659154897499200088e+00 9.987891693832966489e-01
1.654408919288210100e+00 9.987403011702835620e-01
1.649662941077230105e+00 9.986894135288684193e-01
1.644916962866239896e+00 9.986364311060311749e-01
1.640170984655259900e+00 9.985812766124972928e-01
1.635425006444279905e+00 9.985238708300955279e-01
1.630679028233289918e+00 9.984641326229197755e-01
1.625933050022309923e+00 9.984019789524364308e-01
1.621187071811319935e+00 9.983373248966769253e-01
1.616441093600339940e+00 9.982700836736483341e-01
1.611695115389359945e+00 9.982001666690850650e-01
1.606949137178369957e+00 9.981274834686630903e-01
1.602203158967389962e+00 9.980519418947831900e-01
1.597457180756399975e+00 9.979734480480267900e-01
1.592711202545419980e+00 9.978919063533749911e-01
1.587965224334439984e+00 9.978072196112717229e-01
1.583219246123449997e+00 9.977192890536014103e-01
1.578473267912470002e+00 9.976280144046412168e-01
1.573727289701480014e+00 9.975332939470322735e-01
1.568981311490500019e+00 9.974350245928057523e-01
1.564235333279520024e+00 9.973331019594839919e-01
1.559489355068530037e+00 9.972274204512626694e-01
1.554743376857550041e+00 9.971178733452675802e-01
1.549997398646560054e+00 9.970043528828635981e-01
1.545251420435580059e+00 9.968867503659781804e-01
1.540505442224600063e+00 9.967649562583885681e-01
1.535759464013610076e+00 9.966388602919014073e-01
1.531013485802630081e+00 9.965083515773442979e-01
1.526267507591640094e+00 9.963733187202665764e-01
1.521521529380660098e+00 9.962336499412348667e-01
1.516775551169680103e+00 9.960892332005893968e-01
1.512029572958689894e+00 9.959399563275151968e-01
1.507283594747709898e+00 9.957857071532619786e-01
1.502537616536729903e+00 9.956263736483332849e-01
1.497791638325739916e+00 9.954618440634499521e-01
1.493045660114759920e+00 9.952920070740776115e-01
1.488299681903769933e+00 9.951167519282910767e-01
1.483553703692789938e+00 9.949359685977391399e-01
1.478807725481809943e+00 9.947495479314540923e-01
1.474061747270819955e+00 9.945573818122404042e-01
1.469315769059839960e+00 9.943593633153653411e-01
1.464569790848849973e+00 9.941553868692588614e-01
1.459823812637869977e+00 9.939453484179242571e-01
1.455077834426889982e+00 9.937291455847473420e-01
1.450331856215899995e+00 9.935066778373838892e-01
1.445585878004920000e+00 9.932778466533995765e-01
1.440839899793930012e+00 9.930425556863249348e-01
1.436093921582950017e+00 9.928007109317881218e-01
1.431347943371970022e+00 9.925522208933764690e-01
1.426601965160980034e+00 9.922969967478819653e-01
1.421855986950000039e+00 9.920349525095772947e-01
1.417110008739010052e+00 9.917660051931702636e-01
1.412364030528030057e+00 9.914900749750871212e-01
1.407618052317050061e+00 9.912070853527306102e-01
1.402872074106060074e+00 9.909169633013684697e-01
1.398126095895080079e+00 9.906196394283066642e-01
1.393380117684090092e+00 9.903150481240088343e-01
1.388634139473110096e+00 9.900031277098303439e-01
1.383888161262130101e+00 9.896838205820421841e-01
1.379142183051139892e+00 9.893570733518288751e-01
1.374396204840159896e+00 9.890228369809559439e-01
1.369650226629169909e+00 9.886810669128104356e-01
1.364904248418189914e+00 9.883317231985353501e-01
1.360158270207209918e+00 9.879747706179862199e-01
1.355412291996219931e+00 9.876101787952579203e-01
1.350666313785239936e+00 9.872379223085401279e-01
1.345920335574249949e+00 9.868579807940799364e-01
1.341174357363269953e+00 9.864703390440447972e-01
1.336428379152289958e+00 9.860749870980959342e-01
1.331682400941299971e+00 9.856719203285019271e-01
1.326936422730319975e+00 9.852611395186418042e-01
1.322190444519329988e+00 9.848426509347620872e-01
1.317444466308349993e+00 9.844164663908764323e-01
1.312698488097369998e+00 9.839826033067125000e-01
1.307952509886380010e+00 9.835410847586346650e-01
1.303206531675400015e+00 9.830919395234849478e-01
1.298460553464410028e+00 9.826352021153130778e-01
1.293714575253430032e+00 9.821709128149773704e-01
1.288968597042450037e+00 9.816991176926259666e-01
1.284222618831460050e+00 9.812198686230808597e-01
1.279476640620480055e+00 9.807332232941707861e-01
1.274730662409490067e+00 9.802392452080754826e-01
1.269984684198510072e+00 9.797380036757618038e-01
1.265238705987530077e+00 9.792295738046102871e-01
1.260492727776540089e+00 9.787140364793474046e-01
1.255746749565560094e+00 9.781914783364142885e-01
1.251000771354570107e+00 9.776619917319181452e-01
1.246254793143589890e+00 9.771256747033258971e-01
1.241508814932609894e+00 9.765826309250741355e-01
1.236762836721619907e+00 9.760329696582813463e-01
1.232016858510639912e+00 9.754768056947572541e-01
1.227270880299649924e+00 9.749142592955183373e-01
1.222524902088669929e+00 9.743454561240234568e-01
1.217778923877689934e+00 9.737705271743535285e-01
1.213032945666699947e+00 9.731896086945653890e-01
1.208286967455719951e+00 9.726028421054537798e-01
1.203540989244729964e+00 9.720103739149632549e-01
1.198795011033749969e+00 9.714123556284892658e-01
1.194049032822769973e+00 9.708089436553148932e-01
1.189303054611779986e+00 9.702002992114282520e-01
1.184557076400799991e+00 9.695865882189618201e-01
1.179811098189810004e+00 9.689679812024996064e-01
1.175065119978830008e+00 9.683446531824904113e-01
1.170319141767850013e+00 9.677167835660031026e-01
1.165573163556860026e+00 9.670845560350554981e-01
1.160827185345880030e+00 9.664481584327431207e-01
1.156081207134890043e+00 9.658077826473842054e-01
1.151335228923910048e+00 9.651636244948958998e-01
1.146589250712930053e+00 9.645158835996011648e-01
1.141843272501940065e+00 9.638647632736632165e-01
1.137097294290960070e+00 9.632104703953312530e-01
1.132351316079970083e+00 9.625532152861695501e-01
1.127605337868990087e+00 9.618932115874374578e-01
1.122859359658010092e+00 9.612306761357697349e-01
1.118113381447020105e+00 9.605658288382985521e-01
1.113367403236040110e+00 9.598988925473483924e-01
1.108621425025049900e+00 9.592300929348169802e-01
1.103875446814069905e+00 9.585596583663533732e-01
1.099129468603089910e+00 9.578878197754183699e-01
1.094383490392099922e+00 9.572148105373157190e-01
1.089637512181119927e+00 9.565408663432570791e-01
1.084891533970129940e+00 9.558662250745212363e-01
1.080145555759149945e+00 9.551911266767493247e-01
1.075399577548169949e+00 9.545158130344133518e-01
1.070653599337179962e+00 9.538405278454763492e-01
1.065907621126199967e+00 9.531655164962608007e-01
1.061161642915209979e+00 9.524910259365212406e-01
1.056415664704229984e+00 9.518173045547192457e-01
1.051669686493249989e+00 9.511446020534759516e-01
1.046923708282260002e+00 9.504731693251838864e-01
1.042177730071280006e+00 9.498032583277350449e-01
1.037431751860290019e+00 9.491351219603323397e-01
1.032685773649310024e+00 9.484690139393283648e-01
1.027939795438330028e+00 9.478051886740406218e-01
1.023193817227340041e+00 9.471439011424827026e-01
1.018447839016360046e+00 9.464854067669435933e-01
1.013701860805370059e+00 9.458299612893488195e-01
1.008955882594390063e+00 9.451778206463306020e-01
1.004209904383410068e+00 9.445292408439275311e-01
9.994639261724219681e-01 9.438844778318413731e-01
9.947179479614379760e-01 9.432437873771686299e-01
9.899719697504539839e-01 9.426074249375289149e-01
9.852259915394699918e-01 9.419756455335082101e-01
9.804800133284859998e-01 9.413487036203390668e-01
9.757340351175020077e-01 9.407268529587370365e-01
9.709880569065180156e-01 9.401103464848207247e-01
9.662420786955340235e-01 9.394994361790336423e-01
9.614961004845500314e-01 9.388943729340021305e-01
9.567501222735660393e-01 9.382954064212535306e-01
9.520041440625820472e-01 9.377027849567330930e-01
9.472581658515980552e-01 9.371167553650555648e-01
9.425121876406139521e-01 9.365375628424298382e-01
9.377662094296299600e-01 9.359654508182062571e-01
9.330202312186459679e-01 9.354006608149955104e-01
9.282742530076619758e-01 9.348434323073117058e-01
9.235282747966779837e-01 9.342940025787029867e-01
9.187822965856939916e-01 9.337526065773311679e-01
9.140363183747099995e-01 9.332194767699730775e-01
9.092903401637260075e-01 9.326948429944142971e-01
9.045443619527420154e-01 9.321789323102217528e-01
8.997983837417580233e-01 9.316719688478748429e-01
8.950524055307740312e-01 9.311741736562468841e-01
8.903064273197900391e-01 9.306857645484365449e-01
8.855604491088060470e-01 9.302069559459424930e-01
8.808144708978220550e-01 9.297379587211942464e-01
8.760684926868379518e-01 9.292789800384448906e-01
8.713225144758539598e-01 9.288302231930407604e-01
8.665765362648699677e-01 9.283918874490917350e-01
8.618305580538859756e-01 9.279641678755603529e-01
8.570845798429019835e-01 9.275472551808037203e-01
8.523386016319179914e-01 9.271413355455948579e-01
8.475926234209339993e-01 9.267465904546671185e-01
8.428466452099500072e-01 9.263631965268136481e-01
8.381006669989660152e-01 9.259913253435956282e-01
8.333546887879820231e-01 9.256311432766956004e-01
8.286087105769980310e-01 9.252828113139821564e-01
8.238627323660140389e-01 9.249464848843251819e-01
8.191167541550300468e-01 9.246223136812352639e-01
8.143707759440460547e-01 9.243104414853786643e-01
8.096247977330619516e-01 9.240110059860395797e-01
8.048788195220779595e-01 9.237241386015998534e-01
8.001328413110939675e-01 9.234499642991071955e-01
7.953868631001099754e-01 9.231886014130118445e-01
7.906408848891259833e-01 9.229401614631529416e-01
7.858949066781419912e-01 9.227047489720824336e-01
7.811489284671579991e-01 9.224824612818164349e-01
7.764029502561740070e-01 9.222733883701131896e-01
7.716569720451900150e-01 9.220776126663752237e-01
7.669109938342060229e-01 9.218952088672913714e-01
7.621650156232220308e-01 9.217262437523257024e-01
7.574190374122380387e-01 9.215707759991806913e-01
7.526730592012540466e-01 9.214288559993593086e-01
7.479270809902700545e-01 9.213005256739688065e-01
7.431811027792859514e-01 9.211858182899083092e-01
7.384351245683019593e-01 9.210847582765986363e-01
7.336891463573179673e-01 9.209973610434165625e-01
7.289431681463339752e-01 9.209236327980182546e-01
7.241971899353499831e-01 9.208635703657335192e-01
7.194512117243659910e-01 9.208171610102360294e-01
7.147052335133819989e-01 9.207843822557049140e-01
7.099592553023980068e-01 9.207652017107074149e-01
7.052132770914140147e-01 9.207595768940453063e-01
7.004672988804300227e-01 9.207674550628288657e-01
6.957213206694460306e-01 9.207887730430550643e-01
6.909753424584620385e-01 9.208234570629849625e-01
6.862293642474780464e-01 9.208714225896356131e-01
6.814833860364940543e-01 9.209325741687206524e-01
6.767374078255099512e-01 9.210068052683921813e-01
6.719914296145259591e-01 9.210939981271598631e-01
6.672454514035419670e-01 9.211940236063838050e-01
6.624994731925579750e-01 9.213067410477584485e-01
6.577534949815739829e-01 9.214319981362355527e-01
6.530075167705899908e-01 9.215696307688369115e-01
6.482615385596059987e-01 9.217194629298656183e-01
6.435155603486220066e-01 9.218813065730091516e-01
6.387695821376380145e-01 9.220549615108830643e-01
6.340236039266540224e-01 9.222402153125738300e-01
6.292776257156700304e-01 9.224368432097603820e-01
6.245316475046860383e-01 9.226446080120310755e-01
6.197856692937020462e-01 9.228632600320254564e-01
6.150396910827180541e-01 9.230925370210537606e-01
6.102937128717349502e-01 9.233321641158773740e-01
6.055477346607509581e-01 9.235818537973465858e-01
6.008017564497669660e-01 9.238413058616170570e-01
5.960557782387829739e-01 9.241102074046854131e-01
5.913098000277989819e-01 9.243882328209995780e-01
5.865638218168149898e-01 9.246750438169226705e-01
5.818178436058309977e-01 9.249702894398332820e-01
5.770718653948470056e-01 9.252736061236673804e-01
5.723258871838630135e-01 9.255846177517156326e-01
5.675799089728790214e-01 9.259029357374873870e-01
5.628339307618950293e-01 9.262281591244801993e-01
5.580879525509110373e-01 9.265598747056662532e-01
5.533419743399270452e-01 9.268976571635395567e-01
5.485959961289430531e-01 9.272410692315304903e-01
5.438500179179589500e-01 9.275896618776168223e-01
5.391040397069749579e-01 9.279429745109293304e-01
5.343580614959909658e-01 9.283005352121395104e-01
5.296120832850069737e-01 9.286618609884070841e-01
5.248661050740229816e-01 9.290264580536277128e-01
5.201201268630389896e-01 9.293938221347020079e-01
5.153741486520549975e-01 9.297634388045157294e-01
5.106281704410710054e-01 9.301347838422759917e-01
5.058821922300870133e-01 9.305073236218165400e-01
5.011362140191030212e-01 9.308805155284277655e-01
4.963902358081189736e-01 9.312538084047248255e-01
4.916442575971349815e-01 9.316266430260043974e-01
4.868982793861509895e-01 9.319984526054769791e-01
4.821523011751669974e-01 9.323686633297025850e-01
4.774063229641830053e-01 9.327366949244746408e-01
4.726603447531990132e-01 9.331019612513262729e-01
4.679143665422150211e-01 9.334638709347504726e-01
4.631683883312309735e-01 9.338218280201295851e-01
4.584224101202469814e-01 9.341752326622924096e-01
4.536764319092629894e-01 9.345234818445018465e-01
4.489304536982789973e-01 9.348659701275890965e-01
4.441844754872950052e-01 9.352020904288362857e-01
4.394384972763120123e-01 9.355312348301026981e-01
4.346925190653280202e-01 9.358527954145703376e-01
4.299465408543439726e-01 9.361661651313801791e-01
4.252005626433599805e-01 9.364707386872900274e-01
4.204545844323759884e-01 9.367659134643838703e-01
4.157086062213919964e-01 9.370510904627163962e-01
4.109626280104080043e-01 9.373256752666674352e-01
4.062166497994240122e-01 9.375890790336358638e-01
4.014706715884400201e-01 9.378407195035851629e-01
3.967246933774559725e-01 9.380800220278165957e-01
3.919787151664719804e-01 9.383064206152174069e-01
3.872327369554879883e-01 9.385193589941001058e-01
3.824867587445039963e-01 9.387182916876293248e-01
3.777407805335200042e-01 9.389026851006910812e-01
3.729948023225360121e-01 9.390720186159577931e-01
3.682488241115520200e-01 9.392257856967589635e-01
3.635028459005690271e-01 9.393634949942718526e-01
3.587568676895849795e-01 9.394846714564212276e-01
3.540108894786009874e-01 9.395888574357789125e-01
3.492649112676169953e-01 9.396756137936497222e-01
3.445189330566330033e-01 9.397445209974382152e-01
3.397729548456490112e-01 9.397951802083067685e-01
3.350269766346650191e-01 9.398272143560528757e-01
3.302809984236810270e-01 9.398402691980661805e-01
3.255350202126969794e-01 9.398340143591690232e-01
3.207890420017129873e-01 9.398081443490834408e-01
3.160430637907289952e-01 9.397623795542454639e-01
3.112970855797450032e-01 9.396964672006331565e-01
3.065511073687610111e-01 9.396101822842841678e-01
3.018051291577770190e-01 9.395033284661531425e-01
2.970591509467930269e-01 9.393757389279751013e-01
2.923131727358089793e-01 9.392272771858176661e-01
2.875671945248259864e-01 9.390578378580395347e-01
2.828212163138419943e-01 9.388673473844173500e-01
2.780752381028580023e-01 9.386557646932602861e-01
2.733292598918740102e-01 9.384230818134122742e-01
2.685832816808900181e-01 9.381693244281181787e-01
2.638373034699060260e-01 9.378945523678448026e-01
2.590913252589219784e-01 9.375988600392481942e-01
2.543453470479379863e-01 9.372823767876222734e-01
2.495993688369539942e-01 9.369452671902915863e-01
2.448533906259700021e-01 9.365877312785819697e-01
2.401074124149860101e-01 9.362100046861577818e-01
2.353614342040019902e-01 9.358123587217062056e-01
2.306154559930179981e-01 9.353951003641421957e-01
2.258694777820340061e-01 9.349585721787008197e-01
2.211234995710499862e-01 9.345031521525256624e-01
2.163775213600659941e-01 9.340292534485590270e-01
2.116315431490830012e-01 9.335373240768034542e-01
2.068855649380990092e-01 9.330278464822514550e-01
2.021395867271149893e-01 9.325013370490453646e-01
1.973936085161309972e-01 9.319583455206845723e-01
1.926476303051470051e-01 9.313994543363678380e-01
1.879016520941630131e-01 9.308252778838306263e-01
1.831556738831789932e-01 9.302364616693116206e-01
1.784096956721950011e-01 9.296336814055665698e-01
1.736637174612110091e-01 9.290176420191250672e-01
1.689177392502269892e-01 9.283890765782700782e-01
1.641717610392429971e-01 9.277487451435023624e-01
1.594257828282590050e-01 9.270974335425294921e-01
1.546798046172750130e-01 9.264359520720978347e-01
1.499338264062909931e-01 9.257651341292583158e-01
1.451878481953070010e-01 9.250858347749248978e-01
1.404418699843240081e-01 9.243989292328376184e-01
1.356958917733399883e-01 9.237053113273111515e-01
1.309499135623559962e-01 9.230058918633712306e-01
1.262039353513720041e-01 9.223015969531341840e-01
1.214579571403869990e-01 9.215933662924933323e-01
1.167119789294030069e-01 9.208821513923877156e-01
1.119660007184190009e-01 9.201689137691300147e-01
1.072200225074349950e-01 9.194546230984430579e-01
1.024740442964510029e-01 9.187402553380186188e-01
9.772806608546799612e-02 9.180267908235757446e-01
9.298208787448400403e-02 9.173152123435002192e-01
8.823610966350009521e-02 9.166065031972913113e-01
8.349013145251610313e-02 9.159016452431045785e-01
7.874415324153219431e-02 9.152016169397871881e-01
7.399817503054820222e-02 9.145073913888248640e-01
6.925219681956429341e-02 9.138199343816858500e-01
6.450621860858030132e-02 9.131402024580361765e-01
5.976024039759639944e-02 9.124691409803133979e-01
5.501426218661240042e-02 9.118076822301103279e-01
5.026828397562849854e-02 9.111567435317744490e-01
4.552230576464449952e-02 9.105172254085636130e-01
4.077632755366059764e-02 9.098900097766086104e-01
3.603034934267659861e-02 9.092759581818226078e-01
3.128437113169269673e-02 9.086759100847773274e-01
2.653839292070870118e-02 9.080906811984071902e-01
2.179241470972479930e-02 9.075210618832463272e-01
1.704643649874080027e-02 9.069678156047165096e-01
1.230045828775679952e-02 9.064316774567787727e-01
7.554480076772940138e-03 9.059133527560511157e-01
2.808501865788990120e-03 9.054135157102560783e-01
-1.937476345194959898e-03 9.049328081646177413e-01
-6.683454556178910350e-03 9.044718384295640234e-01
-1.142943276716280009e-02 9.040311801928224700e-01
-1.617541097814680084e-02 9.036113715187049644e-01
-2.092138918913079987e-02 9.032129139370922433e-01
-2.566736740011469828e-02 9.028362716243214514e-01
-3.041334561109870077e-02 9.024818706778672261e-01
-3.515932382208260265e-02 9.021500984864045947e-01
-3.990530203306660167e-02 9.018413031965000215e-01
-4.465128024405049662e-02 9.015557932768770710e-01
-4.939725845503450258e-02 9.012938371808647542e-01
-5.414323666601839752e-02 9.010556631073090017e-01
-5.888921487700239654e-02 9.008414588599177319e-01
-6.363519308798630536e-02 9.006513718046736949e-01
-6.838117129897029745e-02 9.004855089246415201e-01
-7.312714950995420626e-02 9.003439369711740969e-01
-7.787312772093819835e-02 9.002266827102275437e-01
-8.261910593192209329e-02 9.001337332621850429e-01
-8.736508414290609925e-02 9.000650365333082714e-01
-9.211106235388999419e-02 9.000205017366509352e-01
-9.685704056487400015e-02 9.000000000000000222e-01
-1.016030187758570069e-01 9.000033650581562572e-01
-1.063489969868409990e-01 9.000303940266249914e-01
-1.110949751978250050e-01 9.000808482535461730e-01
-1.158409534088089970e-01 9.001544542464930965e-01
-1.205869316197930030e-01 9.002509046705639006e-01
-1.253329098307779943e-01 9.003698594139978306e-01
-1.300788880417619864e-01 9.005109467174017279e-01
-1.348248662527460062e-01 9.006737643624990186e-01
-1.395708444637289991e-01 9.008578809161995604e-01
-1.443168226747129912e-01 9.010628370256652531e-01
-1.490628008856970110e-01 9.012881467599561658e-01
-1.538087790966810031e-01 9.015332989937521191e-01
-1.585547573076649952e-01 9.017977588285979174e-01
-1.633007355186489873e-01 9.020809690470720232e-01
-1.680467137296330071e-01 9.023823515952504870e-01
-1.727926919406169992e-01 9.027013090888348357e-01
-1.775386701516009913e-01 9.030372263383295017e-01
-1.822846483625850111e-01 9.033894718886634756e-01
-1.870306265735690032e-01 9.037573995687178119e-01
-1.917766047845529953e-01 9.041403500462603660e-01
-1.965225829955369874e-01 9.045376523838760674e-01
-2.012685612065210072e-01 9.049486255915694111e-01
-2.060145394175049993e-01 9.053725801718113253e-01
-2.107605176284889914e-01 9.058088196529325842e-01
-2.155064958394720120e-01 9.062566421068846134e-01
-2.202524740504560041e-01 9.067153416475344230e-01
-2.249984522614399962e-01 9.071842099058109454e-01
-2.297444304724239883e-01 9.076625374781837063e-01
-2.344904086834080081e-01 9.081496153451199538e-01
-2.392363868943920002e-01 9.086447362563526697e-01
-2.439823651053759923e-01 9.091471960799687446e-01
-2.487283433163600121e-01 9.096562951125264362e-01
-2.534743215273440042e-01 9.101713393475999725e-01
-2.582202997383279963e-01 9.106916417003554365e-01
-2.629662779493119884e-01 9.112165231859660208e-01
-2.677122561602959805e-01 9.117453140498734676e-01
-2.724582343712799726e-01 9.122773548481217798e-01
-2.772042125822640202e-01 9.128119974761866873e-01
-2.819501907932480123e-01 9.133486061449372917e-01
-2.866961690042320043e-01 9.138865583025712613e-01
-2.914421472152149972e-01 9.144252455015677850e-01
-2.961881254261989893e-01 9.149640742099053314e-01
-3.009341036371829814e-01 9.155024665659896588e-01
-3.056800818481669735e-01 9.160398610769235894e-01
-3.104260600591510211e-01 9.165757132599521295e-01
-3.151720382701350132e-01 9.171094962270842643e-01
-3.199180164811190052e-01 9.176407012130773921e-01
-3.246639946921029973e-01 9.181688380471427768e-01
-3.294099729030869894e-01 9.186934355688841647e-01
-3.341559511140709815e-01 9.192140419891450254e-01
-3.389019293250549736e-01 9.197302251965865372e-01
-3.436479075360390212e-01 9.202415730109501091e-01
-3.483938857470230133e-01 9.207476933841041156e-01
-3.531398639580070054e-01 9.212482145500744402e-01
-3.578858421689909974e-01 9.217427851253996440e-01
-3.626318203799739903e-01 9.222310741612286256e-01
-3.673777985909579824e-01 9.227127711486974304e-01
-3.721237768019419745e-01 9.231875859791860428e-01
-3.768697550129260221e-01 9.236552488611559086e-01
-3.816157332239100142e-01 9.241155101953200113e-01
-3.863617114348940063e-01 9.245681404099631573e-01
-3.911076896458779983e-01 9.250129297582845300e-01
-3.958536678568619904e-01 9.254496880796709846e-01
-4.005996460678459825e-01 9.258782445268416428e-01
-4.053456242788299746e-01 9.262984472608416509e-01
-4.100916024898140222e-01 9.267101631158659591e-01
-4.148375807007980143e-01 9.271132772359147456e-01
-4.195835589117820064e-01 9.275076926852777737e-01
-4.243295371227659984e-01 9.278933300348473079e-01
-4.290755153337499905e-01 9.282701269262405575e-01
-4.338214935447339826e-01 9.286380376157030714e-01
-4.385674717557169755e-01 9.289970324997367523e-01
-4.433134499667010231e-01 9.293470976243625170e-01
-4.480594281776850152e-01 9.296882341799099780e-01
-4.528054063886690073e-01 9.300204579831633511e-01
-4.575513845996529994e-01 9.303437989486715853e-01
-4.622973628106369914e-01 9.306583005509706519e-01
-4.670433410216209835e-01 9.309640192794167435e-01
-4.717893192326049756e-01 9.312610240872751799e-01
-4.765352974435890232e-01 9.315493958366570793e-01
-4.812812756545730153e-01 9.318292267408249119e-01
-4.860272538655570074e-01 9.321006198053350955e-01
-4.907732320765409995e-01 9.323636882694200656e-01
-4.955192102875249915e-01 9.326185550489402010e-01
-5.002651884985089836e-01 9.328653521821798078e-01
-5.050111667094929757e-01 9.331042202796804297e-01
-5.097571449204769678e-01 9.333353079792505724e-01
-5.145031231314609599e-01 9.335587714072093313e-01
-5.192491013424449520e-01 9.337747736468620108e-01
-5.239950795534290551e-01 9.339834842151338856e-01
-5.287410577644130472e-01 9.341850785482148645e-01
-5.334870359753970392e-01 9.343797374970179703e-01
-5.382330141863810313e-01 9.345676468331618469e-01
-5.429789923973650234e-01 9.347489967661480881e-01
-5.477249706083490155e-01 9.349239814723264708e-01
-5.524709488193330076e-01 9.350927986361757815e-01
-5.572169270303169997e-01 9.352556490043842929e-01
-5.619629052413009918e-01 9.354127359531306807e-01
-5.667088834522849838e-01 9.355642650689325324e-01
-5.714548616632689759e-01 9.357104437433594324e-01
-5.762008398742529680e-01 9.358514807818585357e-01
-5.809468180852369601e-01 9.359875860268906944e-01
-5.856927962962209522e-01 9.361189699955275723e-01
-5.904387745072050553e-01 9.362458435316082239e-01
-5.951847527181880482e-01 9.363684174725174225e-01
-5.999307309291720403e-01 9.364869023305951723e-01
-6.046767091401560323e-01 9.366015079891624184e-01
-6.094226873511400244e-01 9.367124434130904564e-01
-6.141686655621240165e-01 9.368199163738288870e-01
-6.189146437731080086e-01 9.369241331887540047e-01
-6.236606219840920007e-01 9.370252984746828551e-01
-6.284066001950759928e-01 9.371236149153640005e-01
-6.331525784060599849e-01 9.372192830427288346e-01
-6.378985566170439769e-01 9.373125010316675221e-01
-6.426445348280279690e-01 9.374034645080698835e-01
-6.473905130390119611e-01 9.374923663698490062e-01
-6.521364912499959532e-01 9.375793966206513730e-01
-6.568824694609799453e-01 9.376647422159419820e-01
-6.616284476719640484e-01 9.377485869211334979e-01
-6.663744258829480405e-01 9.378311111814212619e-01
-6.711204040939320326e-01 9.379124920029747736e-01
-6.758663823049160246e-01 9.379929028451272632e-01
-6.806123605159000167e-01 9.380725135231928746e-01
-6.853583387268840088e-01 9.381514901215438629e-01
-6.901043169378680009e-01 9.382299949165704422e-01
-6.948502951488519930e-01 9.383081863091430330e-01
-6.995962733598359851e-01 9.383862187661949905e-01
-7.043422515708199771e-01 9.384642427710482293e-01
-7.090882297818039692e-01 9.385424047820956073e-01
-7.138342079927879613e-01 9.386208471994663682e-01
-7.185801862037719534e-01 9.386997083392939478e-01
-7.233261644147559455e-01 9.387791224152176595e-01
-7.280721426257400486e-01 9.388592195267440044e-01
-7.328181208367240407e-01 9.389401256541130003e-01
-7.375640990477080328e-01 9.390219626593058200e-01
-7.423100772586920248e-01 9.391048482928444630e-01
-7.470560554696760169e-01 9.391888962060479518e-01
-7.518020336806600090e-01 9.392742159683972192e-01
-7.565480118916440011e-01 9.393609130896928283e-01
-7.612939901026279932e-01 9.394490890466851152e-01
-7.660399683136119853e-01 9.395388413138613393e-01
-7.707859465245959774e-01 9.396302633981004071e-01
-7.755319247355799694e-01 9.397234448768969628e-01
-7.802779029465639615e-01 9.398184714398792883e-01
-7.850238811575479536e-01 9.399154249333513400e-01
-7.897698593685319457e-01 9.400143834075966875e-01
-7.945158375795160488e-01 9.401154211666964411e-01
-7.992618157905000409e-01 9.402186088206255787e-01
-8.040077940014840330e-01 9.403240133393921951e-01
-8.087537722124680251e-01 9.404316981090096172e-01
-8.134997504234520171e-01 9.405417229890893349e-01
-8.182457286344360092e-01 9.406541443718566819e-01
-8.229917068454200013e-01 9.407690152424068586e-01
-8.277376850564039934e-01 9.408863852400199956e-01
-8.324836632673879855e-01 9.410063007203711694e-01
-8.372296414783719776e-01 9.411288048184756061e-01
-8.419756196893559697e-01 9.412539375122255247e-01
-8.467215979003399617e-01 9.413817356863766195e-01
-8.514675761113239538e-01 9.415122331968565073e-01
-8.562135543223079459e-01 9.416454609352767902e-01
-8.609595325332920490e-01 9.417814468935356009e-01
-8.657055107442760411e-01 9.419202162284073809e-01
-8.704514889552600332e-01 9.420617913260258547e-01
-8.751974671662440253e-01 9.422061918661751578e-01
-8.799434453772280174e-01 9.423534348863048526e-01
-8.846894235882120094e-01 9.425035348452011075e-01
-8.894354017991960015e-01 9.426565036862475377e-01
-8.941813800101799936e-01 9.428123509002150904e-01
-8.989273582211639857e-01 9.429710835875317887e-01
-9.036733364321479778e-01 9.431327065199822668e-01
-9.084193146431319699e-01 9.432972222018000119e-01
-9.131652928541159620e-01 9.434646309301155664e-01
-9.179112710650999540e-01 9.436349308547276049e-01
-9.226572492760839461e-01 9.438081180371761247e-01
-9.274032274870680492e-01 9.439841865090934370e-01
-9.321492056980520413e-01 9.441631283298145272e-01
-9.368951839090360334e-01 9.443449336432385710e-01
-9.416411621200200255e-01 9.445295907339251729e-01
-9.463871403310040176e-01 9.447170860824247729e-01
-9.511331185419880097e-01 9.449074044198347844e-01
-9.558790967529720017e-01 9.451005287815822387e-01
-9.606250749639559938e-01 9.452964405604372677e-01
-9.653710531749399859e-01 9.454951195587542045e-01
-9.701170313859239780e-01 9.456965440399542899e-01
-9.748630095969079701e-01 9.459006907792463226e-01
-9.796089878078919622e-01 9.461075351136070122e-01
-9.843549660188759542e-01 9.463170509910183714e-01
-9.891009442298599463e-01 9.465292110189807984e-01
-9.938469224408440494e-01 9.467439865123110643e-01
-9.985929006518280415e-01 9.469613475402367531e-01
-1.003338878862809924e+00 9.471812629728018074e-01
-1.008084857073799911e+00 9.474037005265945055e-01
-1.012830835284779907e+00 9.476286268098125243e-01
-1.017576813495759902e+00 9.478560073666787433e-01
-1.022322791706749889e+00 9.480858067212181162e-01
-1.027068769917730107e+00 9.483179884204164800e-01
-1.031814748128720094e+00 9.485525150767615266e-01
-1.036560726339700089e+00 9.487893484101939112e-01
-1.041306704550680085e+00 9.490284492894658364e-01
-1.046052682761670072e+00 9.492697777729318664e-01
-1.050798660972650067e+00 9.495132931487716421e-01
-1.055544639183640054e+00 9.497589539746639220e-01
-1.060290617394620050e+00 9.500067181169153940e-01
-1.065036595605600045e+00 9.502565427890595773e-01
-1.069782573816590032e+00 9.505083845899252593e-01
-1.074528552027570028e+00 9.507621995411935645e-01
-1.079274530238560015e+00 9.510179431244402126e-01
-1.084020508449540010e+00 9.512755703176767330e-01
-1.088766486660520005e+00 9.515350356313887481e-01
-1.093512464871509993e+00 9.517962931440854257e-01
-1.098258443082489988e+00 9.520592965373554373e-01
-1.103004421293479975e+00 9.523239991304367491e-01
-1.107750399504459971e+00 9.525903539143022458e-01
-1.112496377715439966e+00 9.528583135852641828e-01
-1.117242355926429953e+00 9.531278305780963578e-01
-1.121988334137409948e+00 9.533988570986769995e-01
-1.126734312348399936e+00 9.536713451561512622e-01
-1.131480290559379931e+00 9.539452465946121063e-01
-1.136226268770359926e+00 9.542205131243025606e-01
-1.140972246981349913e+00 9.544970963523322638e-01
-1.145718225192329909e+00 9.547749478129100575e-01
-1.150464203403319896e+00 9.550540189970911920e-01
-1.155210181614299891e+00 9.553342613820332563e-01
-1.159956159825280109e+00 9.556156264597597261e-01
-1.164702138036270096e+00 9.558980657654291280e-01
-1.169448116247250091e+00 9.561815309051031608e-01
-1.174194094458240079e+00 9.564659735830124410e-01
-1.178940072669220074e+00 9.567513456283158746e-01
-1.183686050880200069e+00 9.570375990213465522e-01
-1.188432029091190056e+00 9.573246859193441649e-01
-1.193178007302170052e+00 9.576125586816658375e-01
-1.197923985513160039e+00 9.579011698944709385e-01
-1.202669963724140034e+00 9.581904723948783120e-01
-1.207415941935120030e+00 9.584804192945869383e-01
-1.212161920146110017e+00 9.587709640029563607e-01
-1.216907898357090012e+00 9.590620602495427693e-01
-1.221653876568079999e+00 9.593536621060857472e-01
-1.226399854779059995e+00 9.596457240079372397e-01
-1.231145832990039990e+00 9.599382007749303058e-01
-1.235891811201029977e+00 9.602310476316818777e-01
-1.240637789412009973e+00 9.605242202273227559e-01
-1.245383767622999960e+00 9.608176746546505109e-01
-1.250129745833979955e+00 9.611113674686972974e-01
-1.254875724044959950e+00 9.614052557047102487e-01
-1.259621702255949938e+00 9.616992968955360155e-01
-1.264367680466929933e+00 9.619934490884016753e-01
-1.269113658677919920e+00 9.622876708610927921e-01
-1.273859636888899916e+00 9.625819213375131911e-01
-1.278605615099879911e+00 9.628761602026275623e-01
-1.283351593310869898e+00 9.631703477167756766e-01
-1.288097571521849893e+00 9.634644447293545522e-01
-1.292843549732840103e+00 9.637584126918615768e-01
-1.297589527943820098e+00 9.640522136702872613e-01
-1.302335506154800093e+00 9.643458103568591788e-01
-1.307081484365790081e+00 9.646391660811209912e-01
-1.311827462576770076e+00 9.649322448203460079e-01
-1.316573440787760063e+00 9.652250112092741752e-01
-1.321319418998740058e+00 9.655174305491680542e-01
-1.326065397209720054e+00 9.658094688161756869e-01
-1.330811375420710041e+00 9.661010926690004608e-01
-1.335557353631690036e+00 9.663922694558624293e-01
-1.340303331842680024e+00 9.666829672207482016e-01
-1.345049310053660019e+00 9.669731547089430723e-01
-1.349795288264640014e+00 9.672628013718336248e-01
-1.354541266475630001e+00 9.675518773709759213e-01
-1.359287244686609997e+00 9.678403535814263936e-01
-1.364033222897599984e+00 9.681282015943188934e-01
-1.368779201108579979e+00 9.684153937186925631e-01
-1.373525179319559975e+00 9.687019029825546523e-01
-1.378271157530549962e+00 9.689877031331803892e-01
-1.383017135741529957e+00 9.692727686366369166e-01
-1.387763113952519944e+00 9.695570746765345138e-01
-1.392509092163499940e+00 9.698405971519938884e-01
-1.397255070374479935e+00 9.701233126748294300e-01
-1.402001048585469922e+00 9.704051985659450930e-01
-1.406747026796449918e+00 9.706862328509408000e-01
-1.411493005007439905e+00 9.709663942549274784e-01
-1.416238983218419900e+00 9.712456621965512849e-01
-1.420984961429399895e+00 9.715240167812289052e-01
-1.425730939640390105e+00 9.718014387935902665e-01
-1.430476917851370100e+00 9.720779096891437598e-01
-1.435222896062350095e+00 9.723534115851529824e-01
-1.439968874273340083e+00 9.726279272507447615e-01
-1.444714852484320078e+00 9.729014400962471276e-01
-1.449460830695310065e+00 9.731739341617696715e-01
-1.454206808906290060e+00 9.734453941050362769e-01
-1.458952787117270056e+00 9.737158051884819976e-01
-1.463698765328260043e+00 9.739851532656282895e-01
-1.468444743539240038e+00 9.742534247667523628e-01
-1.473190721750230026e+00 9.745206066838684178e-01
-1.477936699961210021e+00 9.747866865550391946e-01
-1.482682678172190016e+00 9.750516524480413727e-01
-1.487428656383180003e+00 9.753154929434064702e-01
-1.492174634594159999e+00 9.755781971168629996e-01
-1.496920612805149986e+00 9.758397545212090796e-01
-1.501666591016129981e+00 9.761001551676420362e-01
-1.506412569227109977e+00 9.763593895065802997e-01
-1.511158547438099964e+00 9.766174484080076823e-01
-1.515904525649079959e+00 9.768743231413787864e-01
-1.520650503860069946e+00 9.771300053551216225e-01
-1.525396482071049942e+00 9.773844870557770736e-01
-1.530142460282029937e+00 9.776377605868178389e-01
-1.534888438493019924e+00 9.778898186071899312e-01
-1.539634416703999920e+00 9.781406540696209184e-01
-1.544380394914989907e+00 9.783902601987434222e-01
-1.549126373125969902e+00 9.786386304690828375e-01
-1.553872351336949897e+00 9.788857585829556784e-01
-1.558618329547940107e+00 9.791316384483357282e-01
-1.563364307758920102e+00 9.793762641567355098e-01
-1.568110285969910089e+00 9.796196299611604763e-01
-1.572856264180890085e+00 9.798617302541882124e-01
-1.577602242391870080e+00 9.801025595462306006e-01
-1.582348220602860067e+00 9.803421124440332424e-01
-1.587094198813840062e+00 9.805803836294707532e-01
-1.591840177024830050e+00 9.808173678386925554e-01
-1.596586155235810045e+00 9.810530598416795645e-01
-1.601332133446790040e+00 9.812874544222656148e-01
-1.606078111657780028e+00 9.815205463586833545e-01
-1.610824089868760023e+00 9.817523304046873456e-01
-1.615570068079750010e+00 9.819828012713144316e-01
-1.620316046290730005e+00 9.822119536093314451e-01
-1.625062024501710001e+00 9.824397819924270969e-01
-1.629808002712699988e+00 9.826662809011978972e-01
-1.634553980923679983e+00 9.828914447079803995e-01
-1.639299959134669971e+00 9.831152676625769526e-01
-1.644045937345649966e+00 9.833377438789223657e-01
-1.648791915556629961e+00 9.835588673227362300e-01
-1.653537893767619948e+00 9.837786318002019748e-01
-1.658283871978599944e+00 9.839970309477125143e-01
-1.663029850189589931e+00 9.842140582227201229e-01
-1.667775828400569926e+00 9.844297068957215124e-01
-1.672521806611549922e+00 9.846439700434108655e-01
-1.677267784822539909e+00 9.848568405430265793e-01
-1.682013763033519904e+00 9.850683110679158139e-01
-1.686759741244509891e+00 9.852783740843358284e-01
-1.691505719455490109e+00 9.854870218495092038e-01
-1.696251697666470104e+00 9.856942464109439417e-01
-1.700997675877460091e+00 9.859000396070281003e-01
-1.705743654088440087e+00 9.861043930689009640e-01
-1.710489632299430074e+00 9.863072982236033015e-01
-1.715235610510410069e+00 9.865087462984994948e-01
-1.719981588721390064e+00 9.867087283269657672e-01
-1.724727566932380052e+00 9.869072351553301869e-01
-1.729473545143360047e+00 9.871042574510472400e-01
-1.734219523354350034e+00 9.872997857120877629e-01
-1.738965501565330030e+00 9.874938102775159265e-01
-1.743711479776310025e+00 9.876863213392266250e-01
-1.748457457987300012e+00 9.878773089548072983e-01
-1.753203436198280007e+00 9.880667630614887731e-01
-1.757949414409269995e+00 9.882546734911424879e-01
-1.762695392620249990e+00 9.884410299862788074e-01
-1.767441370831229985e+00 9.886258222169991283e-01
-1.772187349042219973e+00 9.888090397988489322e-01
-1.776933327253199968e+00 9.889906723115159393e-01
-1.781679305464189955e+00 9.891707093183166322e-01
-1.786425283675169950e+00 9.893491403864085321e-01
-1.791171261886149946e+00 9.895259551076656113e-01
-1.795917240097139933e+00 9.897011431201503395e-01
-1.800663218308119928e+00 9.898746941301136415e-01
-1.805409196519109916e+00 9.900465979344541534e-01
-1.810155174730089911e+00 9.902168444435638373e-01
-1.814901152941069906e+00 9.903854237044870112e-01
-1.819647131152059893e+00 9.905523259243197431e-01
-1.824393109363040111e+00 9.907175414937735569e-01
-1.829139087574030098e+00 9.908810610108289563e-01
-1.833885065785010093e+00 9.910428753044029371e-01
-1.838631043995990089e+00 9.912029754579547713e-01
-1.843377022206980076e+00 9.913613528329551228e-01
-1.848123000417960071e+00 9.915179990921439979e-01
-1.852868978628950059e+00 9.916729062225047020e-01
-1.857614956839930054e+00 9.918260665578794155e-01
-1.862360935050910049e+00 9.919774728011578890e-01
-1.867106913261900036e+00 9.921271180459687589e-01
-1.871852891472880032e+00 9.922749957978059809e-01
-1.876598869683870019e+00 9.924210999945262124e-01
-1.881344847894850014e+00 9.925654250261550793e-01
-1.886090826105830009e+00 9.927079657539400470e-01
-1.890836804316819997e+00 9.928487175285966027e-01
-1.895582782527799992e+00 9.929876762076896846e-01
-1.900328760738789979e+00 9.931248381721038410e-01
-1.905074738949769975e+00 9.932602003415512693e-01
-1.909820717160749970e+00 9.933937601890761027e-01
-1.914566695371739957e+00 9.935255157545150873e-01
-1.919312673582719952e+00 9.936554656568761246e-01
-1.924058651793709940e+00 9.937836091056061472e-01
-1.928804630004689935e+00 9.939099459107151313e-01
-1.933550608215669930e+00 9.940344764917373732e-01
-1.938296586426659918e+00 9.941572018855046045e-01
-1.943042564637639913e+00 9.942781237527179572e-01
-1.947788542848629900e+00 9.943972443833066777e-01
-1.952534521059609895e+00 9.945145667005629297e-01
-1.957280499270589891e+00 9.946300942640524667e-01
-1.962026477481580100e+00 9.947438312712979513e-01
-1.966772455692560095e+00 9.948557825582412528e-01
-1.971518433903550083e+00 9.949659535984912706e-01
-1.976264412114530078e+00 9.950743505013697199e-01
-1.981010390325510073e+00 9.951809800087700886e-01
-1.985756368536500061e+00 9.952858494908481957e-01
-1.990502346747480056e+00 9.953889669405676655e-01
-1.995248324958470043e+00 9.954903409671249648e-01
-1.999994303169450038e+00 9.955899807882835351e-01
-2.004740281380430034e+00 9.956878962216478834e-01
-2.009486259591419799e+00 9.957840976749134931e-01
-2.014232237802399794e+00 9.958785961351277471e-01
-2.018978216013390004e+00 9.959714031570038317e-01
-2.023724194224369999e+00 9.960625308503261444e-01
-2.028470172435349994e+00 9.961519918664941686e-01
-2.033216150646340203e+00 9.962397993842487809e-01
-2.037962128857320199e+00 9.963259670946277291e-01
-2.042708107068309964e+00 9.964105091851995777e-01
-2.047454085279289959e+00 9.964934403236266336e-01
-2.052200063490269955e+00 9.965747756406052593e-01
-2.056946041701260164e+00 9.966545307122375297e-01
-2.061692019912240159e+00 9.967327215418853026e-01
-2.066437998123229924e+00 9.968093645415583293e-01
-2.071183976334209920e+00 9.968844765128906937e-01
-2.075929954545189915e+00 9.969580746277565408e-01
-2.080675932756180124e+00 9.970301764085793828e-01
-2.085421910967160120e+00 9.971007997083842778e-01
-2.090167889178149885e+00 9.971699626906475045e-01
-2.094913867389129880e+00 9.972376838089913598e-01
-2.099659845600109875e+00 9.973039817867763723e-01
-2.104405823811100085e+00 9.973688755966384489e-01
-2.109151802022080080e+00 9.974323844400184713e-01
-2.113897780233069845e+00 9.974945277267311949e-01
-2.118643758444049841e+00 9.975553250546183026e-01
-2.123389736655029836e+00 9.976147961893282456e-01
-2.128135714866020045e+00 9.976729610442651719e-01
-2.132881693077000040e+00 9.977298396607472419e-01
-2.137627671287989806e+00 9.977854521884109706e-01
-2.142373649498969801e+00 9.978398188658995638e-01
-2.147119627709949796e+00 9.978929600018686674e-01
-2.151865605920940006e+00 9.979448959563413935e-01
-2.156611584131920001e+00 9.979956471224440406e-01
-2.161357562342910210e+00 9.980452339085498226e-01
-2.166103540553890205e+00 9.980936767208565819e-01
-2.170849518764870201e+00 9.981409959464229154e-01
-2.175595496975859966e+00 9.981872119366849150e-01
-2.180341475186839961e+00 9.982323449914721758e-01
-2.185087453397830171e+00 9.982764153435413901e-01
-2.189833431608810166e+00 9.983194431436434035e-01
-2.194579409819790161e+00 9.983614484461366123e-01
-2.199325388030779926e+00 9.984024511951592462e-01
-2.204071366241759922e+00 9.984424712113680878e-01
-2.208817344452750131e+00 9.984815281792541741e-01
-2.213563322663730126e+00 9.985196416350389237e-01
-2.218309300874710122e+00 9.985568309551555721e-01
-2.223055279085699887e+00 9.985931153453179165e-01
-2.227801257296679882e+00 9.986285138301775888e-01
-2.232547235507670091e+00 9.986630452435681926e-01
-2.237293213718650087e+00 9.986967282193331963e-01
-2.242039191929630082e+00 9.987295811827351377e-01
-2.246785170140619847e+00 9.987616223424391482e-01
-2.251531148351599843e+00 9.987928696830652431e-01
-2.256277126562590052e+00 9.988233409583006095e-01
-2.261023104773570047e+00 9.988530536845633412e-01
-2.265769082984550042e+00 9.988820251352074076e-01
-2.270515061195539808e+00 9.989102723352574209e-01
-2.275261039406519803e+00 9.989378120566623220e-01
-2.280007017617510012e+00 9.989646608140538842e-01
-2.284752995828490008e+00 9.989908348609970457e-01
-2.289498974039470003e+00 9.990163501867186380e-01
-2.294244952250460212e+00 9.990412225132988544e-01
-2.298990930461440207e+00 9.990654672933103608e-01
-2.303736908672429973e+00 9.990890997078906155e-01
-2.308482886883409968e+00 9.991121346652297452e-01
-2.313228865094389963e+00 9.991345867994592123e-01
-2.317974843305380173e+00 9.991564704699237298e-01
-2.322720821516360168e+00 9.991777997608212170e-01
-2.327466799727349933e+00 9.991985884811922514e-01
-2.332212777938329928e+00 9.992188501652445876e-01
-2.336958756149309924e+00 9.992385980729938666e-01
-2.341704734360300133e+00 9.992578451912063064e-01
-2.346450712571280128e+00 9.992766042346242772e-01
-2.351196690782269894e+00 9.992948876474614384e-01
-2.355942668993249889e+00 9.993127076051488977e-01
-2.360688647204229884e+00 9.993300760163176255e-01
-2.365434625415220093e+00 9.993470045250029132e-01
-2.370180603626200089e+00 9.993635045130526695e-01
-2.374926581837189854e+00 9.993795871027283395e-01
-2.379672560048169849e+00 9.993952631594811287e-01
-2.384418538259149845e+00 9.994105432948910961e-01
-2.389164516470140054e+00 9.994254378697550179e-01
-2.393910494681120049e+00 9.994399569973106967e-01
-2.398656472892109814e+00 9.994541105465828412e-01
-2.403402451103089810e+00 9.994679081458409664e-01
-2.408148429314069805e+00 9.994813591861566593e-01
-2.412894407525060014e+00 9.994944728250469979e-01
-2.417640385736040010e+00 9.995072579901974619e-01
-2.422386363947030219e+00 9.995197233832492367e-01
-2.427132342158010214e+00 9.995318774836454701e-01
-2.431878320368990209e+00 9.995437285525246018e-01
-2.436624298579979975e+00 9.995552846366519972e-01
-2.441370276790959970e+00 9.995665535723839978e-01
-2.446116255001950179e+00 9.995775429896525122e-01
-2.450862233212930175e+00 9.995882603159677027e-01
-2.455608211423910170e+00 9.995987127804268901e-01
-2.460354189634899935e+00 9.996089074177275657e-01
-2.465100167845879930e+00 9.996188510721752962e-01
-2.469846146056870140e+00 9.996285504016828583e-01
-2.474592124267850135e+00 9.996380118817548288e-01
-2.479338102478830130e+00 9.996472418094525247e-01
-2.484084080689819896e+00 9.996562463073359606e-01
-2.488830058900799891e+00 9.996650313273774957e-01
-2.493576037111790100e+00 9.996736026548445064e-01
-2.498322015322770095e+00 9.996819659121478630e-01
-2.503067993533750091e+00 9.996901265626518818e-01
-2.507813971744739856e+00 9.996980899144455313e-01
-2.512559949955719851e+00 9.997058611240696724e-01
-2.517305928166710061e+00 9.997134452002006677e-01
-2.522051906377690056e+00 9.997208470072871389e-01
-2.526797884588670051e+00 9.997280712691384297e-01
-2.531543862799659816e+00 9.997351225724646628e-01
-2.536289841010639812e+00 9.997420053703647280e-01
-2.541035819221630021e+00 9.997487239857641983e-01
-2.545781797432610016e+00 9.997552826148001781e-01
-2.550527775643590012e+00 9.997616853301537487e-01
-2.555273753854580221e+00 9.997679360843285679e-01
-2.560019732065560216e+00 9.997740387128764006e-01
-2.564765710276549981e+00 9.997799969375685825e-01
-2.569511688487529977e+00 9.997858143695139699e-01
-2.574257666698509972e+00 9.997914945122220454e-01
-2.579003644909500181e+00 9.997970407646138424e-01
-2.583749623120480177e+00 9.998024564239779144e-01
-2.588495601331469942e+00 9.998077446888736786e-01
-2.593241579542449937e+00 9.998129086619818029e-01
-2.597987557753429932e+00 9.998179513529018569e-01
-2.602733535964420142e+00 9.998228756808975604e-01
-2.607479514175400137e+00 9.998276844775906280e-01
-2.612225492386389902e+00 9.998323804896026568e-01
-2.616971470597369898e+00 9.998369663811464969e-01
-2.621717448808349893e+00 9.998414447365673308e-01
-2.626463427019340102e+00 9.998458180628332359e-01
-2.631209405230320098e+00 9.998500887919763436e-01
-2.635955383441300093e+00 9.998542592834852583e-01
-2.640701361652289858e+00 9.998583318266486275e-01
-2.645447339863269853e+00 9.998623086428498619e-01
-2.650193318074260063e+00 9.998661918878154475e-01
-2.654939296285240058e+00 9.998699836538139651e-01
-2.659685274496220053e+00 9.998736859718098113e-01
-2.664431252707209818e+00 9.998773008135687368e-01
-2.669177230918189814e+00 9.998808300937178650e-01
-2.673923209129180023e+00 9.998842756717590818e-01
-2.678669187340160018e+00 9.998876393540365726e-01
-2.683415165551140014e+00 9.998909228956589512e-01
-2.688161143762129779e+00 9.998941280023757594e-01
-2.692907121973110218e+00 9.998972563324084462e-01
-2.697653100184099983e+00 9.999003094982369388e-01
-2.702399078395079979e+00 9.999032890683404728e-01
-2.707145056606059974e+00 9.999061965688940123e-01
-2.711891034817050183e+00 9.999090334854203732e-01
-2.716637013028030179e+00 9.999118012643968267e-01
-2.721382991239019944e+00 9.999145013148181826e-01
-2.726128969449999939e+00 9.999171350097149080e-01
-2.730874947660979934e+00 9.999197036876268374e-01
-2.735620925871970144e+00 9.999222086540334731e-01
-2.740366904082950139e+00 9.999246511827389883e-01
-2.745112882293939904e+00 9.999270325172144869e-01
-2.749858860504919900e+00 9.999293538718952989e-01
-2.754604838715899895e+00 9.999316164334350887e-01
-2.759350816926890104e+00 9.999338213619159976e-01
-2.764096795137870100e+00 9.999359697920155998e-01
-2.768842773348859865e+00 9.999380628341303368e-01
-2.773588751559839860e+00 9.999401015754555422e-01
-2.778334729770819855e+00 9.999420870810235007e-01
-2.783080707981810065e+00 9.999440203946978745e-01
-2.787826686192790060e+00 9.999459025401262746e-01
-2.792572664403779825e+00 9.999477345216511992e-01
-2.797318642614759820e+00 9.999495173251782276e-01
-2.802064620825739816e+00 9.999512519190043580e-01
-2.806810599036730025e+00 9.999529392546044892e-01
-2.811556577247710020e+00 9.999545802673783790e-01
-2.816302555458699786e+00 9.999561758773571896e-01
-2.821048533669679781e+00 9.999577269898713983e-01
-2.825794511880660220e+00 9.999592344961796275e-01
-2.830540490091649986e+00 9.999606992740601719e-01
-2.835286468302629981e+00 9.999621221883647770e-01
-2.840032446513620190e+00 9.999635040915361150e-01
-2.844778424724600185e+00 9.999648458240900650e-01
-2.849524402935580181e+00 9.999661482150623559e-01
-2.854270381146569946e+00 9.999674120824219026e-01
-2.859016359357549941e+00 9.999686382334510570e-01
-2.863762337568540151e+00 9.999698274650934415e-01
-2.868508315779520146e+00 9.999709805642711391e-01
-2.873254293990500141e+00 9.999720983081717973e-01
-2.878000272201489906e+00 9.999731814645064221e-01
-2.882746250412469902e+00 9.999742307917396378e-01
-2.887492228623460111e+00 9.999752470392933024e-01
-2.892238206834440106e+00 9.999762309477238098e-01
-2.896984185045420102e+00 9.999771832488765222e-01
-2.901730163256409867e+00 9.999781046660149997e-01
-2.906476141467389862e+00 9.999789959139296913e-01
-2.911222119678380071e+00 9.999798576990251986e-01
-2.915968097889360067e+00 9.999806907193883321e-01
-2.920714076100340062e+00 9.999814956648372943e-01
-2.925460054311329827e+00 9.999822732169546535e-01
-2.930206032522309822e+00 9.999830240491033306e-01
-2.934952010733300032e+00 9.999837488264291530e-01
-2.939697988944280027e+00 9.999844482058494188e-01
-2.944443967155260022e+00 9.999851228360293609e-01
-2.949189945366249788e+00 9.999857733573477292e-01
-2.953935923577229783e+00 9.999864004018529373e-01
-2.958681901788219992e+00 9.999870045932102158e-01
-2.963427879999199988e+00 9.999875865466413272e-01
-2.968173858210179983e+00 9.999881468688587294e-01
