-1.335540603103084578e+01 5.236226609164152279e+00
-1.327835397897879233e+01 5.735038554545067058e+00
-1.320130192692673887e+01 6.283681712583460310e+00
-1.312424987487468897e+01 6.887283909644107638e+00
-1.304719782282263552e+01 7.551498491657614665e+00
-1.297014577077058561e+01 8.282555674023715397e+00
-1.289309371871853216e+01 9.087318411303408894e+00
-1.281604166666647870e+01 9.973343110537761902e+00
-1.273898961461442880e+01 1.094894552532262821e+01
-1.266193756256237535e+01 1.202327218022304933e+01
-1.258488551051032545e+01 1.320637768648029109e+01
-1.250783345845827199e+01 1.450930831996965864e+01
-1.243078140640622209e+01 1.594419224069210017e+01
-1.235372935435416863e+01 1.752433673939792058e+01
-1.227667730230211518e+01 1.926433290086151828e+01
-1.219962525025006528e+01 2.118016807446290173e+01
-1.212257319819801182e+01 2.328934654063629139e+01
-1.204552114614596192e+01 2.561101875595771560e+01
-1.196846909409390847e+01 2.816611954966506914e+01
-1.189141704204185856e+01 3.097751562969380501e+01
-1.181436498998980511e+01 3.407016273633081482e+01
-1.173731293793775166e+01 3.747127275572891847e+01
-1.166026088588570175e+01 4.121049107320271077e+01
-1.158320883383364830e+01 4.532008440679199168e+01
-1.150615678178159840e+01 4.983513931440023725e+01
-1.142910472972954494e+01 5.479377151224588260e+01
-1.135205267767749149e+01 6.023734607772074412e+01
-1.127500062562544159e+01 6.621070853541837664e+01
-1.119794857357338813e+01 7.276242674039721692e+01
-1.112089652152133823e+01 7.994504337708031017e+01
-1.104384446946928477e+01 8.781533878498606782e+01
-1.096679241741723487e+01 9.643460370315050056e+01
-1.088974036536518142e+01 1.058689213932174198e+02
-1.081268831331312796e+01 1.161894584562431589e+02
-1.073563626126107806e+01 1.274727635000392638e+02
-1.065858420920902461e+01 1.398010726420542085e+02
-1.058153215715697471e+01 1.532626206473011052e+02
-1.050448010510492125e+01 1.679519563017090036e+02
-1.042742805305287135e+01 1.839702604086126598e+02
-1.035037600100081789e+01 2.014256645703618176e+02
-1.027332394894876444e+01 2.204335686786212705e+02
-1.019627189689671454e+01 2.411169547867473284e+02
-1.011921984484466108e+01 2.636066947765033319e+02
-1.004216779279261118e+01 2.880418489606149706e+02
-9.965115740740557726e+00 3.145699524837800141e+02
-9.888063688688507824e+00 3.433472860993622930e+02
-9.811011636636454369e+00 3.745391276094019304e+02
-9.733959584584400915e+00 4.083199799638694003e+02
-9.656907532532351013e+00 4.448737717242461258e+02
-9.579855480480297558e+00 4.843940253092966373e+02
-9.502803428428247656e+00 5.270839881607926145e+02
-9.425751376376194202e+00 5.731567216976749251e+02
-9.348699324324140747e+00 6.228351426724668727e+02
-9.271647272272090845e+00 6.763520113083586693e+02
-9.194595220220037390e+00 7.339498603835363610e+02
-9.117543168167987488e+00 7.958808592461510898e+02
-9.040491116115934034e+00 8.624066065940289718e+02
-8.963439064063884132e+00 9.337978457428948786e+02
-8.886387012011830677e+00 1.010334096041618864e+03
-8.809334959959777223e+00 1.092303194077891476e+03
-8.732282907907727321e+00 1.180000738359269008e+03
-8.655230855855673866e+00 1.273729431257967690e+03
-8.578178803803623964e+00 1.373798312179246068e+03
-8.501126751751570509e+00 1.480521876158506302e+03
-8.424074699699520608e+00 1.594219072416256722e+03
-8.347022647647467153e+00 1.715212177808980869e+03
-8.269970595595413698e+00 1.843825540611410133e+03
-8.192918543543363796e+00 1.980384190657271347e+03
-8.115866491491310342e+00 2.125212312553959237e+03
-8.038814439439260440e+00 2.278631579475440049e+03
-7.961762387387206985e+00 2.440959345929441042e+03
-7.884710335335153530e+00 2.612506698890017560e+03
-7.807658283283103628e+00 2.793576367786719857e+03
-7.730606231231050174e+00 2.984460495044503659e+03
-7.653554179179000272e+00 3.185438270173058754e+03
-7.576502127126946817e+00 3.396773431807162069e+03
-7.499450075074896915e+00 3.618711643594891939e+03
-7.422398023022843461e+00 3.851477751413751776e+03
-7.345345970970790006e+00 4.095272931055633308e+03
-7.268293918918740104e+00 4.350271737252924140e+03
-7.191241866866686649e+00 4.616619066706639387e+03
-7.114189814814636748e+00 4.894427049611388611e+03
-7.037137762762583293e+00 5.183771886036895921e+03
-6.960085710710533391e+00 5.484690645403592498e+03
-6.883033658658479936e+00 5.797178049165200719e+03
-6.805981606606426482e+00 6.121183258661488253e+03
-6.728929554554376580e+00 6.456606691911710186e+03
-6.651877502502323125e+00 6.803296894858417545e+03
-6.574825450450273223e+00 7.161047494220474618e+03
-6.497773398398219769e+00 7.529594260648736054e+03
-6.420721346346169867e+00 7.908612312270671282e+03
-6.343669294294116412e+00 8.297713489938607381e+03
-6.266617242242062957e+00 8.696443936530089559e+03
-6.189565190190009503e+00 9.104281913466124024e+03
-6.112513138137963153e+00 9.520635888184340729e+03
-6.035461086085909699e+00 9.944842926607463596e+03
-5.958409034033856244e+00 1.037616742465617608e+04
-5.881356981981802790e+00 1.081380021255109568e+04
-5.804304929929749335e+00 1.125685806500582112e+04
-5.727252877877702986e+00 1.170438364941926920e+04
-5.650200825825649531e+00 1.215534594281268801e+04
-5.573148773773596076e+00 1.260864114651469026e+04
-5.496096721721542622e+00 1.306309412547170359e+04
-5.419044669669489167e+00 1.351746039654542619e+04
-5.341992617617442818e+00 1.397042868726221604e+04
-5.264940565565389363e+00 1.442062408321005023e+04
-5.187888513513335909e+00 1.486661177865576428e+04
-5.110836461461282454e+00 1.530690144101076839e+04
-5.033784409409236105e+00 1.573995219554172763e+04
-4.956732357357182650e+00 1.616417823226237670e+04
-4.879680305305129195e+00 1.657795503231730618e+04
-4.802628253253075741e+00 1.697962620647026779e+04
-4.725576201201022286e+00 1.736751093364078770e+04
-4.648524149148975937e+00 1.773991198293391426e+04
-4.571472097096922482e+00 1.809512429843801874e+04
-4.494420045044869028e+00 1.843144412242441103e+04
-4.417367992992815573e+00 1.874717862970724309e+04
-4.340315940940762118e+00 1.904065604408944637e+04
-4.263263888888715769e+00 1.931023620735941222e+04
-4.186211836836662314e+00 1.955432157258502775e+04
-4.109159784784608860e+00 1.977136859690046549e+04
-4.032107732732555405e+00 1.995989951506459693e+04
-3.955055680680501951e+00 2.011851448428912408e+04
-3.878003628628455601e+00 2.024590410371960752e+04
-3.800951576576402147e+00 2.034086232902793199e+04
-3.723899524524348692e+00 2.040229982434008707e+04
-3.646847472472295237e+00 2.042925782060670099e+04
-3.569795420420248888e+00 2.042092258183201193e+04
-3.492743368368195434e+00 2.037664061843380841e+04
-3.415691316316141979e+00 2.029593483027755428e+04
-3.338639264264088524e+00 2.017852181013840527e+04
-3.261587212212035070e+00 2.002433059059313382e+04
-3.184535160159988720e+00 1.983352317220997429e+04
-3.107483108107935266e+00 1.960651722636588966e+04
-3.030431056055881811e+00 1.934401141938101864e+04
-2.953379004003828356e+00 1.904701385249468512e+04
-2.876326951951774902e+00 1.871687415034721926e+04
-2.799274899899728553e+00 1.835531975417504145e+04
-2.722222847847675098e+00 1.796449697930716866e+04
-2.645170795795621643e+00 1.754701737364886503e+04
-2.568118743743568189e+00 1.710600985813427906e+04
-2.491066691691521839e+00 1.664517903491445395e+04
-2.414014639639468385e+00 1.616886990761575544e+04
-2.336962587587414930e+00 1.568213906387285169e+04
-2.259910535535361475e+00 1.519083211735942132e+04
-2.182858483483308021e+00 1.470166688890581827e+04
-2.105806431431261672e+00 1.422232141829147804e+04
-2.028754379379208217e+00 1.376152543373238768e+04
-1.951702327327154762e+00 1.332915335713538661e+04
-1.874650275275101308e+00 1.293631627855761872e+04
-1.797598223223047853e+00 1.259544957526962571e+04
-1.720546171171001504e+00 1.232039195075078351e+04
-1.643494119118948049e+00 1.212645058066686761e+04
-1.566442067066894595e+00 1.203044570269176074e+04
-1.489390015014841140e+00 1.205072625872507888e+04
-1.412337962962787685e+00 1.220714590986787334e+04
-1.335285910910741336e+00 1.252098561277255249e+04
-1.258233858858687881e+00 1.301480452622554913e+04
-1.181181806806634427e+00 1.371219461045197750e+04
-1.104129754754580972e+00 1.463740482545243503e+04
-1.027077702702534623e+00 1.581478703202669021e+04
-9.500256506504811682e-01 1.726799776438621120e+04
-8.729735985984277136e-01 1.901887749684956725e+04
-7.959215465463742589e-01 2.108596081800943648e+04
-7.188694944943208043e-01 2.348273052125909817e+04
-6.418174424422744551e-01 2.621603852845635265e+04
-5.647653903902210004e-01 2.928509542825306562e+04
-4.877133383381675458e-01 3.267952798965638794e+04
-4.106612862861140911e-01 3.636967219894316077e+04
-3.336092342340606365e-01 4.027689622662636248e+04
-2.565571821820142873e-01 4.421912587286801863e+04
-1.795051301299608326e-01 4.785822917492187844e+04
-1.024530780779073780e-01 5.071244749506396329e+04
-2.540102602585392333e-02 5.228403308806192945e+04
5.165102602619953132e-02 5.226324459160621336e+04
1.287030780782458805e-01 5.067709026940457261e+04
2.057551301302993352e-01 4.786925654361915076e+04
2.828071821823527898e-01 4.432990961723839428e+04
3.598592342344062445e-01 4.050519429903718265e+04
4.369112862864525937e-01 3.669874630182824330e+04
5.139633383385060483e-01 3.307681202987128927e+04
5.910153903905595030e-01 2.971944577546197979e+04
6.680674424426129576e-01 2.666503226887738856e+04
7.451194944946664123e-01 2.393236607327638922e+04
8.221715465467127615e-01 2.152792109889745552e+04
8.992235985987662161e-01 1.944826977674177033e+04
9.762756506508196708e-01 1.768210312728301869e+04
1.053327702702873125e+00 1.621244944920531998e+04
1.130379754754926580e+00 1.501869203223394834e+04
1.207431806806972929e+00 1.407815343868766831e+04
1.284483858859026384e+00 1.336725258049902368e+04
1.361535910911079839e+00 1.286232588080262576e+04
1.438587962963133293e+00 1.254020244582847772e+04
1.515640015015186748e+00 1.237860078951657488e+04
1.592692067067233097e+00 1.235639468876911269e+04
1.669744119119286552e+00 1.245378176418644216e+04
1.746796171171340006e+00 1.265237904632759091e+04
1.823848223223393461e+00 1.293526351273390355e+04
1.900900275275439810e+00 1.328697126812066927e+04
1.977952327327493265e+00 1.369346599316401989e+04
2.055004379379546720e+00 1.414208506623771427e+04
2.132056431431600174e+00 1.462147008664587702e+04
2.209108483483653629e+00 1.512148721755240149e+04
2.286160535535699978e+00 1.563314170714401007e+04
2.363212587587753433e+00 1.614849006510066647e+04
2.440264639639806887e+00 1.666055262318921450e+04
2.517316691691860342e+00 1.716322856636032884e+04
2.594368743743913797e+00 1.765121496766500786e+04
2.671420795795960146e+00 1.811993088662975424e+04
2.748472847848013600e+00 1.856544718991070476e+04
2.825524899900067055e+00 1.898442242010952032e+04
2.902576951952120510e+00 1.937404476898454232e+04
2.979629004004173964e+00 1.973198000008490271e+04
3.056681056056220314e+00 2.005632500773276479e+04
3.133733108108273768e+00 2.034556658841326862e+04
3.210785160160327223e+00 2.059854493075277060e+04
3.287837212212380678e+00 2.081442129494713663e+04
3.364889264264427027e+00 2.099264934536556757e+04
3.441941316316480481e+00 2.113294961500351928e+04
3.518993368368533936e+00 2.123528661184640077e+04
3.596045420420587391e+00 2.129984811998895384e+04
3.673097472472640845e+00 2.132702629816857734e+04
3.750149524524687195e+00 2.131740023157541873e+04
3.827201576576740649e+00 2.127171964647334971e+04
3.904253628628794104e+00 2.119088954906259823e+04
3.981305680680847559e+00 2.107595559851324651e+04
4.058357732732901013e+00 2.092809006811443032e+04
4.135409784784947362e+00 2.074857828738796525e+04
4.212461836837000817e+00 2.053880549154302207e+04
4.289513888889054272e+00 2.030024403282253115e+04
4.366565940941107726e+00 2.003444093133822389e+04
4.443617992993161181e+00 1.974300576128445755e+04
4.520670045045207530e+00 1.942759888241683802e+04
4.597722097097260985e+00 1.908992003688593104e+04
4.674774149149314439e+00 1.873169733844268558e+04
4.751826201201367894e+00 1.835467668517873608e+04
4.828878253253414243e+00 1.796061162880559277e+04
4.905930305305467698e+00 1.755125373343700267e+04
4.982982357357521153e+00 1.712834345530702558e+04
5.060034409409574607e+00 1.669360157216564403e+04
5.137086461461628062e+00 1.624872118754022085e+04
5.214138513513674411e+00 1.579536033087957367e+04
5.291190565565727866e+00 1.533513517001943910e+04
5.368242617617781320e+00 1.486961384759944303e+04
5.445294669669834775e+00 1.440031094816326731e+04
5.522346721721888230e+00 1.392868259780921107e+04
5.599398773773934579e+00 1.345612219351782915e+04
5.676450825825988034e+00 1.298395675474694690e+04
5.753502877878041488e+00 1.251344388561170308e+04
5.830554929930094943e+00 1.204576933200187887e+04
5.907606981982141292e+00 1.158204511437035762e+04
5.984659034034194747e+00 1.112330821367382850e+04
6.061711086086248201e+00 1.067051978508098000e+04
6.138763138138301656e+00 1.022456487158746131e+04
6.215815190190355111e+00 9.786252587599159597e+03
6.292867242242401460e+00 9.356316740856487741e+03
6.369919294294454915e+00 8.935416859768065478e+03
6.446971346346508369e+00 8.524139592289480788e+03
6.524023398398561824e+00 8.123000441903658611e+03
6.601075450450615278e+00 7.732445806019578413e+03
6.678127502502661628e+00 7.352855282180170434e+03
6.755179554554715082e+00 6.984544207837669092e+03
6.832231606606768537e+00 6.627766400091540163e+03
6.909283658658821992e+00 6.282717062661664386e+03
6.986335710710875446e+00 5.949535828466317980e+03
7.063387762762921795e+00 5.628309907459578426e+03
7.140439814814975250e+00 5.319077310832299190e+03
7.217491866867028705e+00 5.021830124268356485e+03
7.294543918919082159e+00 4.736517804645765864e+03
7.371595970971128509e+00 4.463050476359386266e+03
7.448648023023181963e+00 4.201302205290682650e+03
7.525700075075235418e+00 3.951114230341242546e+03
7.602752127127288873e+00 3.712298134356293303e+03
7.679804179179342327e+00 3.484638938176062311e+03
7.756856231231388676e+00 3.267898103445472771e+03
7.833908283283442131e+00 3.061816431671824375e+03
7.910960335335495586e+00 2.866116848831209609e+03
7.988012387387549040e+00 2.680507066572938129e+03
8.065064439439602495e+00 2.504682112748805139e+03
8.142116491491648844e+00 2.338326725588497993e+03
8.219168543543702299e+00 2.181117607347679950e+03
8.296220595595755753e+00 2.032725534664990164e+03
8.373272647647809208e+00 1.892817324172556710e+03
8.450324699699862663e+00 1.761057653110392266e+03
8.527376751751909012e+00 1.637110735794454513e+03
8.604428803803962467e+00 1.520641857781696672e+03
8.681480855856015921e+00 1.411318770463631836e+03
8.758532907908069376e+00 1.308812949603356401e+03
8.835584959960115725e+00 1.212800722013627592e+03
8.912637012012169180e+00 1.122964265157143473e+03
8.989689064064222634e+00 1.038992484939815313e+03
9.066741116116276089e+00 9.605817773670054294e+02
9.143793168168329544e+00 8.874366800475313539e+02
9.220845220220375893e+00 8.192704197649970865e+02
9.297897272272429348e+00 7.558053624969944622e+02
9.374949324324482802e+00 6.967733723556561927e+02
9.452001376376536257e+00 6.419160859533897110e+02
9.529053428428589712e+00 5.909851086721255342e+02
9.606105480480636061e+00 5.437421392381780834e+02
9.683157532532689515e+00 4.999590288841442316e+02
9.760209584584742970e+00 4.594177812197251001e+02
9.837261636636796425e+00 4.219104987401261155e+02
9.914313688688849879e+00 3.872392816794974237e+02
9.991365740740896229e+00 3.552160846721551479e+02
1.006841779279294968e+01 3.256625364210461839e+02
1.014546984484500314e+01 2.984097272954050482e+02
1.022252189689705659e+01 2.732979694915896971e+02
1.029957394894910294e+01 2.501765340967535280e+02
1.037662600100115640e+01 2.289033690972526642e+02
1.045367805305320985e+01 2.093448020758540338e+02
1.053073010510526331e+01 1.913752310462921002e+02
1.060778215715731676e+01 1.748768065831802971e+02
1.068483420920936311e+01 1.597391081215000952e+02
1.076188626126141656e+01 1.458588170247772382e+02
1.083893831331347002e+01 1.331393887560571159e+02
1.091599036536552347e+01 1.214907262320155894e+02
1.099304241741757693e+01 1.108288561991130905e+02
1.107009446946962328e+01 1.010756102421670590e+02
1.114714652152167673e+01 9.215831182070965610e+01
1.122419857357373019e+01 8.400947052731062570e+01
1.130125062562578364e+01 7.656648457477537306e+01
1.137830267767783710e+01 6.977135234587963453e+01
1.145535472972988345e+01 6.357039367983090727e+01
1.153240678178193690e+01 5.791398142376326064e+01
1.160945883383399035e+01 5.275628364491635836e+01
1.168651088588604381e+01 4.805501677923983550e+01
1.176356293793809016e+01 4.377120988456738360e+01
1.184061498999014361e+01 3.986898007058088211e+01
1.191766704204219707e+01 3.631531909299300054e+01
1.199471909409425052e+01 3.307989102502436651e+01
1.207177114614630398e+01 3.013484085473934115e+01
1.214882319819835033e+01 2.745461380141363605e+01
1.222587525025040378e+01 2.501578509719887933e+01
1.230292730230245724e+01 2.279689994125351404e+01
1.237997935435451069e+01 2.077832330155252549e+01
1.245703140640656414e+01 1.894209921416531728e+01
1.253408345845861049e+01 1.727181921025113454e+01
1.261113551051066395e+01 1.575249948679301326e+01
1.268818756256271740e+01 1.437046642760403614e+01
1.276523961461477086e+01 1.311325007584806457e+01
1.284229166666682431e+01 1.196948515773491550e+01
1.291934371871887066e+01 1.092881925868515580e+01
1.299639577077092412e+01 9.981827757685190150e+00
1.307344782282297757e+01 9.119935132359332286e+00
1.315049987487503103e+01 8.335342256091418989e+00
1.322755192692707737e+01 7.620959319003334009e+00
1.330460397897913083e+01 6.970344016417593380e+00
1.338165603103118428e+01 6.377644661324565867e+00
1.345870808308323774e+01 5.837547891080521190e+00
1.353576013513529119e+01 5.345230652863572018e+00
