wno	int
32442.77905	-134.09349
32442.46434	-67.51989
32442.14544	-65.85172
32441.83074	-5.60533
32441.51606	-164.5464
32441.20138	-211.06084
32440.88355	-174.07935
32440.56888	-178.69686
32440.25422	-238.38508
32439.9364	-196.36227
32439.62175	-132.86777
32439.30711	-268.61624
32438.98932	-289.31816
32438.67469	-240.06338
32438.35901	-215.98929
32438.04439	-178.32318
32437.72662	-102.11274
32437.41201	-71.53738
32437.09741	-18.45762
32436.77966	112.92465
32436.46507	115.28839
32436.15049	61.82664
32435.83276	46.40212
32435.51819	-35.92283
32435.20363	-57.98435
32434.88907	-14.56234
32434.57031	-72.61606
32434.25576	-53.1661
32433.94122	24.60065
32433.62354	-25.095
32433.30901	-11.58068
32432.99449	112.46499
32432.67682	231.22866
32432.36231	124.85591
32432.04781	108.96031
32431.73015	64.90483
32431.41566	52.16043
32431.10013	-60.92847
32430.78565	87.47836
32430.46802	49.76307
32430.15356	-103.85317
32429.8391	-131.51717
32429.52149	-193.41571
32429.20704	-216.73953
32428.8926	-135.07643
32428.57501	64.87415
32428.26058	48.36501
32427.94616	106.64826
32427.63069	12.40384
32427.31312	4.02126
32426.99872	13.35178
32426.68432	9.54462
32426.36677	51.50912
32426.05239	105.28995
32425.73801	45.56091
32425.42048	-21.41892
32425.10611	-40.53116
32424.79175	-71.98208
32424.47424	-99.55334
32424.15884	-68.17364
32423.8445	-53.81788
32423.53016	-4.7406
32423.21267	-42.36638
32422.89835	60.88407
32422.58403	24.06142
32422.26656	-23.68882
32421.95226	-0.35578
32421.63795	74.61175
32421.32051	2.10168
32421.00622	121.71201
32420.69194	125.33079
32420.37661	85.31094
32420.05919	46.30985
32419.74492	111.15471
32419.43066	27.42677
32419.11326	89.05928
32418.79901	78.09117
32418.48477	90.6499
32418.16739	45.72432
32417.85316	45.07881
32417.53894	36.4015
32417.22157	100.509
32416.90631	78.96132
32416.59211	16.64778
32416.27791	44.43125
32415.96057	84.68876
32415.64638	19.37602
32415.33221	-0.17189
32415.01488	-27.12892
32414.70072	-59.05345
32414.38655	-138.82377
32414.06925	-122.2623
32413.7551	-68.96951
32413.44096	-19.03692
32413.12577	29.4363
32412.80849	15.45888
32412.49437	-6.40344
32412.18025	-54.69584
32411.86299	-52.59882
32411.54888	-139.5794
32411.23478	-65.10572
32410.91754	24.30102
32410.60345	53.70331
32410.28937	84.4798
32409.97215	122.32774
32409.65703	67.11355
32409.34297	-15.44804
32409.02891	83.20438
32408.71171	49.53318
32408.39766	3.90051
32408.08363	26.27551
32407.76644	34.57428
32407.45242	-41.91528
32407.1384	37.69965
32406.82123	38.178
32406.50723	56.99481
32406.19218	75.33
32405.87818	44.5541
32405.56104	-55.89201
32405.24706	52.57698
32404.93308	39.00456
32404.61596	71.28601
32404.302	88.65089
32403.98804	109.59215
32403.67093	20.54654
32403.35699	-44.10743
32403.04305	-101.00189
32402.72491	-135.5752
32402.41099	-117.82313
32402.09706	-108.35958
32401.78315	-154.89998
32401.46609	-147.90086
32401.15218	-98.09398
32400.83829	-129.75292
32400.52125	-107.91435
32400.20736	57.13823
32399.89348	48.93515
32399.57646	-2.38615
32399.26259	44.44566
32398.94768	54.49247
32398.63383	-62.72816
32398.31683	-34.11216
32398.00299	24.78417
32397.68915	-33.69059
32397.37217	-12.46423
32397.05835	29.89422
32396.74453	87.33772
32396.42757	54.82395
32396.11376	158.89854
32395.79996	169.62846
32395.48617	188.73156
32395.16818	87.70971
32394.8544	154.74836
32394.54063	100.00908
32394.22371	87.46416
32393.90994	101.9873
32393.59619	185.60895
32392.96554	75.99576
32392.6518	-132.9792
32392.33492	-82.75798
32392.0212	-212.83469
32391.70643	-199.47127
32391.39271	-257.91463
32391.07586	-135.30015
32390.76215	-169.58865
32390.44846	-94.65137
32390.13162	-76.48014
32389.81794	-3.22704
32389.50426	-10.55392
32389.18744	-36.88493
32388.87377	-0.62995
32388.56011	-73.83917
32388.24541	-50.98033
32387.92862	0.73399
32387.61498	114.84582
32387.30134	113.21927
32386.98456	131.50842
32386.67094	137.58295
32386.35732	77.2883
32386.04057	19.80816
32385.72696	53.53499
32385.41336	43.537
32385.09662	22.67316
32384.78199	72.69381
32384.46841	-1.12351
32384.15483	-60.5237
32383.83812	-26.11116
32383.52456	-32.72066
32383.211	-69.1535
32382.89431	-58.83803
32382.58076	-10.01383
32382.26722	-58.33368
32381.95055	-126.44604
32381.63702	-69.44737
32381.3235	-17.0834
32381.00894	-136.95626
32380.69229	-135.16674
32380.37879	8.21622
32380.06529	41.37278
32379.74866	46.44562
32379.43517	166.92327
32379.1217	231.1187
32378.80508	226.72001
32378.49162	171.14055
32378.17816	173.36551
32377.86156	151.64699
32377.54706	151.96285
32377.23362	47.72775
32376.92019	63.41438
32376.60362	37.72428
32376.2902	29.82289
32375.97678	-36.79286
32375.66022	-20.08032
32375.34682	-44.55339
32375.03342	-10.92945
32374.71689	-11.87975
32374.4035	18.27771
32374.09012	-7.98888
32373.7757	-12.76028
32373.45919	-24.29092
32373.14583	-20.89297
32372.83247	54.55217
32372.51598	88.46006
32372.20264	114.79309
32371.8893	92.9809
32371.57283	86.19442
32371.2595	21.32789
32370.94618	41.84289
32370.62973	72.99927
32370.31537	81.90214
32370.00207	67.79781
32369.68878	45.33189
32369.37235	18.76767
32369.05906	-49.10354
32368.74579	-27.25396
32368.42937	-41.99044
32368.11611	-5.55667
32367.80285	25.67182
32367.48646	21.90104
32367.17321	8.82165
32366.85893	-26.13182
32366.54569	-52.18099
32366.22932	-62.30983
32365.9161	-15.14087
32365.60289	-52.29217
32365.28653	29.84527
32364.97333	27.00915
32364.66013	62.88925
32364.3438	48.68689
32364.03062	95.05072
32363.71744	37.3128
32363.40008	52.26111
32363.08691	27.54373
32362.77375	-6.41823
32362.46059	11.7522
32362.1443	59.29159
32361.83116	8.88239
32361.51803	-4.97691
32361.20175	1.65526
32360.88863	-71.73457
32360.57551	-94.03523
32360.25926	-48.97794
32359.94615	-50.7568
32359.63201	16.45985
32359.31891	82.23905
32359.00268	73.0381
32358.6896	94.95404
32358.37653	133.17515
32358.06032	62.16371
32357.74725	115.66802
32357.4342	98.65398
32357.118	82.20304
32356.80496	68.27005
32356.49192	106.93436
32356.17889	9.39755
32355.86167	40.82487
32355.54865	115.41311
32355.23564	83.50468
32354.91949	-10.35671
32354.60649	-39.12607
32354.29349	-37.51145
32353.97736	-85.65023
32353.66438	-82.02189
32353.3514	3.08858
32353.03529	71.59685
32352.72232	90.75344
32352.40831	8.72512
32352.09536	20.426
32351.77927	6.60503
32351.46633	16.1801
32351.15339	-6.92617
32350.83733	36.41733
32350.5244	53.23757
32350.21148	36.66909
32349.89543	15.71117
32349.58253	55.82059
32349.26963	81.6121
32348.95569	44.65066
32348.63966	129.42329
32348.32678	149.65958
32348.01391	146.41746
32347.6979	195.2862
32347.38504	197.30516
32347.07218	98.50723
32346.75619	155.20848
32346.44335	177.08458
32346.13051	90.9278
32345.81454	67.32382
32345.50066	63.60477
32345.18784	1.08651
32344.87503	-65.3071
32344.55908	-13.18133
32344.24628	68.19769
32343.93349	92.48214
32343.61756	66.10576
32343.30477	136.72892
32342.992	73.01083
32342.67609	-1.5238
32342.36332	21.35667
32342.05056	67.73628
32341.73676	-27.76326
32341.42088	7.71081
32341.10814	81.20267
32340.7954	23.67179
32340.47953	38.82048
32340.16681	35.43277
32339.85409	59.55862
32339.53825	4.33573
32339.22554	32.16198
32338.91284	-17.31174
32338.59701	62.67575
32338.28328	-0.13669
32337.9706	62.43324
32337.65792	80.13085
32337.34212	-8.23179
32337.02946	-49.01169
32336.7168	-27.54683
32336.40101	-46.76264
32336.08837	-17.23967
32335.77573	40.84527
32335.45996	101.86256
32335.14734	125.26188
32334.83472	102.77962
32334.52106	42.22612
32334.20531	71.32031
32333.89271	43.50778
32333.58011	39.38598
32333.26439	13.5749
32332.9518	-4.57883
32332.63923	-25.69321
32332.32352	-1.34281
32332.01095	5.5657
32331.69839	18.24608
32331.38271	93.28445
32331.06911	145.53998
32330.75657	143.68184
32330.44404	79.06437
32330.12837	95.34167
32329.81585	91.71714
32329.50333	67.02386
32329.18769	2.07948
32328.87518	80.38513
32328.56268	75.07973
32328.24705	18.59105
32327.93457	-57.69386
32327.62104	-6.46649
32327.30857	34.39547
32326.99296	-4.02515
32326.6805	18.21644
32326.36805	58.23253
32326.05246	87.53347
32325.74002	25.83833
32325.42758	81.60198
32325.11201	101.98075
32324.79959	89.44019
32324.48717	63.87297
32324.17057	31.77307
32323.85817	-14.82825
32323.54576	-71.28899
32323.23337	-17.59664
32322.91784	-74.2731
32322.60546	-20.04705
32322.29308	45.62911
32321.97758	98.16618
32321.66521	72.84389
32321.35285	100.80315
32321.03737	100.04475
32320.72502	62.1552
32320.41163	53.54415
32320.0993	44.31857
32319.78383	96.89278
32319.47151	91.75979
32319.1592	59.77442
32318.84375	77.49098
32318.53145	112.11371
32318.21915	4.56629
32317.90372	11.09892
32317.59143	38.66271
32317.27915	-32.08576
32316.96688	-73.27707
32316.65043	3.80161
32316.33817	-3.7995
32316.02591	14.10456
32315.71053	36.74613
32315.39829	128.05626
32315.08605	139.27826
32314.77068	159.22914
32314.45846	125.57477
32314.14624	144.08251
32313.83089	20.89636
32313.51868	20.91512
32313.20544	-57.95092
32312.89324	-29.34603
32312.57792	-53.30927
32312.26574	-1.16651
32311.95356	-39.32962
32311.63825	27.96136
32311.32609	-0.09277
32311.01393	36.39778
32310.69864	14.07357
32310.3865	49.48314
32310.07436	36.07276
32309.76118	45.8219
32309.44592	-4.65066
32309.13379	96.62544
32308.82167	55.48274
32308.50643	51.68182
32308.19433	56.14264
32307.88223	45.05932
32307.567	-36.94521
32307.25492	-6.80773
32306.94284	-42.43443
32306.62763	-30.75831
32306.31452	-2.12679
32306.00246	7.04969
32305.6904	-14.51427
32305.37522	16.77221
32305.06317	5.61731
32304.75113	22.26465
32304.43597	-11.72967
32304.12394	-10.95215
32303.81192	-59.45364
32303.49678	-77.17301
32303.18477	-92.72603
32302.87277	-64.31962
32302.55973	-44.59968
32302.24461	12.53855
32301.93262	17.38441
32301.62065	51.91828
32301.30554	67.67019
32300.99358	-1.36381
32300.68162	-42.7109
32300.36653	-17.47871
32300.05459	-44.48057
32299.74265	-32.74073
32299.42758	13.9258
32299.11461	58.40862
32298.80268	18.75793
32298.49077	69.4813
32298.17572	21.97656
32297.86382	35.90928
32297.55192	24.28048
32297.2369	7.14937
32296.92501	7.2859
32296.61313	28.21492
32296.29812	18.28146
32295.98625	41.23794
32295.67439	67.75684
32295.36149	31.91598
32295.04651	31.58501
32294.73467	78.15303
32294.42283	34.62594
32294.10787	42.08848
32293.79604	120.32687
32293.48422	127.34299
32293.16927	58.62546
32292.85747	71.59344
32292.54566	45.18767
32292.23074	-0.54951
32291.9179	-24.00732
32291.60612	27.94751
32291.29434	38.03583
32290.97944	43.10003
32290.66767	117.22358
32290.35591	134.11827
32290.04103	174.95713
32289.72928	183.2028
32289.41754	323.35228
32289.10268	360.11536
32288.79095	506.67047
32288.47818	662.58439
32288.16646	939.8689
32287.85162	1086.36346
32287.53992	1132.74237
32287.22822	1220.24092
32286.91339	1309.63432
32286.60171	1197.94917
32286.29002	1209.95738
32285.97522	1224.53584
32285.66355	1251.04053
32285.35189	1177.94677
32285.03606	1160.52348
32284.72441	1016.21351
32284.41276	962.25077
32284.10112	842.17031
32283.78636	703.78261
32283.47473	540.88145
32283.16311	462.9044
32282.84837	383.49439
32282.53676	276.98444
32282.22516	288.18259
32281.91043	313.32403
32281.59884	297.4973
32281.28622	278.68769
32280.97464	242.91273
32280.65994	112.54518
32280.34837	116.78503
32280.03681	57.9473
32279.72213	86.87103
32279.41058	58.83633
32279.09903	66.94987
32278.78437	46.04811
32278.47284	66.69464
32278.16132	9.1585
32277.8498	31.44858
32277.53412	31.86254
32277.22261	52.46205
32276.91111	22.93378
32276.59649	4.03646
32276.285	34.32211
32275.97352	52.14243
32275.65891	21.15204
32275.34744	89.60566
32275.03598	51.08018
32274.7214	45.65302
32274.40994	39.44969
32274.09745	56.19717
32273.78601	16.90888
32273.47145	116.75252
32273.16003	137.49686
32272.8486	175.70596
32272.53406	137.10317
32272.22265	144.83774
32271.91125	146.43619
32271.59673	79.2544
32271.28533	42.67562
32270.97395	89.389
32270.66153	99.1013
32270.34703	20.55924
32270.03566	-8.77846
32269.7243	-0.27064
32269.40982	-45.65853
32269.09847	-13.1987
32268.78712	15.88095
32268.47266	110.35273
32268.16133	211.40065
32267.85	317.69205
32267.53556	388.84442
32267.2232	517.70458
32266.9119	566.07748
32266.60059	624.01136
32266.28617	650.75003
32265.97488	662.89999
32265.6636	664.80416
32265.3492	730.3876
32265.03793	652.60147
32264.72666	649.96691
32264.41228	604.32311
32264.10103	513.95162
32263.78978	438.19864
32263.4775	383.55084
32263.16314	328.14253
32262.85191	226.27129
32262.54068	171.33195
32262.22634	62.259
32261.91513	35.56604
32261.60393	-11.95118
32261.2896	-45.42121
32260.97841	-36.35513
32260.66722	-41.02226
32260.35292	-63.83409
32260.0407	-55.39874
32259.72953	8.31424
32259.41837	-81.70125
32259.10409	-43.1975
32258.79294	-35.40837
32258.4818	-54.82618
32258.16753	-62.86759
32257.8564	71.76578
32257.54527	83.51076
32257.23103	56.31706
32256.91992	57.84526
32256.60881	69.31636
32256.29666	0.5854
32255.98244	34.61361
32255.67135	8.38857
32255.36027	52.19411
32255.04607	49.27644
32254.735	114.71395
32254.42393	84.36133
32254.10975	132.18413
32253.79869	109.08274
32253.48764	118.60985
32253.17348	117.53698
32252.8614	133.41735
32252.55037	139.5804
32252.23935	164.11149
32251.92521	170.07218
32251.61419	129.41605
32251.30319	90.20971
32250.98907	96.69956
32250.67807	74.27883
32250.36708	63.16747
32250.05298	106.1536
32249.742	136.46502
32249.42999	154.70711
32249.11903	152.4719
32248.80495	165.02652
32248.494	118.08425
32248.18305	75.88973
32247.86899	59.72757
32247.55805	55.49444
32247.24713	16.99826
32246.93308	38.92399
32246.62217	55.7987
32246.31126	42.43411
32245.99619	36.59777
32245.68529	54.80333
32245.3744	37.63894
32245.06351	37.24686
32244.74951	63.86204
32244.43864	26.40991
32244.12777	24.24332
32243.81379	13.58493
32243.50293	2.30482
32243.19208	-28.67255
32242.87812	23.29385
32242.56728	-38.28715
32242.25541	-51.32606
32241.94458	-17.8994
32241.63064	-37.06475
32241.31983	-95.45598
32241.00902	-34.37452
32240.6951	17.53499
32240.38431	-25.01284
32240.07352	-12.29349
32239.75961	39.18341
32239.44883	31.57096
32239.13806	-4.49294
32238.8273	50.87278
32238.51238	55.30431
32238.20162	-3.59515
32237.89088	23.38788
32237.57702	18.72499
32237.26628	23.16393
32236.95555	24.51429
32236.64171	64.56283
32236.33099	11.53468
32236.02028	-6.58097
32235.70645	-53.61263
32235.39575	-27.11556
32235.08402	-28.54304
32234.77333	-10.79666
32234.45953	19.88077
32234.2538	230.28712
32233.94001	310.97007
32233.62935	349.83568
32233.31869	335.93472
32233.00388	336.13829
32232.69323	297.29488
32232.38259	222.33797
32232.07195	205.02177
32231.7582	246.00852
32231.44758	232.30992
32231.13696	251.44874
32230.82323	242.41897
32230.51263	252.33458
32230.20203	139.39904
32229.88832	200.68666
32229.57773	143.29601
32229.26611	170.72386
32228.95553	111.62384
32228.64185	146.32432
32228.33128	98.85712
32228.02072	111.40645
32227.70706	56.61871
32227.39651	121.92954
32227.08597	127.99948
32226.77232	151.73205
32226.46179	157.06704
32226.15127	148.06525
32225.84075	57.61396
32225.52609	66.21726
32225.21559	103.65563
32224.90509	23.48089
32224.59148	120.50361
32224.281	153.02862
32223.97052	149.83232
32223.65693	57.97825
32223.34646	70.29453
32223.036	18.59864
32222.72243	89.99436
32222.41198	119.44825
32222.10049	143.21955
32221.79006	143.94269
32221.47651	109.47765
32221.16608	-14.43716
32220.85566	21.99575
32220.54214	70.14813
32220.23173	115.80896
32219.92133	216.54725
32219.60782	283.13466
32219.29743	210.92898
32218.98704	181.16227
32218.67563	175.5367
32218.36214	83.97481
32218.05177	68.82614
32217.74141	122.15889
32217.42795	50.386
32217.1176	6.08167
32216.80726	91.61507
32216.49381	69.79248
32216.18348	61.41344
32215.87315	157.25958
32215.55972	178.01636
32215.24837	93.53414
32214.93807	71.11826
32214.62777	26.98584
32214.31436	-2.44174
32214.00407	-35.47941
32213.69379	-53.02487
32213.3804	23.30937
32213.07013	20.84309
32212.75987	-16.6923
32212.4465	51.31639
32212.13624	37.12388
32211.826	14.61981
32211.51472	-14.95857
32211.20137	-57.29543
32210.89115	-56.03643
32210.58092	-29.65029
32210.2676	-56.78815
32209.95739	-15.86912
32209.64718	47.99024
32209.33387	0.3618
32209.02368	40.04648
32208.71349	69.69786
32208.4002	53.11555
32208.08899	85.44805
32207.77882	91.288
32207.46866	88.97865
32207.15539	23.34216
32206.84524	65.59952
32206.5351	44.42709
32206.22185	97.30256
32205.91172	85.83756
32205.60159	159.16847
32205.28836	104.48219
32204.97825	121.52772
32204.66814	66.47744
32204.357	43.92889
32204.04379	2.57458
32203.7337	8.49815
32203.42362	23.84477
32203.11043	50.73758
32202.80036	41.83028
32202.49029	17.67756
32202.17712	73.02346
32201.86706	38.97564
32201.55702	43.10895
32201.24386	67.53582
32200.93279	97.36088
32200.62276	46.25664
32200.31274	68.87493
32199.99961	82.05711
32199.68959	52.68773
32199.37959	76.95182
32199.06648	63.14923
32198.75648	40.57156
32198.4465	-0.21982
32198.1334	-43.93119
32197.82343	-37.39493
32197.51242	20.359
32197.20246	35.79527
32196.88939	87.82607
32196.57944	159.14054
32196.26949	112.91787
32195.95644	79.67871
32195.6465	102.13192
32195.33658	96.32625
32195.02354	78.00584
32194.71363	15.07923
32194.40372	-7.86762
32194.08967	-21.61651
32193.77977	-58.69011
32193.46988	-69.24253
32193.15999	-20.63239
32192.847	6.96368
32192.53713	5.14912
32192.22726	-4.37706
32191.91429	-3.32896
32191.60443	12.94739
32191.29458	41.31662
32190.98163	68.98008
32190.67179	100.41185
32190.36092	103.49606
32190.05109	157.52924
32189.73816	137.84398
32189.42835	114.71399
32189.11854	104.78578
32188.80563	123.31025
32188.49583	101.74193
32188.18604	70.76608
32187.87315	68.41856
32187.56337	116.46245
32187.2536	119.90271
32186.94383	111.66382
32186.62992	259.96977
32186.32017	307.35476
32186.01042	303.87761
32185.69757	340.36545
32185.38783	413.97921
32185.0781	303.64277
32184.76527	287.16216
32184.45555	280.08012
32184.14584	302.54866
32183.83302	285.71439
32183.52332	283.23594
32183.21259	213.1603
32182.9029	193.08298
32182.59011	222.4038
32182.28044	151.11001
32181.97077	138.01146
32181.65799	164.73955
32181.34833	148.22496
32181.03868	35.98847
32180.72593	110.75032
32180.41629	151.72891
32180.10665	167.80624
32179.79599	131.77874
32179.48326	178.45666
32179.17364	135.4232
32178.86403	90.52063
32178.55132	77.56725
32178.24172	139.34263
32177.93212	90.73446
32177.61943	90.2634
32177.30985	98.60558
32177.00027	0.17925
32176.6876	-48.02486
32176.377	-24.99753
32176.06744	-46.48089
32175.75789	-66.1428
32175.44524	-7.50465
32175.1357	-27.72799
32174.82617	-53.71892
32174.51353	-61.35465
32174.20401	-55.48819
32173.89449	-3.3196
32173.58188	50.03376
32173.27238	92.49369
32172.96288	62.69036
32172.65235	79.67311
32172.33976	93.31437
32172.03028	94.25613
32171.72081	29.28185
32171.40823	88.34661
32171.09877	129.65473
32170.78932	112.12697
32170.47676	126.12413
32170.16732	123.19879
32169.85788	143.41721
32169.54534	85.54856
32169.23488	60.60457
32168.92546	85.95424
32168.61605	120.43058
32168.30353	136.45435
32167.99413	167.51256
32167.68474	207.72626
32167.37224	122.50244
32167.06286	130.05493
32166.75348	80.82759
32166.441	74.37671
32166.13164	38.56371
32165.82228	32.47193
32165.51189	76.47437
32165.19944	52.30206
32164.89009	50.97469
32164.58076	58.03769
32164.26832	64.65807
32163.959	45.11869
32163.64968	44.87421
32163.33726	26.38207
32163.02796	-43.80967
32162.71866	-17.11914
32162.40626	-54.64842
32162.09593	-59.91749
32161.78665	-56.72206
32161.47737	62.37088
32161.165	106.68313
32160.85574	106.3004
32160.54648	96.45818
32160.23412	111.89165
32159.92487	67.4807
32159.61563	-28.35579
32159.3033	-16.37629
32158.99407	55.0965
32158.68381	50.42022
32158.37459	27.91907
32158.06228	100.00668
32157.75307	106.55571
32157.44387	104.58367
32157.13158	127.45984
32156.82239	89.57918
32156.51321	47.80436
32156.20093	54.2381
32155.89176	16.81712
32155.5826	9.01889
32155.26931	44.43606
32154.96016	40.17014
32154.65101	19.75594
32154.34187	47.29966
32154.02963	39.11767
32153.72051	70.56365
32153.41139	71.20291
32153.09917	19.21597
32152.79006	20.91775
32152.48095	24.56759
32152.16876	45.86989
32151.85966	83.2335
32151.54954	117.02636
32151.24046	127.87038
32150.92829	130.15144
32150.61922	77.81214
32150.31016	89.87653
32149.998	129.98737
32149.68895	91.2195
32149.37991	46.23409
32149.06777	134.47398
32148.75874	146.14369
32148.44971	153.66607
32148.14069	160.2242
32147.82754	211.61307
32147.51853	116.47221
32147.20953	79.03031
32146.89743	79.8078
32146.58844	5.90956
32146.27946	-45.12585
32145.96738	10.70588
32145.65841	21.50477
32145.34944	-2.54603
32145.03738	84.71682
32144.72843	82.44254
32144.41844	39.59697
32144.1095	60.3406
32143.79746	80.11152
32143.48853	50.43399
32143.17961	112.22367
32142.86759	126.82856
32142.55868	102.12317
32142.24977	105.19477
32141.93777	99.84543
32141.62887	106.15683
32141.31998	133.99163
32141.01007	168.60111
32140.69809	178.28983
32140.38922	198.44363
32140.08035	155.7744
32139.7684	183.91706
32139.45954	157.83878
32139.1507	114.09378
32138.83875	114.30865
32138.52992	77.38311
32138.22109	-0.96305
32137.90917	-35.03011
32137.59932	-43.29511
32137.29051	-71.00243
32136.9817	-40.29964
32136.6698	-57.38362
32136.36101	-48.75374
32136.05222	-17.78668
32135.74034	13.57331
32135.43156	54.85563
32135.12279	120.8766
32134.81093	132.50507
32134.50217	121.9649
32134.19342	87.94354
32133.88364	56.79432
32133.5718	46.08674
32133.26307	12.24889
32132.95434	12.87636
32132.64252	48.51681
32132.3338	59.70719
32132.02509	35.04032
32131.71329	91.23102
32131.40459	83.6266
32131.0959	137.11357
32130.78412	128.72525
32130.4744	138.81355
32130.16573	115.61324
32129.85706	112.33716
32129.5453	63.51937
32129.23664	78.81922
32128.92799	122.58717
32128.61625	188.30681
32128.30761	188.0446
32127.99898	236.6147
32127.68725	230.6985
32127.37863	199.52025
32127.07002	140.52368
32126.76037	179.08413
32126.44867	135.98669
32126.14008	123.52574
32125.83148	118.59368
32125.5198	119.72892
32125.21122	120.84484
32124.90265	175.0375
32124.59099	108.65592
32124.28242	85.84576
32123.97387	70.60151
32123.66222	48.97529
32123.35265	10.71681
32123.04411	75.05322
32122.73558	57.38481
32122.42395	100.97901
32122.11543	92.35035
32121.80692	64.08744
32121.49532	44.68394
32121.18681	116.44224
32120.87832	66.595
32120.56673	62.15747
32120.25825	113.93498
32119.94874	148.04842
32119.64026	109.6759
32119.3287	152.19004
32119.02024	182.20335
32118.71179	134.44859
32118.40024	108.22582
32118.0918	102.50737
32117.78336	105.91252
32117.47184	83.46302
32117.16341	78.24555
32116.85499	84.4614
32116.54245	122.1154
32116.23405	156.90037
32115.92565	187.92106
32115.61725	227.06949
32115.30577	244.85688
32114.99738	208.95705
32114.68901	161.44393
32114.37754	164.11894
32114.06917	143.4658
32113.76081	162.55692
32113.44937	193.85765
32113.14102	251.26501
32112.83165	295.29978
32112.52331	377.30173
32112.21189	493.52873
32111.90356	680.61069
32111.59524	947.09097
32111.28384	1258.57378
32110.97553	1397.33567
32110.66723	1689.10272
32110.35584	1848.20591
32110.04755	1861.97789
32109.73927	1786.7074
32109.431	1880.01479
32109.1186	1798.11124
32108.81034	1812.07971
32108.50208	1866.59513
32108.19073	1881.42622
32107.88249	1842.92949
32107.57424	1853.79087
32107.26292	1925.37645
32106.95469	1881.51842
32106.64646	2039.61408
32106.33515	2238.18517
32106.02694	2412.48503
32105.71771	2426.62705
32105.40951	2532.50715
32105.09822	2477.67745
32104.79003	2410.53727
32104.48185	2283.94336
32104.17059	2163.4266
32103.86242	2039.12481
32103.55425	1895.15983
32103.243	1728.6582
32102.93485	1501.65309
32102.6267	1350.10085
32102.31753	1160.44153
32102.00631	1034.39865
32101.69818	899.24874
32101.39006	843.97133
32101.07885	738.70716
32100.77074	657.42918
32100.46264	601.41903
32100.15145	582.23918
32099.84335	527.09626
32099.53527	430.20182
32099.22409	400.61058
32098.91499	337.27196
32098.60692	338.93369
32098.29886	376.0363
32097.98771	375.53119
32097.67966	398.42811
32097.37161	376.52853
32097.06048	323.94085
32096.75245	247.15979
32096.44442	293.56519
32096.13331	282.42964
32095.8253	337.98573
32095.51729	364.85422
32095.20825	470.57235
32094.89716	489.6815
32094.58917	495.80722
32094.28119	504.38166
32093.97012	514.12362
32093.66214	473.48304
32093.35418	519.63963
32093.04312	562.8165
32092.73517	552.26729
32092.42722	521.69085
32092.11618	503.95379
32091.80722	450.61518
32091.49928	413.01802
32091.19136	401.60526
32090.88035	365.25225
32090.57243	293.53291
32090.26452	281.86981
32089.95353	257.95366
32089.64563	199.21978
32089.33774	192.98477
32089.02677	230.26513
32088.71889	221.42738
32088.41102	151.12956
32088.10212	147.68405
32087.79117	75.6183
32087.48331	-6.73541
32087.17547	-47.16058
32086.86453	-18.46857
32086.5567	-21.41389
32086.24886	35.37472
32085.93795	5.13132
32085.63013	-29.13533
32085.32232	-24.51918
32085.01142	1.07599
32084.70259	10.01497
32084.39479	86.26431
32084.087	125.65195
32083.77613	143.97853
32083.46835	142.99159
32083.16058	140.83312
32082.84972	162.19715
32082.54196	186.54813
32082.23421	195.71927
32081.92337	199.68145
32081.61563	200.45322
32081.30686	142.26577
32080.99913	163.40588
32080.68832	199.35697
32080.3806	126.0182
32080.07289	128.82775
32079.76209	135.61527
32079.45439	78.15163
32079.1467	-14.50112
32078.83592	62.18756
32078.52824	85.45876
32078.22056	116.59376
32077.90877	117.40077
32077.60111	189.7909
32077.29345	160.05935
32076.98579	140.19825
32076.67506	143.65583
32076.36742	140.10343
32076.05978	119.57841
32075.74906	152.6336
32075.44144	146.45253
32075.13382	137.64499
32074.82312	134.26649
32074.51551	104.6077
32074.20689	61.05942
32073.89929	78.75083
32073.58862	95.82887
32073.28103	123.07432
32072.97346	137.46703
32072.6628	149.26499
32072.35523	158.89541
32072.04767	135.48419
32071.73704	96.35261
32071.42949	88.56471
32071.12195	96.12461
32070.81441	59.97419
32070.50277	27.85997
32070.19524	29.82903
32069.88773	14.00553
32069.57713	-1.00129
32069.26962	-9.67884
32068.96212	26.19375
32068.65154	51.43976
32068.34405	38.56584
32068.03657	27.21392
32067.72601	40.59906
32067.41854	-1.66257
32067.11005	-26.31214
32066.80259	-55.41459
32066.49205	-33.8994
32066.18461	-25.26456
32065.87716	15.28068
32065.56664	25.04516
32065.25922	58.72627
32064.95179	63.02898
32064.64129	52.78909
32064.33388	14.46889
32064.02647	24.69744
32063.71805	5.30134
32063.40757	-13.10647
32063.10018	-39.4725
32062.7928	-10.92794
32062.48234	-38.69264
32062.17497	-55.38368
32061.86761	-48.92296
32061.55716	-41.83678
32061.24981	-29.02594
32060.94247	27.9906
32060.63204	128.66243
32060.32368	147.54689
32060.01635	173.13545
32059.70903	175.64281
32059.39863	119.8577
32059.09132	85.94975
32058.78401	71.52409
32058.47363	42.004
32058.16634	11.06139
32057.85905	20.78743
32057.54869	7.88238
32057.24141	15.49818
32056.93414	41.66138
32056.62585	26.38482
32056.31551	35.34731
32056.00826	1.03747
32055.70101	-29.82126
32055.39069	-7.91832
32055.08346	48.41507
32054.77623	46.72959
32054.46592	68.23504
32054.15871	71.7646
32053.8515	4.17756
32053.54121	-13.27157
32053.23298	0.84527
32052.92579	1.72101
32052.6186	5.36861
32052.30834	28.40657
32052.00117	22.56018
32051.694	-8.55521
32051.38375	-10.13067
32051.0766	-61.79208
32050.76944	-54.4634
32050.45922	-75.71419
32050.15208	-60.30655
32049.84494	-69.25472
32049.53679	-46.9564
32049.22659	-48.7945
32048.91947	-28.29914
32048.61236	21.66788
32048.30218	10.13057
32047.99508	81.72656
32047.68799	60.63603
32047.37782	61.67104
32047.07074	32.01857
32046.76366	66.93532
32046.45351	54.94296
32046.14542	119.46797
32045.83837	147.58355
32045.53132	102.53036
32045.22119	75.87037
32044.91415	35.8858
32044.60712	-0.60605
32044.29701	-83.61209
32043.98999	1.71071
32043.68297	42.26838
32043.37288	49.60498
32043.06588	-1.22383
32042.75786	92.55847
32042.45086	31.26503
32042.1408	-8.3382
32041.83382	-14.21726
32041.52684	21.61885
32041.2168	-64.7605
32040.90983	-88.03577
32040.60288	-77.6944
32040.29285	-40.98707
32039.9859	-51.51116
32039.67896	-18.9128
32039.36792	24.75831
32039.061	3.5826
32038.75408	-5.45185
32038.44716	-0.5988
32038.13717	27.61759
32037.83027	21.32279
32037.52337	61.34786
32037.2134	80.69205
32036.90652	124.31946
32036.59964	117.95753
32036.28968	120.1342
32035.98282	94.42325
32035.67493	68.16236
32035.36807	44.70521
32035.05814	24.01164
32034.7513	14.10497
32034.44446	2.30826
32034.13455	-25.3935
32033.82772	-24.30339
32033.5209	-60.48587
32033.21101	-84.83255
32032.9042	-75.99158
32032.5974	-42.83374
32032.2906	-41.28249
32031.9797	5.38676
32031.67292	-12.41288
32031.36614	11.14894
32031.05629	-22.93485
32030.74952	-34.00402
32030.44276	-46.08772
32030.13292	-17.92956
32029.82617	-47.81602
32029.51943	-1.40677
32029.20961	7.26277
32028.90288	5.93045
32028.59513	0.42894
32028.28841	11.25992
32027.97862	-32.92996
32027.67191	-39.33756
32027.36521	-29.961
32027.05543	-34.57282
32026.74874	9.3837
32026.44206	28.22214
32026.1323	33.41295
32025.82563	44.98158
32025.51896	70.6234
32025.21127	36.40837
32024.90154	32.4985
32024.59489	9.51063
32024.28824	-3.71745
32023.97853	-13.97102
32023.6719	-28.95572
32023.36527	-13.6786
32023.05558	38.11994
32022.74896	38.36317
32022.44235	32.03229
32022.13267	34.35923
32021.82505	5.84198
32021.51846	-59.90204
32021.21188	-102.79127
32020.90222	-107.37555
32020.59565	-111.24411
32020.28908	-112.94344
32019.97944	-81.62757
32019.67289	-57.7378
32019.36634	-45.22133
32019.05672	-47.90401
32018.75018	16.22256
32018.44365	12.5114
32018.1361	2.56186
32017.8265	18.67829
32017.51999	51.53593
32017.21348	10.19044
32016.9039	-2.14811
32016.5974	6.71165
32016.29091	-3.69637
32015.98135	-7.40993
32015.67487	-0.99788
32015.3684	26.2945
32015.05886	33.03209
32014.75137	13.48574
32014.44492	-4.13368
32014.13847	-3.91893
32013.82895	-0.78877
32013.52251	-6.40294
32013.21608	-10.58005
32012.90658	0.23857
32012.60016	3.28621
32012.29375	-29.8665
32011.98426	-12.91508
32011.67786	12.98124
32011.37146	26.28847
32011.06405	34.91536
32010.75459	64.56671
32010.44821	67.12501
32010.14184	108.88259
32009.8324	103.24969
32009.52603	89.35174
32009.21968	44.99567
32008.91026	51.1042
32008.60391	-35.20738
32008.29757	-58.35209
32007.98817	-63.7439
32007.68082	-27.91466
32007.3745	-41.61618
32007.06818	12.80072
32006.7588	28.01298
32006.4525	20.32161
32006.1462	3.75131
32005.83684	12.26243
32005.53056	-21.50564
32005.22428	-16.57799
32004.91493	-11.41633
32004.60866	-19.47256
32004.30138	-31.47294
32003.99512	-30.65517
32003.6858	-44.65764
32003.37956	-61.92406
32003.07332	-18.55183
32002.76401	-12.81625
32002.45779	14.76353
32002.15157	31.94391
32001.84228	30.88061
32001.53607	-37.6439
32001.22987	-44.4943
32000.91958	-45.67122
32000.61339	-58.92038
32000.3072	-32.63049
32000.00102	15.4831
31999.69178	48.50118
31999.38561	-2.73262
31999.07945	9.33951
31998.77022	15.22297
31998.46407	25.48063
31998.15793	-1.1288
31997.84872	37.85394
31997.54259	53.50612
31997.23544	34.7137
31996.92932	-5.11706
31996.62013	2.77055
31996.31402	-16.62506
31996.00792	-41.74321
31995.69875	-29.01379
31995.39266	9.58352
31995.08658	-0.29875
31994.77743	37.26105
31994.47136	40.02611
31994.16529	50.83299
31993.85923	61.99125
31993.54908	86.18932
31993.24303	67.10406
31992.93698	52.04852
31992.62787	71.30231
31992.32184	34.9708
31992.01582	24.22458
31991.70673	31.54153
31991.40071	72.55522
31991.0947	45.81776
31990.78563	50.51457
31990.47963	39.10845
31990.17262	21.82765
31989.86663	-8.21136
31989.55758	-22.07737
31989.25161	-8.64896
31988.94564	22.35406
31988.63661	46.99354
31988.33066	76.16521
31988.02471	75.80741
31987.71569	67.7417
31987.40976	33.73683
31987.10382	14.21793
31986.79687	23.89724
31986.48788	-10.25628
31986.18197	9.83549
31985.87606	9.10625
31985.56709	32.12001
31985.26119	10.92762
31984.9553	64.50798
31984.64635	58.97165
31984.34047	67.07862
31984.03459	64.85474
31983.72566	48.92661
31983.41877	36.01634
31983.11292	10.20184
31982.80707	17.06749
31982.49815	-10.86171
31982.19232	27.41992
31981.88648	33.21312
31981.57759	21.76605
31981.27177	21.2258
31980.96595	30.51409
31980.65708	-14.88801
31980.35127	-29.89238
31980.04547	-4.92822
31979.73866	-6.24247
31979.42981	5.71387
31979.12403	20.86016
31978.81825	7.26583
31978.50942	8.11734
31978.20366	-19.78951
31977.8979	7.8517
31977.58908	15.76177
31977.28334	45.54198
31976.9776	51.43776
31976.6688	82.51312
31976.36205	56.40731
31976.05633	32.44691
31975.75061	40.59281
31975.44184	42.45672
31975.13613	29.16079
31974.83044	5.74852
31974.52168	19.21846
31974.21599	25.81899
31973.91031	8.63329
31973.60157	24.69946
31973.2959	42.19807
31972.99024	26.5741
31972.68356	-8.93373
31972.37485	25.26002
31972.0692	14.17232
31971.76356	16.13376
31971.45486	22.79542
31971.14923	51.68237
31970.84361	23.72799
31970.53493	32.55564
31970.22932	38.7402
31969.92372	54.57396
31969.61505	30.52081
31969.30844	15.34691
31969.00285	-0.27535
31968.69727	3.90832
31968.38863	8.06883
31968.08307	21.63005
31967.7775	32.50765
31967.46888	18.86863
31967.16333	-28.41658
31966.85778	-37.54245
31966.54918	-48.64594
31966.24365	-20.54684
31965.9371	-25.58165
31965.63158	-4.23756
31965.32299	-10.5129
31965.01748	28.47957
31964.71198	-2.84904
31964.40342	14.12903
31964.09793	10.56995
31963.79244	11.27758
31963.48389	-36.91773
31963.17842	-26.87958
31962.87295	-4.63735
31962.5634	16.09111
31962.25794	16.88915
31961.95249	30.8669
31961.64705	30.56265
31961.33854	-18.84993
31961.03311	-15.84167
31960.72768	-1.11669
31960.41919	-3.07325
31960.11378	-16.10815
31959.80837	26.85731
31959.4999	2.48448
31959.1945	-4.90088
31958.88809	-14.2347
31958.5827	-25.24543
31958.27425	-28.18454
31957.96888	8.45973
31957.66351	8.00124
31957.35508	14.37369
31957.04973	21.82585
31956.74437	-9.44641
31956.43596	-19.17281
31956.13062	-44.26329
31955.82529	-65.46741
31955.51996	-46.60091
31955.21055	-49.66898
31954.90524	-74.67995
31954.59993	-72.67267
31954.29156	-16.39154
31953.98626	-24.01942
31953.68097	-38.21189
31953.37262	-43.30044
31953.06733	-49.22212
31952.76206	-93.83387
31952.45373	-86.02367
31952.14846	-38.33662
31951.84218	-41.87662
31951.53693	-30.34098
31951.22862	-7.70329
31950.92338	3.51933
31950.61815	-0.27644
31950.30986	37.29669
31950.00463	47.7226
31949.69942	11.9508
31949.39114	-13.35461
31949.08594	19.07122
31948.78074	4.60929
31948.47452	0.81903
31948.16627	28.38945
31947.86109	57.45763
31947.55591	31.71981
31947.24768	15.24723
31946.94252	1.39927
31946.63736	4.36284
31946.32914	-13.87414
31946.024	-7.37581
31945.71886	14.27429
31945.41066	38.80441
31945.10451	21.06526
31944.79939	3.82079
31944.49427	-11.33716
31944.1861	-27.64054
31943.88099	-29.90695
31943.57589	-22.80492
31943.26773	-23.0732
31942.96265	-50.52297
31942.65756	-42.32688
31942.34943	-35.17138
31942.04435	-43.64517
31941.73929	-20.63779
31941.43321	5.75724
31941.1251	15.13165
31940.82005	8.6368
31940.51501	35.49496
31940.20691	35.71648
31939.90188	48.0777
31939.79885	116.35006
31939.49382	-94.70809
31939.18881	-26.901
31938.88074	-100.34375
31938.57573	20.70915
31938.27073	-59.76745
31937.96268	66.48194
31937.65769	-48.35476
31937.35271	47.71477
31937.04366	50.43441
31936.73869	43.48222
31936.43372	95.45165
31936.12876	12.26241
31935.82075	17.48885
31935.51581	57.74955
31935.21087	-24.54813
31934.90287	44.09799
31934.59794	30.87505
31934.29302	44.93091
31933.98504	-50.32994
31933.68013	119.19758
31933.37421	75.11629
31933.06931	65.09867
31932.76136	74.54288
31932.45647	168.90076
31932.15159	91.57307
31931.84365	19.94332
31931.53878	13.5995
31931.23392	54.80355
31930.926	52.9094
31930.62115	45.43816
31930.3163	47.19496
31930.01146	82.64483
31929.70255	-16.47559
31929.39772	116.79341
31929.09289	-18.26694
31928.78502	-48.84078
31928.4802	109.59152
31928.1754	98.71477
31927.86754	42.42242
31927.56275	91.76539
31927.25796	40.40939
31926.95012	-34.85687
31926.64534	2.83034
31926.33955	21.39579
31926.03478	64.09667
31925.72697	117.67834
31925.42221	136.71
31925.11747	45.24634
31924.80967	158.88661
31924.50493	150.05306
31924.2002	302.5049
31923.89242	459.66493
31923.5877	469.82285
31923.28299	503.00174
31922.97726	585.28495
31922.6695	658.51091
31922.36481	699.31824
31922.06012	836.29598
31921.75238	744.58468
31921.4477	869.56999
31921.14303	891.46811
31920.83531	932.88181
31920.53065	1238.1159
31920.22599	1125.07899
31919.91829	1131.00344
31919.61263	1126.6128
31919.30799	1035.96968
31919.00336	1094.59782
31918.69568	693.69511
31918.39106	930.39917
31918.08644	797.26018
31917.77878	641.53326
31917.47418	792.69459
31917.16958	597.52243
31916.86194	375.24741
31916.55735	458.73904
31916.25277	341.74314
31915.94718	208.60815
31915.63956	279.06067
31915.335	252.94051
31915.03044	197.89164
31914.72284	287.04582
31914.4183	235.17661
31914.11376	243.96367
31913.80617	331.17279
31913.50165	417.72425
31913.19713	385.28086
31912.88956	518.63422
31912.58403	667.67793
31912.27953	968.28117
31911.97503	1077.60363
31911.66748	1721.11206
31911.363	1808.71065
31911.05852	1936.17322
31910.75099	1650.88918
31910.44652	1975.14548
31910.14206	1575.27581
31909.83455	2089.61089
31909.5301	1887.58616
31909.22566	1572.96161
31908.9202	1767.89668
31908.61271	1377.03304
31908.30829	1185.01908
31908.00386	945.57666
31907.69639	934.36902
31907.39199	605.50347
31907.08758	525.75025
31906.78013	413.67567
31906.47574	377.53696
31906.17135	211.6729
31905.86392	318.38662
31905.55853	89.95524
31905.25416	163.66125
31904.94979	163.16731
31904.64238	179.73238
31904.33803	67.78504
31904.03369	142.20907
31903.72629	81.23825
31903.42196	17.03509
31903.11763	-0.68908
31902.81026	133.58934
31902.50594	66.56366
31902.20061	146.26143
31901.89631	43.25187
31901.58896	72.78007
31901.28466	65.33325
31900.98038	77.10737
31900.67304	68.36577
31900.36877	40.48585
31900.0645	-12.27274
31899.75718	84.58359
31899.45292	69.36748
31899.14867	-67.28445
31898.84036	29.8444
31898.53612	197.6488
31898.23188	174.09017
31897.92765	110.23441
31897.62038	252.84611
31897.31616	209.5299
31897.01195	212.39384
31896.70469	271.9262
31896.40049	325.86463
31896.0963	264.54657
31895.78906	221.42841
31895.48488	217.46471
31895.17968	232.19449
31894.87551	181.94321
31894.56829	117.66393
31894.26414	114.9129
31893.95998	98.38403
31893.65278	134.70774
31893.34864	72.61222
31893.04451	146.44152
31892.73733	30.40882
31892.4332	80.92829
31892.12908	125.41526
31891.82497	-39.57893
31891.5168	23.66337
31891.2127	-55.90749
31890.9086	20.71452
31890.60146	50.36493
31890.29738	30.43201
31889.9933	40.07865
31889.68618	-6.37885
31889.38211	-36.51271
31889.07805	17.89447
31888.77095	73.57124
31888.4669	149.30455
31888.16184	175.78775
31887.8578	66.16293
31887.55072	3.73277
31887.2467	99.75787
31886.94268	124.24511
31886.63561	6.14796
31886.33161	75.16521
31886.0276	140.93907
31885.72056	53.03015
31885.41657	57.36456
31885.11258	95.09547
31884.80759	127.66946
31884.50056	39.17557
31884.1966	89.09568
31883.89264	49.02336
31883.58563	150.82147
31883.28168	74.61658
31882.97774	97.32917
31882.67075	61.84551
31882.36682	43.69457
31882.06289	111.97869
31881.75592	235.84858
31881.45099	35.49389
31881.14708	60.16324
31880.84318	97.60386
31880.53623	101.30504
31880.23234	99.20928
31879.92846	40.58227
31879.62153	20.19678
31879.31766	35.90812
31879.01379	46.8773
31878.70688	106.09533
31878.40302	122.94122
31878.09917	-9.44775
31877.79431	-1.82761
31877.48742	48.54373
31877.18359	64.9658
31876.87976	93.61954
31876.57289	109.74651
31876.26907	146.17148
31875.96526	150.6387
31875.65841	32.87748
31875.35461	105.7893
31875.05082	203.38198
31874.74399	113.83219
31874.43919	158.81857
31874.13541	99.45177
31873.83164	88.8858
31873.52483	52.65364
31873.22108	54.48121
31872.91732	-17.38749
31872.61053	56.38962
31872.30679	75.62028
31872.00306	58.10335
31871.69628	82.28768
31871.39256	-28.13816
31871.08884	62.55392
31870.78411	56.20827
31870.47736	-51.72336
31870.17366	25.12424
31869.86997	35.40125
31869.56323	20.84999
31869.25955	25.38656
31868.95587	107.42069
31868.64916	65.99955
31868.34549	-3.30934
31868.04183	53.43031
31867.73513	30.91617
31867.43047	-0.53276
31867.12683	16.10659
31866.82319	33.43124
31866.51652	-7.75799
31866.21289	-24.58373
31865.90927	5.25679
31865.60261	33.86862
31865.29901	80.21622
31864.99541	-35.371
31864.68877	99.9381
31864.38518	78.50564
31864.08058	103.87311
31863.777	187.7112
31863.47038	156.15555
31863.16682	61.40866
31862.86326	108.11222
31862.55666	39.49187
31862.25311	12.84896
31861.94956	68.43289
31861.64298	8.09086
31861.33945	71.15257
31861.03593	-22.91512
31860.72835	40.63993
31860.42483	64.67427
31860.12132	29.92983
31859.81782	-39.73893
31859.51128	135.06088
31859.20779	-25.40377
31858.9043	44.77709
31858.59778	-26.52787
31858.29431	-27.10434
31857.99084	44.83946
31857.68433	33.37828
31857.38088	-5.0058
31857.07641	40.26157
31856.77297	168.10353
31856.46649	16.30203
31856.16305	24.30245
31855.85963	64.14493
31855.55316	-5.30745
31855.24975	111.54845
31854.94634	129.12212
31854.63989	104.95413
31854.33649	164.37791
31854.0331	209.3029
31853.72971	76.64635
31853.42227	174.04881
31853.1189	160.30922
31852.81553	303.69588
31852.50912	249.13438
31852.20577	178.55448
31851.90241	148.42992
31851.59602	299.86227
31851.29268	201.39614
31850.98935	166.14048
31850.68298	173.52912
31850.37966	149.08278
31850.07533	179.0091
31849.77201	143.93336
31849.46567	165.5657
31849.16237	112.45895
31848.85907	78.37173
31848.55274	112.85438
31848.24946	34.69294
31847.94618	72.15944
31847.63987	78.90701
31847.33661	95.96946
31847.03335	21.76726
31846.72908	23.78195
31846.42279	-4.61382
31846.11955	88.43079
31845.81631	146.55892
31845.51004	-24.06949
31845.20682	66.13895
31844.9036	-14.00222
31844.59735	66.25658
31844.29414	4.84853
31843.99094	106.68198
31843.6847	121.37607
31843.3805	123.08536
31843.07731	27.8641
31842.77414	133.03666
31842.46792	170.53517
31842.16476	33.40889
31841.8616	86.37539
31841.5554	146.35637
31841.25225	47.89561
31840.94911	57.50197
31840.64293	91.04251
31840.3398	33.33322
31840.03667	31.21232
31839.73254	27.80831
31839.42639	5.27753
31839.12328	22.73598
31838.82018	-16.08489
31838.51404	38.35092
31838.21095	155.24807
31837.90786	21.01972
31837.60174	62.55123
31837.29867	-45.37608
31836.9956	32.69076
31836.6895	51.10947
31836.38543	54.95083
31836.08238	33.80576
31835.77933	64.16406
31835.47326	5.01857
31835.17022	67.33858
31834.8672	-12.34361
31834.56113	19.00407
31834.25812	13.63657
31833.95511	-13.85737
31833.64906	-11.49997
31833.34607	18.23605
31833.04307	82.21574
31832.73907	-17.13188
31832.43305	27.08982
31832.13008	-2.01647
31831.82711	74.22517
31831.52111	32.46371
31831.21815	-7.68967
31830.9152	144.60349
31830.60921	-61.64653
31830.30627	166.6664
31830.00334	79.77547
31829.69737	-26.91128
31829.39343	10.35146
31829.09052	28.9981
31828.7876	33.50317
31828.48166	80.38063
31828.17876	60.65719
31827.87587	34.24428
31827.56994	42.54459
31827.26706	40.90488
31826.96418	-32.30855
31826.65827	72.70608
31826.3554	4.42379
31826.05153	81.44826
31825.74868	79.5815
31825.44279	28.6257
31825.13995	-20.52791
31824.83711	-64.64101
31824.53125	23.72127
31824.22842	114.80739
31823.9256	37.85934
31823.61975	29.64891
31823.31694	-49.95174
31823.01414	45.69149
31822.7073	-38.28544
31822.40451	-6.03233
31822.10172	-4.41691
31821.79894	47.71072
31821.49313	108.12965
31821.19037	101.11958
31820.88761	108.04213
31820.58181	136.12882
31820.27906	106.63681
31819.97632	65.54419
31819.67054	145.25686
31819.36781	111.52364
31819.06407	198.38234
31818.76135	119.34638
31818.4556	147.37326
31818.15289	56.55265
31817.85019	92.17246
31817.54445	127.08797
31817.24176	40.2615
31816.93908	115.93453
31816.63336	58.32225
31816.33069	108.17082
31816.02802	98.26061
31815.72535	37.19023
31815.41865	42.02968
31815.116	-8.05534
31814.81335	0.41213
31814.50768	38.16996
31814.20504	17.97215
31813.90241	47.59779
31813.59676	46.85391
31813.29414	-15.00943
31812.99153	-16.31857
31812.68589	-54.82588
31812.38329	52.01485
31812.07968	-21.17407
31811.7771	85.54195
31811.47148	100.61129
31811.1689	108.31973
31810.86633	38.46735
31810.56073	86.3177
31810.25817	-29.29392
31809.95562	9.79488
31809.65004	13.97117
31809.34749	47.83707
31809.04496	72.47691
31808.74142	-4.82724
31808.43586	26.37565
31808.13334	41.99861
31807.83083	-54.96678
31807.52529	-7.03122
31807.22278	-43.80471
31806.92029	50.77531
31806.61476	85.78192
31806.31228	15.3934
31806.0098	38.67654
31805.7043	44.99081
31805.40082	109.52865
31805.09836	59.75961
31804.7959	17.14877
31804.49042	32.90438
31804.18798	140.49298
31803.88554	65.88947
31803.58007	58.60211
31803.27765	23.80939
31802.97523	90.93341
31802.66978	81.5657
31802.36737	30.60818
31802.06497	-67.48239
31801.76156	76.78714
31801.45613	-106.22873
31801.15375	14.7141
31800.85137	34.72265
31800.54596	35.52685
31800.24359	43.93945
31799.94123	41.30468
31799.63584	75.49361
31799.33349	-57.41947
31799.03114	12.52584
31798.72577	-21.90971
31798.42242	96.59054
31798.1201	-7.22272
31797.81777	64.85052
31797.51242	52.24139
31797.21011	86.15228
31796.90781	66.93914
31796.30018	79.6354
31795.99789	-18.89634
31795.69258	103.96889
31795.3903	2.61123
31795.08803	43.33657
31794.78476	30.77578
31794.47947	60.14101
31794.17721	126.13271
31793.87497	98.48278
31793.56969	35.88829
31793.26746	107.77574
31792.96523	20.44933
31792.65997	34.25304
31792.35775	47.81163
31792.05554	74.2484
31791.7503	48.31945
31791.44709	23.31526
31791.14489	84.78157
31790.8427	58.47713
31790.53749	53.97468
31790.23531	-40.30315
31789.93314	22.23565
31789.62794	2.0479
31789.32578	13.39873
31789.02363	25.2293
31788.71844	81.52178
31788.4163	21.94045
31788.11315	-40.13548
31787.81102	64.7925
31787.50586	73.67091
31787.20374	-26.78783
31786.90163	20.40745
31786.59649	135.4387
31786.29439	102.93968
31785.99229	44.96214
31785.68717	86.33787
31785.38508	68.91649
31785.083	39.39744
31784.77688	48.31172
31784.47482	29.96626
31784.17275	68.60761
31783.8707	62.24629
31783.56561	32.51411
31783.26357	41.31023
31782.96153	0.59392
31782.65646	14.69133
31782.35444	77.55681
31782.05241	-13.42854
31781.74737	-24.38903
31781.44536	15.25941
31781.14234	61.74989
31780.84034	-93.01671
31780.53532	14.31019
31780.23333	14.46156
31779.93135	-17.80578
31779.62634	50.35438
31779.32437	53.23862
31779.02241	59.31333
31778.71742	-4.24551
31778.41546	38.42222
31778.11352	0.94639
31777.81158	65.35483
31777.5056	100.61704
31777.20367	72.93369
31776.90175	63.577
31776.5968	-7.51849
31776.29488	42.31159
31775.99298	-7.84344
31775.68805	-59.99212
31775.38615	12.36359
31775.08426	-15.89276
31774.77935	17.46562
31774.47747	-17.53243
31774.17459	10.0977
31773.87272	1.55253
31773.56783	167.74003
31773.26597	-26.89474
31772.96412	41.43848
31772.65925	59.12989
31772.35741	53.9397
31772.05558	53.65162
31771.75073	149.06836
31771.44891	32.87863
31771.14709	77.76853
31770.84427	39.81296
31770.53944	31.19479
31770.23764	7.64841
31769.93585	39.69162
31769.63103	-21.68537
31769.32925	109.85443
31769.02748	59.98578
31768.72268	70.03094
31768.42092	-20.04401
31768.11916	2.0629
31767.81438	6.08902
31767.51163	99.06534
31767.20989	-4.76571
31766.90815	26.61808
31766.6034	-28.58484
31766.30167	21.96619
31765.99995	-35.00281
31765.69522	-0.23816
31765.39351	145.08093
31765.09181	-24.60364
31764.78709	73.94372
31764.4854	53.24304
31764.18372	83.34289
31763.88103	42.31991
31763.57633	59.40414
31763.27467	132.7059
31762.97301	40.91732
31762.66833	123.29843
31762.36668	79.86044
31762.06503	23.72079
31761.76037	132.49838
31761.45874	67.73102
31761.15711	87.4527
31760.85247	50.91437
31760.54985	57.56476
31760.24824	-10.64691
31759.94664	41.94757
31759.64201	11.53473
31759.34042	36.93997
31759.03884	-3.582
31758.73423	11.23611
31758.43266	-0.66916
31758.13109	29.4534
31757.8265	94.79662
31757.52495	29.40502
31757.22339	32.54101
31756.92084	36.49194
31756.61628	22.55248
31756.31474	26.02193
31756.01322	43.48531
31755.70867	10.49117
31755.40715	43.23214
31755.10564	34.51632
31754.80111	72.2231
31754.49961	-6.08207
31754.19812	63.82855
31753.89361	56.91839
31753.59112	16.65838
31753.28964	79.11541
31752.98817	3.27313
31752.68368	-32.68052
31752.38222	42.14297
31752.08077	51.84731
31751.7763	123.17983
31751.47486	62.52114
31751.17342	184.80114
31750.86897	125.28771
31750.56754	140.12047
31750.26511	52.06285
31749.9637	84.63463
31749.65927	66.08654
31749.35787	39.00276
31749.05647	32.2574
31748.75206	11.1219
31748.45068	19.55525
31748.1493	19.08137
31747.8449	-56.43428
31747.54353	48.2603
31747.24217	-80.59248
31746.93679	19.56011
31746.63544	2.22661
31746.33409	40.52638
31746.03275	-15.31029
31745.7284	-0.37181
31745.42707	1.7842
31745.12575	8.18556
31744.82141	63.30177
31744.5201	75.15309
31744.2188	1.21584
31743.91448	72.42384
31743.61319	67.60496
31743.31089	65.02098
31743.00961	44.1389
31742.70531	69.30516
31742.40404	1.85594
31742.10278	53.66819
31741.7985	40.36204
31741.49725	-66.77931
31741.196	-17.25738
31740.89174	-20.15166
31740.5905	-22.45196
31740.28927	-26.44366
31739.98805	-55.43536
31739.6828	-19.01495
31739.38159	-9.01958
31739.08038	3.0219
31738.77616	103.71648
31738.47497	82.81657
31738.17378	108.02873
31737.86957	107.22282
31737.56839	129.76112
31737.26722	95.38783
31736.96303	67.67713
31736.66187	77.46376
31736.35971	101.9142
31736.05856	67.55015
31735.7544	155.37192
31735.45326	51.31284
31735.15213	53.36021
31734.84798	78.51768
31734.54686	68.42539
31734.24575	50.40806
31733.94162	61.70127
31733.64051	67.71759
31733.33942	106.00104
31733.03732	78.77765
31732.73321	45.56793
31732.43213	154.20197
31732.13106	69.62726
31731.82697	-17.01556
31731.52591	75.52448
31731.22485	88.68366
31730.92078	22.41557
31730.61973	74.20292
31730.31869	101.94535
31730.01464	50.50395
31729.7126	31.31791
31729.41158	33.19242
31729.11056	93.72294
31728.80653	99.34131
31728.50552	-33.3833
31728.20452	98.24268
31727.90051	62.6858
31727.59952	40.20533
31727.29854	78.17237
31726.99454	-17.79568
31726.69357	16.8486
31726.39261	78.20212
31726.09064	65.26096
31725.78667	109.04855
31725.48572	75.8659
31725.18477	81.75653
31724.88082	2.9555
31724.57989	-21.69782
31724.27896	55.27411
31723.97502	6.22015
31723.67411	70.33587
31723.3732	43.44718
31723.06928	-15.02304
31722.76738	31.61881
31722.46649	-23.69735
31722.1656	-41.94833
31721.8617	52.82751
31721.56083	86.50452
31721.25996	57.52844
31720.95608	135.92493
31720.65522	51.49402
31720.35437	168.61752
31720.05051	55.93734
31719.74967	101.46225
31719.44883	86.28085
31719.147	1.61141
31718.84316	59.84725
31718.54234	49.35971
31718.24153	46.82528
31717.93771	46.07526
31717.63691	21.30768
31717.33612	-41.61224
31717.03231	65.71222
31716.73153	30.90045
31716.43075	-15.73089
31716.12696	-6.09759
31715.82519	-7.82074
31715.52443	-28.49701
31715.22368	-31.15085
31714.91991	-4.59104
31714.61917	-38.19089
31714.31843	34.31521
31714.01469	51.03079
31713.71396	73.05105
31713.41324	133.83401
31713.10951	61.13818
31712.8088	72.19311
31712.5071	72.02734
31712.2064	85.81542
31711.90269	117.14306
31711.60201	127.64864
31711.30133	96.70626
31710.99764	143.81929
31710.69697	119.72237
31710.39631	162.50875
31710.09263	30.1325
31709.79198	80.86444
31709.49134	118.81878
31709.18668	63.81317
31708.88604	129.30096
31708.58542	71.50091
31708.28479	90.08172
31707.98116	151.39764
31707.68055	87.78384
31707.37995	109.25112
31707.07633	100.28261
31706.77574	66.04531
31706.47515	82.85757
31706.17155	58.7499
31705.87098	81.04946
31705.5694	75.82265
31705.26884	64.04869
31704.96526	53.17101
31704.66471	97.97789
31704.36416	-12.73304
31704.0606	42.6715
31703.76007	109.91783
31703.45954	81.82946
31703.156	64.40633
31702.85548	155.1783
31702.55496	160.54817
31702.25446	91.34724
31701.94993	83.77962
31701.64944	96.65633
31701.34895	131.57918
31701.04545	9.39409
31700.74497	26.80474
31700.44449	117.35625
31700.14101	87.53814
31699.84055	43.81353
31699.54009	67.86623
31699.23663	86.04958
31698.93618	93.58278
31698.63474	63.40724
31698.33431	-10.19188
31698.03086	55.78713
31697.73044	61.96901
31697.43003	24.19704
31697.1266	40.91746
31696.8262	30.15867
31696.5258	35.98118
31696.22239	83.77244
31695.922	38.74974
31695.62162	120.00821
31695.32024	167.01417
31695.01686	111.19678
31694.71649	109.48722
31694.41613	168.66459
31694.11276	136.64456
31693.81242	121.92889
31693.51208	118.7689
31693.20873	86.65268
31692.90839	41.1416
31692.60807	99.01527
31692.30474	128.93932
31692.00342	43.52463
31691.70311	149.45301
31691.40281	-7.61372
31691.0995	88.19775
31690.79921	4.69523
31690.49893	-57.96306
31690.19563	70.05304
31689.89536	-16.43556
31689.59509	47.18276
31689.29182	172.60825
31688.99156	139.01661
31688.69131	108.51286
31688.39006	105.31838
31688.08681	201.62062
31687.78658	119.7509
31687.48635	108.43563
31687.18311	117.57894
31686.8829	55.01412
31686.58269	51.21692
31686.27947	81.67662
31685.97927	64.15407
31685.67908	108.81122
31685.37588	21.12834
31685.07469	28.97976
31684.77452	47.71429
31684.47434	32.63947
31684.17117	14.73931
31683.87101	12.50046
31683.57086	32.818
31683.2677	27.78502
31682.96755	65.98685
31682.66742	-21.28228
31682.36427	46.43523
31682.06415	72.95859
31681.76403	68.23191
31681.46291	16.87141
31681.15979	24.15557
31680.85969	63.33958
31680.5596	78.7682
31680.25649	45.96716
31679.95641	13.95194
31679.65633	59.18233
31679.35324	93.84195
31679.05318	18.27448
31678.75311	6.24803
31678.45005	43.73435
31678.14899	0.71809
31677.84895	-11.29054
31677.54891	110.64516
31677.24586	26.98155
31676.94584	29.30519
31676.64581	76.16717
31676.34279	63.18839
31676.04278	24.34822
31675.74277	100.62301
31675.43976	90.8393
31675.13977	64.27599
31674.83878	19.82809
31674.53879	42.07263
31674.23581	71.94148
31673.93583	10.86767
31673.63587	64.79019
31673.3329	67.5641
31673.03295	32.74127
31672.733	33.72018
31672.43005	35.74263
31672.13011	61.19177
31671.83018	81.52734
31671.52624	59.49089
31671.22632	20.39438
31670.92641	33.93555
31670.6265	44.59
31670.32359	74.55899
31670.02369	98.23908
31669.7238	110.67356
31669.4209	27.19601
31669.12102	9.12826
31668.82115	67.09816
31668.51827	102.74658
31668.21841	85.57437
31667.91755	58.78834
31667.6177	39.67596
31667.31484	2.9506
31667.015	16.91072
31666.71517	11.11202
31666.41233	22.93354
31666.11251	84.87413
31665.81269	63.80544
31665.50987	112.40186
31665.21007	18.21965
31664.91027	-9.17741
31664.61047	79.62182
31664.30667	73.44813
31664.00689	95.10479
31663.70711	24.03732
31663.40433	16.02339
31663.10457	55.15148
31662.80481	52.02029
31662.50205	97.38551
31662.2023	70.08733
31661.90255	73.70224
31661.59981	79.65678
31661.30008	95.29659
31660.99935	71.8482
31660.69963	58.13718
31660.39691	40.89206
31660.0972	37.45227
31659.79749	38.59256
31659.49479	65.47362
31659.1951	23.19033
31658.89541	35.06379
31658.59272	126.2022
31658.29305	64.77487
31657.99338	-6.79967
31657.69271	22.76049
31657.39005	49.42844
31657.0904	8.23765
31656.79075	-10.54588
31656.4881	76.22607
31656.18847	95.8715
31655.88884	90.25203
31655.58621	50.86041
31655.28659	-1.03469
31654.98698	41.27333
31654.68437	73.22471
31654.38376	93.29536
31654.08417	11.16515
31653.78458	70.41653
31653.48199	36.85036
31653.18241	30.53582
31652.88284	19.07186
31652.58027	55.73835
31652.28071	49.96166
31651.98115	109.26232
31651.67859	85.62388
31651.37905	117.76588
31651.07951	99.60076
31650.77898	85.85281
31650.47645	95.99905
31650.17692	2.31292
31649.87741	77.0245
31649.57489	44.57427
31649.27539	63.57442
31648.97589	52.66858
31648.67339	0.84557
31648.37391	53.30691
31648.07443	29.69623
31647.77194	-1.5699
31647.47147	99.98172
31647.17201	81.97553
31646.87255	12.82136
31646.57009	47.7713
31646.27065	33.16721
31645.9712	63.78114
31645.66876	-42.75892
31645.36933	112.4373
31645.06991	17.78975
31644.76749	31.45819
31644.46807	51.96906
31644.16866	77.64475
31643.86826	98.76326
31643.56586	120.86238
31643.26647	12.84374
31642.96709	78.47133
31642.6647	24.81239
31642.36533	117.40923
31642.06596	-4.81514
31641.7636	31.88737
31641.46424	70.06404
31641.16489	23.50853
31640.86254	115.53538
31640.5622	44.03792
31640.26287	71.39989
31639.96354	85.38709
31639.66121	28.10411
31639.3619	81.62282
31639.06259	-3.97943
31638.76028	39.53386
31638.46098	16.41805
31638.16168	44.81616
31637.85939	68.42967
31637.56011	-2.27051
31637.25983	78.04026
31636.96056	95.36854
31636.65829	114.17052
31636.35903	83.585
31636.05978	88.8459
31635.75753	113.47478
31635.45829	71.91685
31635.15905	76.1128
31634.85682	130.25192
31634.55759	159.40784
31634.25837	22.10673
31633.95515	47.39108
31633.65594	70.17372
31633.35674	74.48906
31633.05754	13.75252
31632.75535	19.51191
31632.45617	-4.09466
31632.15699	77.62571
31631.85481	28.56553
31631.55564	78.10414
31631.25648	113.85576
31630.95432	36.65995
31630.65517	82.77094
31630.35502	0.84136
31630.05588	35.70992
31629.75374	81.07341
31629.45461	120.27522
31629.15549	77.19409
31628.85337	75.56956
31628.55426	69.40639
31628.25515	76.05548
31627.95305	104.82499
31627.65396	70.09053
31627.35487	95.81552
31627.05578	67.15503
31626.7527	89.80266
31626.45363	75.55161
31626.15456	51.10279
31625.8525	51.37499
31625.55345	16.10709
31625.2544	-13.14755
31624.95235	2.61807
31624.65331	16.34173
31624.35428	24.94321
31624.05225	60.13217
31623.75323	91.35058
31623.45322	44.97825
31623.15421	63.46119
31622.8522	48.91098
31622.5532	35.86182
31622.25421	-21.47066
31621.95222	37.12271
31621.65324	10.45148
31621.35427	52.87266
31621.0523	32.02732
31620.75333	101.46827
31620.45437	114.12489
31620.15442	82.88842
31619.85247	104.89036
31619.55353	50.31666
31619.2546	49.17572
31618.95267	71.44828
31618.65374	67.96382
31618.35482	87.10144
31618.05291	160.26158
31617.754	94.25096
31617.4551	77.0729
31617.1532	72.81067
31616.85331	33.54808
31616.55443	120.22793
31616.25555	48.88971
31615.95368	139.87749
31615.65481	27.15924
31615.35595	120.38461
31615.05409	64.68319
31614.75524	27.63476
31614.45639	66.07608
31614.15455	61.36245
31613.85572	33.14508
31613.55689	36.41537
31613.25707	33.58967
31612.95525	82.45099
31612.65644	17.9647
31612.35764	122.93324
31612.05584	77.50281
31611.75704	40.95853
31611.45826	14.97505
31611.15647	67.40396
31610.8577	13.54389
31610.55893	75.82322
31610.25716	123.75729
31609.9574	91.47956
31609.65865	117.18187
31609.3599	39.46437
31609.05816	65.79884
31608.75942	98.12354
31608.46069	18.18401
31608.15896	69.61844
31607.86024	35.98835
31607.56153	27.41003
31607.25982	14.8762
31606.96112	8.87501
31606.66242	6.14068
31606.36273	33.99988
31606.06104	143.38633
31605.76236	82.94668
31605.46369	98.49359
31605.16202	94.60441
31604.86336	125.71786
31604.5647	56.42956
31604.26305	82.4348
31603.9644	73.93911
31603.66576	65.2001
31603.36413	78.55312
31603.0645	104.45105
31602.76587	97.82498
31602.46726	55.44941
31602.16565	71.39911
31601.86704	80.44382
31601.56844	118.1765
31601.26684	33.55856
31600.96825	111.38
31600.66967	136.63896
31600.36809	155.23928
31600.06952	37.64557
31599.76995	49.78691
31599.47139	64.9089
31599.16984	50.34919
31598.87129	15.9979
31598.57274	41.6863
31598.27121	39.8545
31597.97267	17.94096
31597.67415	28.03426
31597.37263	-43.0252
31597.07411	18.62202
31596.7756	61.43517
31596.4731	97.48112
31596.1746	107.18599
31595.87611	105.7722
31595.57762	177.89236
31595.27614	73.65529
31594.97766	44.0866
31594.67919	111.99334
31594.37773	64.17741
31594.07927	33.95004
31593.78081	57.66455
31593.47937	40.74888
31593.18093	-10.86314
31592.88149	36.40955
31592.58306	-22.62671
31592.28164	95.59851
31591.98322	60.4296
31591.6848	59.85627
31591.3834	63.04339
31591.085	97.20004
31590.7866	69.50745
31590.48521	110.00219
31590.18682	58.56619
31589.88844	47.36847
31589.59007	39.22875
31589.28771	72.69352
31588.98934	118.41206
31588.69098	70.82274
31588.38964	147.65903
31588.09129	97.89414
31587.79295	72.98635
31587.49162	98.73059
31587.19329	89.8306
31586.89496	62.89486
31586.59365	126.55439
31586.29534	86.44321
31585.99603	133.36763
31585.69773	41.76767
31585.39644	64.56904
31585.09815	88.98363
31584.79987	82.9313
31584.49859	43.4308
31584.20032	49.29277
31583.90205	35.48288
31583.6008	45.76212
31583.30254	91.4117
31583.00429	22.2091
31582.70505	21.95249
31582.40381	102.05013
31582.10558	47.28247
31581.80735	104.34952
31581.50614	85.31349
31581.20792	107.37286
31580.90971	93.97007
31580.60851	43.75728
31580.31031	39.59497
31580.01211	72.31522
31579.71093	49.14748
31579.41175	71.92541
31579.11357	78.67005
31578.8154	94.99222
31578.51424	76.20561
31578.21608	96.63172
31577.91793	90.68343
31577.61679	96.01804
31577.31864	74.33244
31577.02051	94.50904
31576.71938	125.11953
31576.42125	43.16657
31576.12313	89.02139
31575.82402	9.25737
31575.52292	56.85442
31575.22482	85.16249
31574.92672	124.52743
31574.62563	121.87311
31574.32755	172.92508
31574.02946	121.00547
31573.7284	78.98144
31573.43033	79.21444
31573.13226	90.50333
31572.83121	85.127
31572.53216	129.78546
31572.23411	119.32351
31571.93607	75.65428
31571.63505	92.35423
31571.33701	109.75312
31571.03899	82.02041
31570.73798	98.04117
31570.43997	112.16954
31570.14196	122.01505
31569.84096	38.77911
31569.54297	77.07532
31569.24498	29.38095
31568.94599	4.14037
31568.64502	41.31762
31568.34705	27.53194
31568.04908	21.32584
31567.74813	43.09086
31567.45017	56.77039
31567.15222	155.81136
31566.85128	50.30332
31566.55334	97.05351
31566.25541	116.42066
31565.95449	40.18654
31565.65557	33.62854
31565.35765	54.05624
31565.05974	29.02239
31564.75884	23.35943
31564.46094	35.80665
31564.16305	52.44857
31563.86217	55.81871
31563.56428	47.71551
31563.26641	74.7394
31562.96554	77.05863
31562.66768	45.63292
31562.36882	33.17286
31562.07096	47.41085
31561.77012	60.95066
31561.47228	60.10781
31561.17444	67.86399
31560.87362	73.14257
31560.57579	97.00837
31560.27797	67.83633
31559.97716	27.80546
31559.67935	92.93969
31559.38155	11.01558
31559.07977	50.65905
31558.78197	19.19379
31558.48418	69.55105
31558.1864	42.61486
31557.88564	80.92749
31557.58786	124.48494
31557.2901	64.28421
31556.98935	43.03322
31556.6916	101.72483
31556.39385	65.75859
31556.09312	73.19037
31555.79538	65.59316
31555.49665	88.34293
31555.19893	66.83862
31554.89822	0.82898
31554.6005	32.71872
31554.30279	78.58793
31554.0021	38.1441
31553.7044	96.36817
31553.40671	124.87741
31553.10604	102.3852
31552.80836	62.15689
31552.51068	88.36864
31552.21301	3.98762
31551.91137	48.42286
31551.61371	30.25144
31551.31605	-2.73494
31551.01542	20.34503
31550.71778	18.22512
31550.42014	90.40867
31550.11953	-15.57862
31549.8219	49.20624
31549.52428	50.25039
31549.22368	98.44339
31548.92607	80.97216
31548.62748	112.99135
31548.32988	105.65399
31548.0293	106.54865
31547.73172	44.82059
31547.43414	105.47337
31547.13358	12.58362
31546.83601	3.49922
31546.53845	23.92228
31546.2379	24.04961
31545.94035	-20.18164
31545.64281	58.59921
31545.34427	29.28952
31545.04375	-41.72633
31544.74622	52.0771
31544.4487	46.96325
31544.1482	99.66907
31543.85068	75.67563
31543.55318	42.65983
31543.25269	52.27642
31542.9552	72.36317
31542.65771	54.25705
31542.35724	97.05002
31542.05876	65.42736
31541.76129	66.55697
31541.46382	36.9213
31541.16338	59.82207
31540.86592	61.2323
31540.56847	70.98348
31540.26804	107.54209
31539.9706	73.26332
31539.67317	55.52244
31539.37276	-11.68958
31539.07534	2.14545
31538.77792	7.36307
31538.47952	13.48515
31538.17913	81.9251
31537.88173	25.39736
31537.58433	60.77341
31537.28396	44.713
31536.98658	41.73419
31536.6892	36.82802
31536.38885	69.21047
31536.09148	-9.1176
31535.79412	21.0745
31535.49378	46.0922
31535.19544	28.34943
31534.89809	-36.86338
31534.60076	36.33054
31534.30044	45.47094
31534.00312	54.46625
31533.70579	48.45645
31533.4055	70.18571
31533.10819	70.91088
31532.81088	37.9001
31532.5106	50.54586
31532.21331	24.6635
31531.91602	33.5112
31531.61775	14.80418
31531.31749	14.44348
31531.02022	10.04867
31530.72295	39.75455
31530.42271	57.05986
31530.12546	21.93933
31529.82821	81.09457
31529.52799	77.95151
31529.23075	14.10503
31528.93352	-13.08946
31528.63331	-25.71665
31528.3351	5.28274
31528.03788	-28.25193
31527.74068	12.68716
31527.44049	-7.80124
31527.14329	2.23477
31526.8461	2.75039
31526.54593	43.92325
31526.24875	24.63772
31525.95158	6.07913
31525.65143	33.37893
31525.35427	50.73416
31525.05611	86.01687
31524.75896	40.35952
31524.45883	28.17581
31524.16169	21.90677
31523.86456	-49.39027
31523.56445	19.66052
31523.26732	37.33935
31522.97021	73.31213
31522.67011	61.8236
31522.373	72.63659
31522.0759	50.89367
31521.77483	89.97521
31521.47774	68.0017
31521.18066	65.70519
31520.88358	50.8568
31520.58352	47.99767
31520.28646	-26.80237
31519.98939	24.25472
31519.68936	19.5168
31519.39231	36.90316
31519.09526	24.76827
31518.79524	2.44161
31518.49821	46.89827
31518.20018	46.83687
31517.90316	48.47872
31517.60316	43.37948
31517.30615	28.13839
31517.00915	31.4388
31516.70917	24.27034
31516.41217	-19.44926
31516.11518	-38.38456
31515.81522	27.79925
31515.51824	14.47711
31515.22127	36.36749
31514.9243	32.81793
31514.62337	22.49676
31514.32641	25.46221
31514.02946	-3.00348
31513.72954	31.85565
31513.4326	-10.00971
31513.13567	10.13922
31512.83576	39.7055
31512.53884	61.33319
31512.24192	103.88372
31511.94203	79.42275
31511.64513	81.8832
31511.34724	82.21023
31511.05034	15.35049
31510.75048	48.14883
31510.45359	25.94106
31510.15672	40.66701
31509.85687	39.9247
31509.56	110.0508
31509.26314	26.35989
31508.96331	83.11721
31508.66646	6.05715
31508.36962	77.99209
31508.07179	9.78127
31507.77197	48.9789
31507.47515	-12.06529
31507.17833	106.3843
31506.87853	102.94472
31506.58172	-4.92039
31506.28492	14.41775
31505.98514	85.14699
31505.68835	100.54848
31505.39156	75.29104
31505.09181	66.99526
31504.79404	57.63235
31504.49727	77.90554
31504.2005	55.54433
31503.90077	34.4569
31503.60401	-26.3224
31503.30726	5.11876
31503.00754	-71.90443
31502.71081	-65.50172
31502.41408	-9.41603
31502.11437	-92.70765
31501.81765	-47.68092
31501.52094	42.24694
31501.22324	11.63768
31500.92356	-49.25905
31500.62686	-48.70753
31500.33017	-45.17689
31500.03051	-7.93828
31499.73383	33.9272
31499.43715	-3.95
31499.13751	9.78303
31498.84084	46.71614
31498.54418	16.40083
31498.24456	3.57881
31497.94692	30.57466
31497.65028	107.25972
31497.35364	159.56856
31497.05403	161.46236
31496.75741	206.93269
31496.46079	269.89851
31496.1612	283.17171
31495.86459	266.98079
31495.56799	260.61751
31495.26842	261.34553
31494.97183	234.24885
31494.67524	347.89314
31494.37767	359.82479
31494.07812	493.6393
31493.78155	508.09473
31493.48499	527.26917
31493.18546	625.41155
31492.88891	562.87993
31492.59236	552.91497
31492.29284	596.48948
31491.99631	669.69488
31491.69978	650.24407
31491.40028	592.65477
31491.10277	854.67602
31490.80626	761.69982
31490.50975	1054.01634
31490.21028	900.42655
31489.91378	1547.16641
31489.61729	1781.34769
31489.31783	1834.44857
31489.02135	1970.12446
31488.72488	2234.68659
31488.42544	2416.48669
31488.12898	2751.21654
31487.83153	3061.40186
31487.53508	3229.58533
31487.23566	3491.95061
31486.93922	4803.02128
31486.64278	6287.38786
31486.34338	6433.21848
31486.04696	5320.26181
31485.75054	4798.88522
31485.45116	5426.9004
31485.15475	5125.92664
31484.85835	4293.41089
31484.55799	2018.15815
31484.2616	2945.2071
31483.96522	2094.05825
31483.66884	1797.66994
31483.36949	1886.83651
31483.07313	1392.22041
31482.77676	1238.76667
31482.47744	1017.24841
31482.18109	852.15819
31481.88474	708.76256
31481.58543	655.58634
31481.2891	448.45095
31480.99178	531.03203
31480.69546	330.58024
31480.39617	407.64157
31480.09985	354.64876
31479.80355	300.35076
31479.50428	337.7888
31479.20798	286.05795
31478.91169	373.24581
31478.61244	327.43898
31478.31616	324.58509
31478.01989	400.584
31477.72362	424.47205
31477.4234	444.11481
31477.12715	411.3293
31476.8309	387.74665
31476.53168	334.04382
31476.23544	432.07592
31475.93921	492.56431
31475.64001	452.75308
31475.34379	566.63528
31475.04757	532.95058
31474.74839	636.50947
31474.45219	751.19661
31474.155	891.33016
31473.8588	988.73286
31473.55964	1030.06251
31473.26346	1211.65784
31472.96729	1110.60425
31472.66814	1126.99834
31472.37198	952.34367
31472.07582	1002.94385
31471.77669	880.88776
31471.48054	835.44378
31471.1844	757.82012
31470.88727	666.70563
31470.58817	540.29015
31470.29204	527.73338
31469.99592	405.84361
31469.69684	358.80264
31469.40073	319.30032
31469.10462	265.59999
31468.80556	312.28876
31468.50946	408.62579
31468.21338	360.98896
31467.91432	381.24658
31467.61726	332.40161
31467.32119	318.26526
31467.02512	331.29785
31466.72609	359.98198
31466.43004	298.05705
31466.13399	261.16141
31465.83498	342.22591
31465.53894	300.38204
31465.24291	310.32746
31464.94391	324.36243
31464.64789	331.74439
31464.35188	392.53039
31464.05488	360.84385
31463.75591	348.78067
31463.45991	354.43313
31463.16392	417.40834
31462.86496	398.31171
31462.56898	460.25738
31462.27301	507.60931
31461.97407	453.67773
31461.6781	470.44859
31461.38214	557.06492
31461.08322	474.00516
31460.78628	507.4749
31460.49034	522.15519
31460.19441	446.8245
31459.89551	486.76449
31459.59958	372.61885
31459.30366	348.16511
31459.00478	425.90368
31458.70887	420.16894
31458.41297	290.81604
31458.1141	362.96477
31457.81821	400.43852
31457.52233	390.24381
31457.22546	323.36028
31456.92661	303.93821
31456.63074	344.22836
31456.33488	414.84811
31456.03605	321.96556
31455.7402	294.44298
31455.44435	406.14719
31455.14554	346.51248
31454.84971	342.28335
31454.55388	283.27907
31454.25509	317.83698
31453.95828	358.48324
31453.66246	361.13325
31453.36666	321.73371
31453.06789	316.33557
31452.77209	301.333
31452.4763	323.67052
31452.17755	365.17644
31451.88177	319.7808
31451.58599	321.4921
31451.28726	344.84957
31450.99149	285.77498
31450.69475	309.25839
31450.39899	282.60006
31450.10028	325.74147
31449.80454	244.45838
31449.5088	223.44397
31449.21011	277.20806
31448.91438	294.67375
31448.61867	279.44219
31448.31999	368.76963
31448.02428	366.90448
31447.72858	313.15142
31447.42892	359.36597
31447.13323	309.31359
31446.83755	357.22558
31446.54187	330.03258
31446.24323	317.61026
31445.94756	278.2056
31445.6519	263.54752
31445.35327	281.50997
31445.05762	297.38167
31444.76198	309.63715
31444.46337	287.27026
31444.16774	228.67602
31443.87112	276.82679
31443.57549	286.09351
31443.27691	304.53106
31442.9813	284.26164
31442.68569	217.87919
31442.38712	285.75425
31442.09153	272.64084
31441.79594	266.73422
31441.49739	327.88197
31441.20181	298.20362
31440.90624	321.38001
31440.61067	384.92529
31440.31115	336.37006
31440.01559	283.13821
31439.72004	268.42349
31439.42153	319.15328
31439.12599	284.50544
31438.83046	235.75214
31438.53196	283.39697
31438.23644	222.69176
31437.94092	306.73216
31437.64245	306.31961
31437.34694	345.121
31437.05045	260.38005
31436.75495	326.9683
31436.4565	290.41903
31436.16102	292.65597
31435.86554	339.24544
31435.5671	300.29994
31435.27163	268.37232
31434.97617	209.35461
31434.67775	277.85417
31434.3823	241.28007
31434.08685	216.68058
31433.79043	301.445
31433.49203	218.38438
31433.1966	302.02256
31432.90118	311.32223
31432.60279	269.68997
31432.30738	322.8146
31432.01198	252.17116
31431.71361	206.54215
31431.41822	360.05776
31431.12283	285.7864
31430.82448	263.36189
31430.52811	255.45223
31430.23274	319.51607
31429.93737	296.93563
31429.63905	229.10816
31429.34369	300.61817
31429.04834	192.90002
31428.75003	388.02995
31428.45469	298.52348
31428.15936	262.83255
31427.86107	296.82272
31427.56575	303.65337
31427.27043	335.55657
31426.97413	320.53949
31426.67586	334.42504
31426.38056	393.84752
31426.08527	264.55662
31425.78701	369.76565
31425.49173	302.97549
31425.19645	351.93068
31424.89822	392.86677
31424.60295	323.49433
31424.30769	326.67389
31424.00947	297.32775
31423.71323	225.17347
31423.41799	288.79151
31423.12275	210.55859
31422.82455	274.16716
31422.52933	286.06571
31422.2341	192.00748
31421.93592	294.84982
31421.64071	310.9449
31421.34551	266.79902
31421.04734	369.22364
31420.75215	349.53455
31420.45696	313.63794
31420.16079	280.26515
31419.86265	283.87433
31419.56748	302.79364
31419.27231	299.59523
31418.97419	360.41364
31418.67903	299.28436
31418.38388	306.15508
31418.08578	355.0797
31417.79064	297.03172
31417.4955	332.19785
31417.19742	337.44131
31416.90131	266.08159
31416.60619	304.57206
31416.31108	236.47476
31416.01301	283.3232
31415.71791	257.56429
31415.42282	260.76692
31415.12477	334.75488
31414.82968	339.95789
31414.53461	241.13305
31414.23657	384.26494
31413.94151	324.53996
31413.64546	372.94207
31413.3504	263.63408
31413.05239	285.98643
31412.75735	344.405
31412.46231	270.71578
31412.16432	333.38222
31411.86929	269.89515
31411.57427	338.0033
31411.27629	333.71527
31410.98128	209.60601
31410.68627	308.49403
31410.38733	331.32089
31410.09233	234.90609
31409.79734	307.0384
31409.50236	365.17939
31409.20442	255.03283
31408.90945	323.29894
31408.61448	339.13183
31408.31656	299.90971
31408.02161	259.72001
31407.72666	291.97513
31407.42876	225.76156
31407.13382	266.40108
31406.8379	271.5047
31406.54297	340.18071
31406.24509	349.70298
31405.95017	324.93479
31405.65526	273.60325
31405.3574	284.21243
31405.0625	291.78151
31404.7676	354.29359
31404.46975	312.2641
31404.17487	332.93292
31403.87999	281.07073
31403.58512	250.01372
31403.28631	318.79541
31402.99145	342.17687
31402.69659	292.36375
31402.39879	315.63846
31402.10394	294.21134
31401.8091	332.60696
31401.51131	212.80745
31401.21648	236.10298
31400.92166	328.93586
31400.62389	263.23596
31400.32908	309.1372
31400.03328	316.51612
31399.73848	253.34814
31399.44073	320.06682
31399.14594	281.21476
31398.85116	288.6425
31398.55342	316.86716
31398.25865	284.18719
31397.96389	258.18572
31397.66617	323.32761
31397.37141	363.9852
31397.07666	293.61569
31396.78093	299.74974
31396.48324	313.03812
31396.1885	320.44375
31395.89378	281.30484
31395.5961	323.89461
31395.30138	337.25459
31395.00667	292.378
31394.70901	305.37145
31394.41431	319.52904
31394.11961	386.14781
31393.82197	297.66812
31393.5263	261.14861
31393.23162	306.7957
31392.93695	249.18705
31392.63932	361.94016
31392.34466	292.67074
31392.05001	327.05416
31391.7524	337.2212
31391.45776	318.34754
31391.16312	308.89795
31390.86553	288.09539
31390.5709	264.82353
31390.27628	300.00956
31389.98068	318.90016
31389.68311	330.67976
31389.3885	286.46467
31389.0939	357.21344
31388.79635	386.92004
31388.50176	385.62889
31388.20718	328.34776
31387.90965	302.20255
31387.61507	381.41116
31387.32051	348.29799
31387.02299	397.16231
31386.72745	387.39181
31386.4329	478.52693
31386.13836	385.87691
31385.84086	377.01075
31385.54633	417.52402
31385.2518	478.74532
31384.95432	423.98146
31384.65981	388.90125
31384.36529	456.19776
31384.06783	338.8045
31383.77333	437.90838
31383.47884	389.9124
31383.18337	310.02008
31382.88593	383.04528
31382.59145	481.27196
31382.29698	367.55137
31381.99955	387.85025
31381.70509	431.30959
31381.41064	354.23183
31381.11323	369.42133
31380.81879	406.01203
31380.52435	475.72406
31380.22696	372.08984
31379.93155	367.33692
31379.63713	380.71497
31379.34271	411.09252
31379.04534	342.34209
31378.75094	407.5568
31378.45654	422.40848
31378.15919	394.43661
31377.8648	340.92745
31377.57042	360.28718
31377.27308	380.16224
31376.97871	411.17013
31376.68336	361.13011
31376.389	339.02207
31376.09169	371.86978
31375.79734	297.07058
31375.50299	383.37392
31375.2057	393.09418
31374.91137	368.60919
31374.61704	405.46283
31374.31976	314.78759
31374.02544	368.04381
31373.73113	371.81004
31373.43289	364.30925
31373.13859	324.8213
31372.84429	397.62903
31372.55	412.01928
31372.25277	485.44707
31371.95849	355.78313
31371.66422	404.95683
31371.367	386.91489
31371.07273	453.50729
31370.77848	403.79085
31370.48127	387.90126
31370.18703	423.78907
31369.89181	408.86428
31369.59757	422.22841
31369.30039	474.84052
31369.00617	330.34674
31368.71195	348.84905
31368.41479	312.39257
31368.12058	344.14439
31367.82638	312.56004
31367.52923	382.43191
31367.23504	378.44204
31366.94086	360.74196
31366.64668	377.12586
31366.34857	424.95076
31366.0544	341.51704
31365.76024	322.13019
31365.46313	321.46472
31365.16898	360.14696
31364.87483	369.25622
31364.57774	425.35487
31364.28361	309.23011
31363.98948	346.43542
31363.6924	313.94634
31363.39829	402.17802
31363.10319	360.62164
31362.80908	361.1823
31362.51203	358.53977
31362.21794	423.36192
31361.92385	408.8845
31361.62681	310.66226
31361.33273	420.55214
31361.03866	346.81032
31360.74164	391.47614
31360.44758	349.45477
31360.15352	383.34014
31359.85848	349.93171
31359.56149	421.84094
31359.26745	310.61339
31358.97341	357.45933
31358.67643	404.01091
31358.38241	296.38004
31358.08839	411.93716
31357.79143	342.82149
31357.49742	370.49812
31357.20342	368.04218
31356.90647	365.2395
31356.6115	350.01511
31356.31751	487.87973
31356.02353	381.89841
31355.72661	398.30422
31355.43264	314.83852
31355.13868	324.41114
31354.84177	384.32965
31354.54782	367.49676
31354.25387	341.93364
31353.95698	362.8336
31353.66305	395.35568
31353.36912	364.90684
31353.07421	399.7501
31352.77734	381.714
31352.48343	401.06665
31352.18952	413.0924
31351.89267	365.5927
31351.59877	408.11893
31351.30488	383.21304
31351.00805	415.46041
31350.71417	385.15047
31350.42029	402.19747
31350.12348	379.48633
31349.82863	369.50978
31349.53477	424.16127
31349.24092	319.55079
31348.94413	317.53693
31348.65028	356.64617
31348.35645	372.27983
31348.05967	263.67222
31347.76584	345.978
31347.47203	343.86215
31347.17526	386.34219
31346.88146	434.49587
31346.58765	464.18373
31346.29287	401.8876
31345.99613	363.28975
31345.70235	362.72859
31345.40857	426.24018
31345.11184	394.104
31344.81807	453.58796
31344.52431	387.22431
31344.2276	422.90015
31343.93385	375.48108
31343.6401	339.05639
31343.34342	497.79936
31343.0487	418.45294
31342.75497	488.22063
31342.46124	456.14189
31342.16457	439.99912
31341.87086	530.09665
31341.57715	485.96566
31341.2805	467.02967
31340.9868	455.73975
31340.69311	407.86073
31340.39648	418.91327
31340.1028	431.55035
31339.80814	406.38996
31339.51447	420.83685
31339.21786	434.25634
31338.9242	418.86143
31338.63054	363.50901
31338.33395	455.84427
31338.04031	359.12807
31337.74667	298.33302
31337.45009	429.83723
31337.15647	390.42524
31336.86285	392.88943
31336.5653	403.83128
31336.27169	447.24546
31335.97809	412.49337
31335.68449	289.64413
31335.38795	357.37709
31335.09437	480.94556
31334.80078	394.61267
31334.50426	352.26239
31334.21069	328.86004
31333.91713	325.62712
31333.62062	338.52854
31333.32707	349.81186
31333.03254	374.42222
31332.73899	341.36179
31332.44251	369.16531
31332.14898	389.24355
31331.85545	380.58913
31331.55899	414.17853
31331.26547	456.39497
31330.97196	430.7796
31330.67551	461.0421
31330.38201	440.27122
31330.08852	430.20518
31329.79503	357.38303
31329.49762	435.12098
31329.20414	356.47388
31328.91067	409.25207
31328.61426	421.70818
31328.3208	330.31194
31328.02735	327.15336
31327.73095	298.33921
31327.43751	375.92758
31327.14407	366.61007
31326.84769	295.81141
31326.55427	344.2865
31326.25986	326.67653
31325.96645	304.57692
31325.67009	348.60553
31325.37669	293.19268
31325.08329	383.58062
31324.78695	352.72252
31324.49356	387.13695
31324.20018	355.63999
31323.90386	365.65396
31323.61048	334.10732
31323.31712	352.10072
31323.02278	351.42544
31322.72648	366.0876
31322.43313	343.15974
31322.13978	401.03849
31321.8435	387.33566
31321.55017	282.77828
31321.25684	393.64425
31320.96057	328.43775
31320.66726	371.51648
31320.37394	388.07226
31320.0777	325.04533
31319.78341	312.51325
31319.49012	407.63958
31319.19683	378.93486
31318.9006	320.21336
31318.60732	391.52415
31318.31405	347.34287
31318.01784	351.92935
31317.72458	384.92678
31317.43132	346.08046
31317.13513	390.9765
31316.84188	350.76007
31316.54864	339.84404
31316.25443	299.2226
31315.95826	281.00549
31315.66504	300.39208
31315.37182	334.16795
31315.07566	322.09205
31314.78246	323.45935
31314.48925	332.00451
31314.19312	339.06462
31313.89993	345.47038
31313.60674	277.37857
31313.31062	283.81088
31313.01647	320.21714
31312.7233	307.21994
31312.43014	290.51291
31312.13404	328.84255
31311.84089	323.3871
31311.54774	348.43177
31311.25166	275.36835
31310.95852	334.76788
31310.66539	263.62981
31310.36933	292.36631
31310.07621	326.65598
31309.7831	224.74204
31309.48901	266.07994
31309.19296	248.95987
31308.89987	282.15055
31308.60678	265.16861
31308.31075	246.57084
31308.01767	220.32023
31307.7246	247.17899
31307.42859	268.63594
31307.13552	199.18734
31306.84246	220.09432
31306.54647	250.18409
31306.25244	251.53457
31305.9594	265.14076
31305.66637	254.03614
31305.3704	202.84942
31305.07737	223.08379
31304.78435	289.26335
31304.4884	180.92905
31304.19539	247.49338
31303.90239	263.9858
31303.60645	271.1094
31303.31346	223.59133
31303.01949	245.01675
31302.72651	277.88284
31302.43059	206.85579
31302.13762	191.76801
31301.84466	269.71515
31301.54876	269.93993
31301.25581	237.2578
31300.96286	232.10093
31300.66698	214.96158
31300.37404	231.30666
31300.08111	236.45913
31299.78426	285.30099
31299.49134	253.13107
31299.19843	264.14999
31298.90552	244.06206
31298.60968	216.827
31298.31678	246.53378
31298.02388	233.92696
31297.72806	239.89918
31297.43518	277.19252
31297.1423	219.85938
31296.84649	213.69598
31296.55362	209.58282
31296.25978	243.39313
31295.96693	204.20892
31295.67114	211.06786
31295.3783	193.27879
31295.08546	255.35667
31294.78969	189.23379
31294.49686	222.79446
31294.20404	175.22401
31293.90829	170.52608
31293.61548	256.33503
31293.32267	287.36969
31293.02987	228.8377
31292.73316	190.58729
31292.44037	214.06799
31292.14759	206.77392
31291.85187	273.18938
31291.5591	200.3975
31291.26634	212.24527
31290.97064	225.18038
31290.67788	192.24191
31290.38513	227.06441
31290.08945	212.75269
31289.79671	227.14893
31289.503	227.33962
31289.21027	236.0735
31288.91461	239.84418
31288.62189	179.56658
31288.32918	169.38774
31288.03354	209.82835
31287.74084	227.41916
31287.44814	165.99484
31287.15252	193.71658
31286.85983	212.25762
31286.56715	200.05535
31286.2735	176.24492
31285.9779	212.81621
31285.68523	208.74968
31285.39258	175.71746
31285.09699	237.56658
31284.80434	141.43657
31284.5117	161.83095
31284.21613	255.47194
31283.9235	199.41005
31283.63088	172.91506
31283.33533	233.94899
31283.04174	174.0757
31282.74913	168.36952
31282.45653	207.72511
31282.16099	198.7267
31281.8684	192.58901
31281.57582	169.71291
31281.2803	165.85854
31280.98773	176.2289
31280.69516	163.80446
31280.39966	166.44252
31280.1071	148.96327
31279.81455	141.16225
31279.52103	181.46181
31279.22555	186.37648
31278.93301	169.33473
31278.64048	219.91591
31278.34502	138.43984
31278.0525	158.92336
31277.75999	115.38234
31277.46455	175.95009
31277.17204	144.42238
31276.87955	97.31154
31276.58412	149.51674
31276.29065	194.37685
31275.99817	77.69911
31275.7057	150.73634
31275.41029	133.37563
31275.11783	220.60487
31274.82537	179.67568
31274.52998	115.95351
31274.23753	119.13832
31273.94509	169.52126
31273.64972	141.7505
31273.35729	160.86611
31273.06486	166.31911
31272.77146	155.90224
31272.47611	146.95448
31272.18371	170.28627
31271.8913	152.84743
31271.59597	84.13222
31271.30358	156.65041
31271.01119	172.19826
31270.71587	121.75527
31270.4235	151.11696
31270.13112	101.29799
31269.83582	146.95168
31269.54249	156.43215
31269.25013	166.59474
31268.95778	176.92201
31268.66251	112.33669
31268.37017	119.54567
31268.07783	117.76686
31267.78257	99.77138
31267.49025	116.33705
31267.19794	94.45982
31266.90269	80.09019
31266.61039	55.03782
31266.31711	107.3878
31266.02481	153.58104
31265.72959	89.06566
31265.43731	132.76231
31265.14503	178.07615
31264.84983	109.62559
31264.55756	112.40599
31264.2653	153.23008
31263.97011	144.32322
31263.67786	147.43443
31263.38561	168.07835
31263.08946	75.08238
31262.79723	139.97691
31262.505	93.94578
31262.21278	110.63707
31261.91763	218.02452
31261.62542	201.95738
31261.33321	192.61912
31261.03808	138.14744
31260.74588	84.92344
31260.45369	131.75633
31260.15857	97.85655
31259.8664	99.88646
31259.57324	61.99205
31259.28108	66.51439
31258.98598	96.34825
31258.69382	117.32188
31258.40167	81.80333
31258.10659	53.40074
31257.81445	121.43846
31257.52232	135.7556
31257.22726	124.06248
31256.93513	81.93626
31256.64301	88.52488
31256.3509	92.91392
31256.05488	72.09373
31255.76278	81.02806
31255.47068	59.2003
31255.17566	65.71055
31254.88358	141.46495
31254.59149	110.25779
31254.29649	122.68882
31254.00442	117.05638
31253.71236	54.7711
31253.41737	79.52366
31253.12531	84.06736
31252.83229	25.69957
31252.54025	104.96055
31252.24528	42.44908
31251.95325	52.6428
31251.66122	80.32652
31251.36627	65.22679
31251.07426	100.0952
31250.78225	81.2838
31250.48731	88.86924
31250.19531	38.39854
31249.90332	54.29051
31249.61036	47.72996
31249.31544	38.35972
31249.02347	67.19127
31248.7315	56.68602
31248.4366	63.57872
31248.14464	8.78294
31247.26586	167.31138
31246.97393	109.0095
31246.67906	95.99351
31246.38616	38.55223
31246.09424	16.44346
31245.80232	85.84276
31245.50748	48.36436
31245.21558	109.33897
31244.92368	79.42955
31244.62885	45.02549
31244.33696	39.82225
31244.04508	39.94102
31243.75027	21.14439
31243.4584	-7.51674
31243.16653	47.59727
31242.8737	38.23228
31242.57891	47.92308
31242.28706	13.97389
31241.99522	6.29323
31241.70045	24.32985
31241.40861	37.49049
