wno	int
26939.91393	336.7034
26940.34848	324.6389
26940.78304	313.1498
26941.21761	312.56554
26941.6522	318.8282
26942.0868	330.30969
26942.52141	328.1475
26942.95604	326.27768
26943.39069	324.8261
26943.82534	324.39362
26944.26001	332.71139
26944.6947	327.7683
26945.1294	318.2516
26945.56411	314.4877
26945.99884	318.08387
26946.43358	338.7565
26946.86834	353.94545
26947.30311	357.0624
26947.73789	342.07694
26948.17269	342.72646
26948.6075	343.0674
26949.04233	335.87752
26949.47717	334.6851
26949.91202	318.0449
26950.34689	314.48423
26950.78177	326.2129
26951.21667	345.81485
26951.65158	340.9812
26952.0865	327.7866
26952.52144	317.32133
26952.9564	335.7308
26953.39136	355.25231
26953.82634	346.2906
26954.26134	319.8164
26954.69635	316.3239
26955.13137	317.05303
26955.56641	319.8196
26956.00146	329.63547
26956.43652	324.07731
26956.8716	323.2216
26957.3067	349.6386
26957.7418	363.97939
26958.17693	356.2787
26958.61206	336.0576
26959.04721	332.0157
26959.48238	331.55947
26959.91755	332.97481
26960.35275	324.5785
26960.78795	315.55683
26961.22317	337.2317
26961.65841	339.6898
26962.09366	360.09863
26962.52892	331.2395
26962.96419	324.51025
26963.39949	331.70912
26963.83479	337.67404
26964.27011	342.58127
26964.70544	333.5937
26965.14079	332.1754
26965.57615	323.25395
26966.01153	336.7791
26966.44692	349.32311
26966.88232	340.8801
26967.31774	335.2231
26967.75317	338.92863
26968.18861	355.6858
26968.62407	358.06055
26969.05955	351.60058
26969.49504	351.84335
26969.93054	356.76513
26970.36605	375.7674
26970.80158	376.86353
26971.23713	368.53413
26971.67269	382.3875
26972.10826	390.3564
26972.54385	446.5507
26972.97945	389.8299
26973.41506	354.59837
26973.85069	345.4231
26974.28634	380.22018
26974.72199	377.7857
26975.15766	349.0844
26975.59335	347.68303
26976.02905	350.7313
26976.46476	358.88463
26976.90049	362.56519
26977.33623	388.7664
26977.77199	322.4821
26978.20776	336.9937
26978.64354	340.2857
26979.07934	357.8426
26979.51516	353.92832
26979.95098	336.64857
26980.38682	330.6948
26980.82268	331.6879
26981.25855	340.47343
26981.69443	333.2429
26982.13033	318.68021
26982.56624	331.4534
26983.00216	333.9029
26983.4381	348.47983
26983.87406	326.9211
26984.31003	326.0789
26984.74601	327.45607
26985.182	331.68351
26985.61801	332.82961
26986.05404	332.90354
26986.49008	331.3182
26986.92613	326.68948
26987.3622	335.73558
26987.79828	332.5223
26988.23437	320.9236
26988.67048	312.78243
26989.10661	311.9546
26989.54274	315.0105
26989.97889	327.39154
26990.41506	329.2823
26990.85124	324.74903
26991.28743	324.3169
26991.72364	343.5569
26992.15986	342.62659
26992.5961	336.45922
26993.03235	333.39351
26993.46862	330.3784
26993.9049	317.0356
26994.34119	321.5867
26994.7775	332.03288
26995.21382	326.71337
26995.65015	325.1497
26996.0865	339.4008
26996.52287	339.16643
26996.95924	330.66988
26997.39564	329.01717
26997.83204	327.67446
26998.26846	329.3024
26998.7049	343.16784
26999.14134	328.87911
26999.57781	322.36362
27000.01428	317.3425
27000.45078	320.60085
27000.88728	335.01045
27001.3238	321.2874
27001.76033	316.1101
27002.19688	328.0112
27002.63344	339.81537
27003.07002	318.697
27003.50661	317.85436
27003.94321	317.90427
27004.37983	313.5699
27004.81646	363.9449
27005.25311	338.8177
27005.68977	320.91345
27006.12645	332.0713
27006.56314	341.6693
27006.99984	357.6325
27007.43656	379.2445
27007.87329	328.9933
27008.31003	324.09627
27008.74679	330.0633
27009.18357	356.26363
27009.62036	356.4713
27010.05716	344.98647
27010.49398	348.6894
27010.93081	351.2697
27011.36765	356.24022
27011.80451	368.90365
27012.24138	362.2544
27012.67827	366.6242
27013.11517	384.04613
27013.55209	380.33378
27013.98902	371.6568
27014.42596	367.03808
27014.86292	374.04817
27015.29989	369.09796
27015.73688	393.2436
27016.17388	396.4222
27016.6109	362.6482
27017.04793	344.7886
27017.48497	346.04564
27017.92203	359.4198
27018.3591	356.23462
27018.79618	337.4642
27019.23328	333.38317
27019.6704	336.0339
27020.10753	363.77436
27020.54467	359.8122
27020.98183	337.1807
27021.419	336.95095
27021.85618	349.4826
27022.29338	350.47021
27022.7306	327.6256
27023.16782	331.64796
27023.60507	343.2072
27024.04232	353.82235
27024.47959	374.36229
27024.91688	376.06036
27025.35417	375.5733
27025.79149	387.91129
27026.22881	387.7574
27026.66616	454.6295
27027.10351	429.44101
27027.54088	423.68003
27027.97827	412.62625
27028.41566	418.30562
27028.85308	422.02553
27029.2905	434.23478
27029.72794	438.8031
27030.1654	393.3849
27030.60287	389.88555
27031.04035	399.5817
27031.47785	394.31065
27031.91536	366.855
27032.35288	348.6417
27032.79042	351.51565
27033.22798	353.42167
27033.66555	337.71518
27034.10313	339.03949
27034.54073	343.72621
27034.97834	352.96589
27035.41596	351.3468
27035.8536	335.13363
27036.29126	327.38021
27036.72892	326.46385
27037.16661	347.13585
27037.6043	349.2346
27038.04201	341.67484
27038.47974	341.82648
27038.91748	338.69287
27039.35523	338.41994
27039.793	339.9913
27040.23078	357.72179
27040.66857	358.72261
27041.10638	359.89869
27041.54421	355.4194
27041.98205	355.59864
27042.4199	372.69342
27042.85777	373.39469
27043.29565	372.3343
27043.73354	370.7582
27044.17145	365.03214
27044.60937	356.94155
27045.04731	344.55394
27045.48526	365.8061
27045.92323	367.6785
27046.36121	389.2901
27046.79921	393.56019
27047.23722	389.5683
27047.67524	376.47704
27048.11328	382.4598
27048.55133	400.2363
27048.98939	404.07136
27049.42747	403.21033
27049.86557	402.31214
27050.30368	372.7303
27050.7418	427.8851
27051.17994	445.5259
27051.61809	387.809
27052.05625	396.06093
27052.49443	390.60182
27052.93263	405.60961
27053.37084	402.3203
27053.80906	462.3492
27054.24729	427.19136
27054.68555	414.94972
27055.12381	384.3181
27055.56209	447.3745
27056.00038	465.8071
27056.43869	470.0339
27056.87701	455.04
27057.31535	413.2607
27057.7537	573.3861
27058.19207	572.09957
27058.63044	570.19505
27059.06884	535.7664
27059.50725	610.866
27059.94567	604.8446
27060.3841	662.3094
27060.82255	650.6936
27061.26102	590.2924
27061.6995	590.688
27062.13799	672.2592
27062.5765	726.8346
27063.01502	671.3248
27063.45355	657.898
27063.8921	665.89762
27064.33067	641.0528
27064.76925	702.8115
27065.20784	734.9663
27065.64645	610.6141
27066.08507	632.6827
27066.5237	563.6604
27066.96235	526.9901
27067.40102	464.898
27067.8397	413.4249
27068.27839	399.038
27068.7171	450.8898
27069.15582	449.28239
27069.59455	435.89283
27070.0333	456.8897
27070.47207	459.87118
27070.91084	457.2127
27071.34964	447.899
27071.78844	435.56797
27072.22726	441.47791
27072.6661	430.1541
27073.10495	485.9956
27073.54381	479.66195
27073.98269	475.2616
27074.42158	467.32131
27074.86049	467.1536
27075.29941	573.2591
27075.73834	523.0112
27076.17729	508.62379
27076.61626	522.3249
27077.05523	542.8907
27077.49423	579.1584
27077.93323	492.5452
27078.37225	416.3633
27078.81129	459.597
27079.25034	488.60895
27079.6894	483.9179
27080.12848	473.6009
27080.56757	458.6881
27081.00668	455.73703
27081.4458	457.6156
27081.88493	461.0709
27082.32408	492.2801
27082.76325	406.8228
27083.20242	386.19925
27083.64162	394.8773
27084.08082	402.69659
27084.52004	386.18955
27084.95928	383.6755
27085.39853	385.97876
27085.83779	382.02032
27086.27707	394.8756
27086.71636	397.92139
27087.15567	385.9682
27087.59499	475.4504
27088.03432	433.7849
27088.47367	483.8611
27088.91303	511.93285
27089.35241	512.6765
27089.7918	504.75326
27090.23121	525.63127
27090.67063	531.57352
27091.11006	533.9381
27091.54951	587.0714
27091.98898	630.3967
27092.42846	703.735
27092.86795	762.9184
27093.30745	722.3214
27093.74697	865.1572
27094.18651	787.8146
27094.62606	905.7159
27095.06562	924.0353
27095.5052	837.8808
27095.94479	951.897
27096.3844	890.9161
27096.82402	1002.082
27097.26365	908.3345
27097.7033	858.1316
27098.14297	962.8509
27098.58265	982.4893
27099.02234	960.0623
27099.46204	779.7062
27099.90176	897.0373
27100.3415	819.6509
27100.78125	765.521
27101.22101	580.6874
27101.66079	599.4675
27102.10058	534.584
27102.54039	496.5529
27102.98021	580.214
27103.42005	583.0219
27103.8599	619.59433
27104.29976	622.5871
27104.73964	560.1947
27105.17953	676.8531
27105.61944	688.2516
27106.05936	700.49874
27106.4993	702.8895
27106.93925	780.4734
27107.37921	702.977
27107.81919	790.5652
27108.25918	764.6719
27108.69919	845.0486
27109.13921	858.446
27109.57925	738.5386
27110.0193	734.4055
27110.45936	716.775
27110.89944	697.05171
27111.33953	696.75763
27111.77964	698.2053
27112.21976	594.3322
27112.6599	594.66504
27113.10005	611.5907
27113.54021	608.38835
27113.98039	606.9207
27114.42058	675.881
27114.86079	604.1293
27115.30101	711.0943
27115.74125	714.7914
27116.1815	660.8791
27116.62177	574.0315
27117.06205	579.06025
27117.50234	558.03376
27117.94265	558.566
27118.38297	575.59453
27118.82331	544.8673
27119.26366	525.8721
27119.70402	498.88646
27120.1444	527.3825
27120.5848	393.6464
27121.02521	408.74608
27121.46563	395.50546
27121.90607	389.784
27122.34652	390.03246
27122.78698	376.34876
27123.22746	365.89849
27123.66796	355.67296
27124.10847	363.6638
27124.54899	367.8326
27124.98953	388.38876
27125.43008	391.64309
27125.87065	404.6785
27126.31123	406.01658
27126.75182	401.1058
27127.19243	403.61896
27127.63305	433.096
27128.07369	467.9926
27128.51434	395.6992
27128.95501	422.40464
27129.39569	416.0431
27129.83639	369.686
27130.2771	341.02925
27130.71782	355.667
27131.15856	359.4729
27131.59931	370.13391
27132.04008	358.0084
27132.48086	343.32442
27132.92166	357.0441
27133.36247	367.46883
27133.80329	359.16459
27134.24413	353.97035
27134.68498	350.20118
27135.12585	360.37
27135.56673	359.24934
27136.00763	351.8599
27136.44854	351.54637
27136.88947	362.55987
27137.33041	336.3297
27137.77136	424.3334
27138.21233	363.8694
27138.65331	392.2394
27139.09431	482.2892
27139.53532	453.1721
27139.97634	448.7419
27140.41738	466.5048
27140.85844	504.408
27141.29951	507.1723
27141.74059	506.26325
27142.18169	501.94419
27142.6228	506.46645
27143.06393	490.637
27143.50507	546.9105
27143.94622	562.25369
27144.38739	557.8662
27144.82858	424.9315
27145.26977	461.6436
27145.71099	473.8892
27146.15221	476.13682
27146.59346	448.4899
27147.03471	430.3344
27147.47598	415.18236
27147.91727	438.7372
27148.35857	371.8096
27148.79988	388.88149
27149.24121	385.30476
27149.68255	391.972
27150.1239	414.8298
27150.56528	424.4406
27151.00666	442.0661
27151.44806	366.4303
27151.88947	392.1427
27152.3309	386.22336
27152.77235	383.1368
27153.2138	414.88524
27153.65527	416.6302
27154.09676	383.50248
27154.53826	387.3542
27154.97978	423.3651
27155.4213	364.6325
27155.86285	385.5553
27156.30441	392.39704
27156.74598	386.33128
27157.18757	383.41838
27157.62917	355.0399
27158.07078	349.53363
27158.51241	349.3512
27158.95406	352.86829
27159.39572	341.50123
27159.83739	344.54868
27160.27908	342.457
27160.72078	334.5623
27161.16249	329.08845
27161.60423	333.68089
27162.04597	332.58214
27162.48773	332.4551
27162.9295	334.89783
27163.37129	331.00198
27163.8131	326.04656
27164.25491	319.37479
27164.69674	328.92536
27165.13859	333.4013
27165.58045	328.2739
27166.02233	327.64365
27166.46421	334.08725
27166.90612	335.67819
27167.34804	336.4995
27167.78997	341.35673
27168.23192	327.2793
27168.67388	320.03524
27169.11585	328.0781
27169.55784	332.08497
27169.99985	329.97283
27170.44187	331.2081
27170.8839	333.078
27171.32595	340.49804
27171.76801	345.35009
27172.21009	358.42816
27172.65218	346.1868
27173.09428	335.5102
27173.5364	389.8716
27173.97854	372.733
27174.42069	351.47995
27174.86285	353.36615
27175.30503	354.6221
27175.74722	353.0116
27176.18943	416.4856
27176.63165	360.3988
27177.07388	372.1305
27177.51613	407.7359
27177.9584	403.0486
27178.40068	377.888
27178.84297	360.8275
27179.28528	363.31814
27179.7276	359.19103
27180.16993	367.3062
27180.61229	406.10298
27181.05465	420.72074
27181.49703	438.6413
27181.93942	515.8749
27182.38183	522.25261
27182.82426	505.1993
27183.26669	593.162
27183.70915	542.4608
27184.15161	521.2933
27184.59409	508.2582
27185.03659	502.96574
27185.4791	506.8563
27185.92162	449.8628
27186.36416	431.4192
27186.80671	432.69981
27187.24928	424.9753
27187.69186	405.29623
27188.13446	422.3782
27188.57707	425.58482
27189.0197	409.9625
27189.46234	408.0753
27189.90499	407.1917
27190.34766	391.6821
27190.79034	388.19688
27191.23304	379.78289
27191.67575	360.61045
27192.11848	359.77673
27192.56122	355.2622
27193.00397	349.4355
27193.44674	339.1577
27193.88953	335.1452
27194.33233	321.30117
27194.77514	329.32768
27195.21797	330.8805
27195.66081	320.54654
27196.10367	317.62661
27196.54654	315.00838
27196.98942	322.1779
27197.43232	323.67027
27197.87524	317.34105
27198.31817	318.67964
27198.76111	320.56169
27199.20407	327.31739
27199.64704	329.6438
27200.09003	316.7905
27200.53303	315.19507
27200.97604	324.3933
27201.41907	328.54089
27201.86212	327.0711
27202.30518	307.36318
27202.74825	309.6855
27203.19134	319.54653
27203.63444	320.3264
27204.07756	313.70204
27204.52069	317.0751
27204.96383	323.88201
27205.407	318.78431
27205.85017	317.8342
27206.29336	329.76732
27206.73656	314.4462
27207.17978	313.411
27207.62301	308.86832
27208.06626	312.10856
27208.50952	311.50468
27208.9528	311.5239
27209.39609	327.75992
27209.8394	326.6028
27210.28271	316.96391
27210.72605	327.45586
27211.1694	322.90966
27211.61276	321.6517
27212.05614	320.08697
27212.49953	310.818
27212.94294	307.25377
27213.38636	308.62203
27213.82979	310.39553
27214.27324	315.75986
27214.71671	309.37816
27215.16019	306.53902
27215.60368	306.6364
27216.04719	306.03918
27216.49071	310.7882
27216.93425	311.0006
27217.3778	305.6945
27217.82137	307.1302
27218.26495	329.4489
27218.70854	340.76506
27219.15215	334.8328
27219.59577	333.02686
27220.03941	341.24463
27220.48307	338.2536
27220.92673	339.35248
27221.37042	350.6647
27221.81411	347.85769
27222.25782	342.11908
27222.70155	346.17385
27223.14529	343.4023
27223.58904	347.27387
27224.03281	333.207
27224.4766	332.1347
27224.92039	329.64489
27225.36421	333.0644
27225.80803	327.48177
27226.25187	327.47913
27226.69573	326.5566
27227.1396	327.585
27227.58349	318.91249
27228.02739	323.34213
27228.4713	321.0262
27228.91523	319.62001
27229.35917	321.4884
27229.80313	323.68535
27230.2471	325.8907
27230.69109	323.94723
27231.13509	326.16593
27231.5791	318.38295
27232.02313	321.8614
27232.46718	323.0866
27232.91124	321.37486
27233.35531	322.493
27233.7994	329.3214
27234.2435	326.50886
27234.68762	312.96331
27235.13175	309.08537
27235.5759	306.15171
27236.02006	312.3305
27236.46424	312.7152
27236.90843	316.03766
27237.35263	306.1451
27237.79685	304.3624
27238.24108	302.56118
27238.68533	304.7604
27239.12959	302.96518
27239.57387	298.68893
27240.01816	299.21642
27240.46247	301.2791
27240.90679	307.3113
27241.35112	315.80435
27241.79547	309.01124
27242.23984	307.86742
27242.68422	300.8464
27243.12861	296.61797
27243.57302	298.4496
27244.01744	299.5258
27244.46188	298.4402
27244.90633	297.29819
27245.35079	312.3722
27245.79528	318.7423
27246.23977	319.54955
27246.68428	320.25534
27247.1288	311.52889
27247.57334	311.5244
27248.0179	311.97581
27248.46246	311.16441
27248.90705	316.89285
27249.35164	319.22644
27249.79626	319.93018
27250.24088	319.95871
27250.68552	321.34346
27251.13018	322.4824
27251.57485	327.55277
27252.01953	318.3604
27252.46423	313.4792
27252.90894	313.06722
27253.35367	312.00302
27253.79841	312.2221
27254.24317	311.33396
27254.68794	315.07905
27255.13273	315.90449
27255.57753	317.7293
27256.02234	320.9963
27256.46717	321.20737
27256.91202	321.0666
27257.35688	320.25012
27257.80175	327.04212
27258.24664	326.4578
27258.69154	314.2231
27259.13646	309.17611
27259.58139	316.101
27260.02634	323.1455
27260.4713	321.1778
27260.91627	318.8792
27261.36126	315.1627
27261.80627	316.81701
27262.25129	319.62646
27262.69632	315.19305
27263.14137	315.1206
27263.58643	317.64077
27264.03151	316.57497
27264.4766	319.58712
27264.92171	317.5627
27265.36683	317.36265
27265.81196	321.07457
27266.25711	322.0522
27266.70228	319.56806
27267.14746	323.0083
27267.59265	321.89306
27268.03786	315.1498
27268.48308	308.33537
27268.92832	313.157
27269.37357	316.87877
27269.81884	315.89109
27270.26412	315.9956
27270.70942	315.62699
27271.15473	315.53597
27271.60005	317.64535
27272.04539	317.3982
27272.49075	312.7533
27272.93612	306.7445
27273.3815	306.6359
27273.8269	304.6513
27274.27231	303.9689
27274.71774	302.78455
27275.16318	303.46253
27275.60864	302.8314
27276.05411	303.32015
27276.49959	303.67158
27276.94509	302.1705
27277.39061	304.02182
27277.83614	302.28946
27278.28168	302.7353
27278.72724	307.0779
27279.17281	310.86958
27279.6184	301.1687
27280.064	298.6043
27280.50962	302.77512
27280.95525	301.11164
27281.4009	304.7792
27281.84656	304.0072
27282.29223	301.60105
27282.73792	308.5019
27283.18363	307.61518
27283.62935	299.57626
27284.07508	300.9277
27284.52083	303.20102
27284.96659	296.38061
27285.41237	297.17396
27285.85816	294.5484
27286.30397	294.42581
27286.74979	293.98739
27287.19562	293.15544
27287.64147	296.2059
27288.08734	300.47608
27288.53322	297.52247
27288.97911	297.41999
27289.42502	299.61284
27289.87095	308.5487
27290.31688	306.15801
27290.76284	296.5037
27291.20881	295.08466
27291.65479	294.5407
27292.10078	297.15931
27292.5468	302.54703
27292.99282	301.83189
27293.43886	305.86056
27293.88492	305.34497
27294.33099	305.57392
27294.77707	302.78835
27295.22317	300.64973
27295.66928	299.28599
27296.11541	301.48385
27296.56155	299.6044
27297.00771	298.31997
27297.45388	303.68347
27297.90007	305.9985
27298.34627	299.92865
27298.79249	304.22501
27299.23872	305.0275
27299.68496	303.54927
27300.13122	306.293
27300.5775	312.11532
27301.02379	304.69531
27301.47009	303.61283
27301.91641	303.45
27302.36274	305.57892
27302.80909	314.45939
27303.25545	309.73261
27303.70183	306.4268
27304.14822	309.3619
27304.59463	309.30431
27305.04105	308.16513
27305.48748	305.72663
27305.93393	312.06353
27306.3804	315.1389
27306.82688	310.16277
27307.27337	311.86637
27307.71988	305.28
27308.1664	303.35404
27308.61294	306.21599
27309.05949	306.66391
27309.50606	314.40002
27309.95264	313.1698
27310.39924	306.67532
27310.84585	312.0818
27311.29248	313.5249
27311.73912	315.14011
27312.18577	311.8078
27312.63244	304.99907
27313.07912	305.32504
27313.52582	306.5266
27313.97254	313.0531
27314.41927	319.7076
27314.86601	320.175
27315.31277	318.56009
27315.75954	311.66036
27316.20633	312.22879
27316.65313	313.84022
27317.09994	317.1809
27317.54677	319.47725
27317.99362	314.8367
27318.44048	311.1331
27318.88735	310.2913
27319.33424	308.0968
27319.78115	301.5652
27320.22807	300.93474
27320.675	303.2143
27321.12195	303.5191
27321.56891	305.9479
27322.01589	309.2179
27322.46288	309.59986
27322.90989	309.6362
27323.35691	306.5128
27323.80395	304.98479
27324.251	306.23324
27324.69806	303.9829
27325.14514	297.3977
27325.59224	297.2037
27326.03935	297.9975
27326.48647	299.7966
27326.93361	303.49573
27327.38076	302.28039
27327.82793	304.31405
27328.27511	305.19836
27328.72231	307.92643
27329.16952	304.9826
27329.61675	299.29894
27330.06399	301.3989
27330.51125	304.26408
27330.95852	302.60307
27331.4058	305.2834
27331.8531	304.6975
27332.30042	304.51733
27332.74775	305.9201
27333.19509	307.06806
27333.64245	306.8326
27334.08983	304.75939
27334.53721	308.82318
27334.98462	303.4718
27335.43203	300.28263
27335.87947	301.8992
27336.32691	304.67875
27336.77438	302.21074
27337.22185	304.9921
27337.66934	306.837
27338.11685	307.0925
27338.56437	303.6481
27339.0119	299.82588
27339.45945	308.4805
27339.90702	306.65417
27340.3546	304.76652
27340.80219	310.5823
27341.2498	311.35189
27341.69742	310.48657
27342.14506	309.00181
27342.59272	308.78047
27343.04038	308.97578
27343.48806	316.6677
27343.93576	315.2898
27344.38347	311.50713
27344.8312	314.7452
27345.27894	316.93867
27345.7267	316.28179
27346.17447	320.76428
27346.62225	315.8685
27347.07005	314.61729
27347.51787	324.04319
27347.96569	325.3616
27348.41354	329.21996
27348.8614	324.3306
27349.30927	321.5863
27349.75716	319.67774
27350.20506	321.4376
27350.65298	334.3889
27351.10091	332.48774
27351.54886	332.66163
27351.99682	328.7478
27352.44479	320.44635
27352.89279	321.05629
27353.34079	313.7846
27353.78881	311.04436
27354.23685	313.7982
27354.6849	317.0246
27355.13296	318.01035
27355.58104	317.3253
27356.02913	312.62432
27356.47724	313.881
27356.92537	313.47031
27357.3735	317.07608
27357.82166	312.9485
27358.26982	310.7523
27358.71801	306.14076
27359.1662	307.5599
27359.61442	307.9561
27360.06264	312.42201
27360.51088	326.11757
27360.95914	320.9084
27361.40741	316.36669
27361.85569	320.9706
27362.30399	327.2311
27362.75231	326.90835
27363.20064	318.04753
27363.64898	315.36543
27364.09734	315.65262
27364.54572	315.71569
27364.9941	311.3282
27365.44251	308.00847
27365.89093	307.6274
27366.33936	316.50392
27366.78781	316.0788
27367.23627	313.5835
27367.68474	312.21054
27368.13324	315.5213
27368.58174	314.60361
27369.03026	307.8158
27369.4788	305.0546
27369.92735	299.19159
27370.37591	299.00612
27370.82449	301.22412
27371.27309	307.5037
27371.7217	307.24913
27372.17032	306.7924
27372.61896	310.14145
27373.06762	310.35622
27373.51628	309.43458
27373.96497	308.74956
27374.41367	310.66347
27374.86238	311.70904
27375.31111	317.9747
27375.75985	320.3465
27376.20861	311.2893
27376.65738	307.4566
27377.10616	309.27324
27377.55496	317.7359
27378.00378	329.19621
27378.45261	323.3128
27378.90146	321.38744
27379.35032	325.21899
27379.79919	325.6106
27380.24808	325.60241
27380.69699	326.2517
27381.14591	327.93027
27381.59484	339.9648
27382.04379	340.415
27382.49275	357.2619
27382.94173	360.8584
27383.39072	362.21063
27383.83973	377.07721
27384.28875	379.5019
27384.73779	369.58982
27385.18684	388.391
27385.63591	388.8607
27386.08499	333.8147
27386.53409	336.3756
27386.9832	365.87104
27387.43233	364.85025
27387.88147	358.16205
27388.33062	346.3241
27388.77979	328.66217
27389.22898	327.7399
27389.67818	334.02883
27390.12739	330.5505
27390.57662	331.01694
27391.02587	344.4032
27391.47512	348.3977
27391.9244	330.60676
27392.37369	337.65023
27392.82299	339.5401
27393.27231	341.62399
27393.72164	344.50673
27394.17099	338.00435
27394.62035	335.11962
27395.06973	333.38739
27395.51912	334.84746
27395.96853	332.6595
27396.41795	331.97013
27396.86738	334.4482
27397.31683	333.84037
27397.7663	329.5073
27398.21578	319.4718
27398.66528	317.24336
27399.11479	324.033
27399.56431	325.2129
27400.01385	327.71711
27400.46341	326.43632
27400.91298	330.49527
27401.36256	328.79226
27401.81216	339.2101
27402.26177	339.62072
27402.7114	329.70897
27403.16104	330.9279
27403.6107	334.57728
27404.06038	323.3829
27404.51006	322.6885
27404.95977	320.3693
27405.40948	319.13553
27405.85921	319.28976
27406.30896	317.9541
27406.75872	319.05058
27407.2085	327.03042
27407.65829	327.1371
27408.1081	325.6667
27408.55792	321.50983
27409.00775	318.36123
27409.4576	320.54197
27409.90747	336.62399
27410.35735	337.55847
27410.80724	342.217
27411.25715	343.97194
27411.70708	338.69189
27412.15702	336.4375
27412.60697	349.1431
27413.05694	354.1322
27413.50693	358.18918
27413.95692	366.55792
27414.40694	367.0138
27414.85697	358.5601
27415.30701	333.28756
27415.75707	331.45184
27416.20714	328.4574
27416.65723	313.0784
27417.10733	309.98439
27417.55745	312.18072
27418.00758	311.6996
27418.45772	309.4858
27418.90789	307.856
27419.35806	308.85252
27419.80825	315.0837
27420.25846	317.1433
27420.70868	315.28811
27421.15892	315.54879
27421.60917	309.59445
27422.05943	312.913
27422.50971	312.33104
27422.96001	309.35544
27423.41032	316.1133
27423.86064	315.60423
27424.31098	312.3729
27424.76134	311.52714
27425.2117	317.94424
27425.66209	317.8465
27426.11249	320.28392
27426.5629	326.01979
27427.01333	320.1138
27427.46377	319.97569
27427.91423	322.57616
27428.3647	318.39259
27428.81519	322.5402
27429.26569	328.43737
27429.71621	325.5332
27430.16674	320.885
27430.61729	318.04857
27431.06785	317.5892
27431.51843	320.15568
27431.96902	318.3927
27432.41963	316.1735
27432.87025	312.6402
27433.32089	310.49391
27433.77154	311.09001
27434.2222	309.6216
27434.67288	305.6861
27435.12358	302.17226
27435.57429	305.4328
27436.02501	304.77378
27436.47575	302.60015
27436.92651	304.782
27437.37728	314.1447
27437.82806	317.87612
27438.27886	316.6217
27438.72968	311.0488
27439.18051	311.6514
27439.63135	315.99622
27440.08221	314.17691
27440.53308	313.9782
27440.98397	319.27065
27441.43488	318.55368
27441.88579	317.7434
27442.33673	317.73213
27442.78768	319.54081
27443.23864	327.9947
27443.68962	329.1926
27444.14061	325.4568
27444.59162	330.708
27445.04264	331.0347
27445.49368	329.05718
27445.94473	321.76121
27446.3958	319.594
27446.84688	321.77085
27447.29797	320.97444
27447.74909	319.90924
27448.20021	317.07544
27448.65135	316.32436
27449.10251	308.60478
27449.55368	311.2003
27450.00487	312.16778
27450.45607	312.55697
27450.90728	313.28537
27451.35851	307.9146
27451.80976	309.5122
27452.26102	316.05992
27452.71229	317.3806
27453.16358	314.53167
27453.61489	318.262
27454.06621	319.65656
27454.51754	319.5818
27454.96889	317.22169
27455.42026	321.2302
27455.87164	327.1344
27456.32303	329.7822
27456.77444	331.31768
27457.22586	321.48583
27457.6773	320.51714
27458.12876	319.06567
27458.58022	320.53578
27459.03171	317.4017
27459.48321	315.73882
27459.93472	320.70948
27460.38625	320.42105
27460.83779	323.2273
27461.28935	330.08277
27461.74092	318.3614
27462.19251	319.6411
27462.64411	327.15199
27463.09573	323.7901
27463.54736	315.76685
27463.99901	314.2679
27464.45067	315.4997
27464.90235	315.10676
27465.35404	313.41611
27465.80575	318.068
27466.25747	328.5657
27466.7092	330.65073
27467.16096	327.79425
27467.61272	327.21963
27468.0645	324.98028
27468.5163	326.80998
27468.96811	320.79396
27469.41994	319.68099
27469.87178	321.52923
27470.32363	321.61248
27470.7755	314.8323
27471.22739	312.641
27471.67929	325.33162
27472.13121	328.0049
27472.58314	326.31619
27473.03508	334.59294
27473.48704	336.3311
27473.93902	335.1433
27474.39101	342.23405
27474.84301	348.12024
27475.29503	357.15363
27475.74707	356.6636
27476.19912	357.7832
27476.65118	371.6631
27477.10326	376.20481
27477.55535	370.3241
27478.00746	364.69406
27478.45959	373.31795
27478.91173	374.2117
27479.36388	366.4987
27479.81605	356.6101
27480.26823	355.7859
27480.72043	348.67827
27481.17265	350.92611
27481.62487	339.7755
27482.07712	327.49792
27482.52938	324.4195
27482.98165	323.7999
27483.43394	319.02905
27483.88624	328.49242
27484.33856	323.2414
27484.79089	319.23962
27485.24324	322.3666
27485.6956	321.15988
27486.14798	320.08875
27486.60037	327.7982
27487.05278	335.354
27487.50521	337.4655
27487.95764	338.6249
27488.4101	351.2098
27488.86256	360.55499
27489.31505	359.67719
27489.76754	365.21321
27490.22006	367.41183
27490.67258	370.42816
27491.12512	371.64108
27491.57768	372.24344
27492.03025	362.7248
27492.48284	362.74049
27492.93544	367.99079
27493.38806	362.2159
27493.84069	369.0933
27494.29334	381.88546
27494.746	360.6275
27495.19868	352.428
27495.65137	355.46114
27496.10407	351.807
27496.5568	348.14001
27497.00953	364.85924
27497.46228	362.9465
27497.91505	363.45114
27498.36783	355.26403
27498.82063	354.12856
27499.27344	350.7887
27499.72626	348.21161
27500.17911	351.13056
27500.63196	343.8445
27501.08483	339.44212
27501.53772	342.90015
27501.99062	344.5741
27502.44354	334.95529
27502.89647	331.52115
27503.34941	323.29091
27503.80237	325.97988
27504.25535	326.95593
27504.70834	331.12523
27505.16134	326.4236
27505.61437	325.10199
27506.0674	324.73795
27506.52045	324.36506
27506.97352	325.12852
27507.4266	319.1623
27507.87969	316.10703
27508.3328	316.15066
27508.78593	310.64271
27509.23907	310.5887
27509.69222	312.84288
27510.14539	314.39271
27510.59858	316.40317
27511.05178	307.5948
27511.50499	305.85034
27511.95822	310.7182
27512.41147	314.77029
27512.86473	310.41032
27513.318	309.68045
27513.77129	306.4904
27514.2246	306.57049
27514.67792	311.10713
27515.13125	308.5302
27515.5846	306.38754
27516.03797	308.9949
27516.49135	317.1559
27516.94474	317.98631
27517.39815	309.2783
27517.85158	307.982
27518.30502	308.45699
27518.75847	314.34878
27519.21194	314.405
27519.66543	306.34013
27520.11893	312.3634
27520.57244	315.91332
27521.02597	310.6452
27521.47952	308.2318
27521.93307	308.06099
27522.38665	310.19942
27522.84024	306.05257
27523.29384	304.26925
27523.74746	301.96317
27524.2011	300.84897
27524.65475	302.44016
27525.10841	306.63822
27525.56209	304.7864
27526.01579	302.8418
27526.4695	302.6244
27526.92322	303.50611
27527.37696	302.42591
27527.83071	304.4295
27528.28448	305.16585
27528.73827	305.77293
27529.19207	307.12694
27529.64588	303.057
27530.09971	301.02834
27530.55356	302.10965
27531.00742	301.38387
27531.46129	301.6941
27531.91518	308.89799
27532.36908	307.06777
27532.823	306.80223
27533.27694	309.56453
27533.73089	312.1234
27534.18485	305.50555
27534.63883	305.41382
27535.09283	305.06819
27535.54684	304.1152
27536.00086	302.1698
27536.4549	297.65259
27536.90896	296.60465
27537.36303	296.96126
27537.81711	302.80427
27538.27121	300.489
27538.72532	296.7789
27539.17945	296.8983
27539.6336	297.7401
27540.08776	301.88652
27540.54193	298.2802
27540.99612	298.1423
27541.45033	296.779
27541.90455	296.21621
27542.35878	296.25506
27542.81303	293.0819
27543.2673	291.45497
27543.72158	291.6068
27544.17587	298.0475
27544.63018	301.2073
27545.08451	300.75792
27545.53885	295.95862
27545.9932	295.1216
27546.44757	299.98789
27546.90196	300.35389
27547.35636	299.9098
27547.81077	298.4174
27548.2652	297.4431
27548.71965	299.81632
27549.17411	296.5805
27549.62858	294.90999
27550.08307	294.82466
27550.53758	296.4345
27550.9921	298.20432
27551.44664	297.5299
27551.90119	297.4702
27552.35575	296.66713
27552.81033	299.64453
27553.26493	301.31089
27553.71954	302.38414
27554.17416	304.43859
27554.6288	311.3937
27555.08346	313.6213
27555.53813	308.61892
27555.99282	310.6205
27556.44752	311.2783
27556.90223	310.52351
27557.35696	307.84492
27557.81171	307.6082
27558.26647	308.1997
27558.72125	312.3222
27559.17604	317.00041
27559.63085	312.08886
27560.08567	309.61707
27560.5405	310.9587
27560.99535	316.4455
27561.45022	317.53515
27561.9051	316.8896
27562.36	310.1382
27562.81491	306.56441
27563.26984	309.1019
27563.72478	307.6151
27564.17974	301.9514
27564.63471	300.9983
27565.08969	303.93051
27565.5447	302.4699
27565.99971	301.626
27566.45474	304.038
27566.90979	305.3431
27567.36485	306.43684
27567.81993	300.0537
27568.27502	297.21822
27568.73013	298.58154
27569.18525	300.16558
27569.64039	305.0733
27570.09554	307.2547
27570.55071	300.5965
27571.00589	298.16697
27571.46109	302.6975
27571.9163	303.66865
27572.37153	295.65428
27572.82678	295.9737
27573.28203	301.28247
27573.73731	297.6725
27574.19259	291.5331
27574.6479	290.7398
27575.10322	290.79893
27575.55855	294.35997
27576.0139	293.34185
27576.46926	293.2493
27576.92464	292.98982
27577.38003	291.07709
27577.83544	299.5344
27578.29087	300.6223
27578.74631	300.5014
27579.20176	298.45915
27579.65723	300.86472
27580.11271	301.41787
27580.56821	302.4866
27581.02373	302.71038
27581.47926	303.1847
27581.9348	308.2367
27582.39036	307.58439
27582.84593	306.09416
27583.30152	306.64529
27583.75713	303.23041
27584.21275	303.6215
27584.66838	305.92168
27585.12403	300.3543
27585.5797	295.59147
27586.03538	301.002
27586.49108	302.7182
27586.94679	305.6118
27587.40251	306.8735
27587.85825	307.12085
27588.31401	303.50851
27588.76978	305.771
27589.22557	307.27415
27589.68137	305.9045
27590.13718	299.3772
27590.59301	301.51549
27591.04886	305.75947
27591.50472	302.70776
27591.9606	302.28081
27592.41649	295.92692
27592.8724	298.3042
27593.32832	305.21281
27593.78426	304.622
27594.24021	303.3573
27594.69618	301.812
27595.15216	300.2356
27595.60816	296.8034
27596.06417	295.7822
27596.5202	288.3955
27596.97624	284.69517
27597.4323	288.3499
27597.88837	291.16754
27598.34446	289.0894
27598.80056	285.84465
27599.25668	288.6289
27599.71281	288.8033
27600.16896	286.2681
27600.62513	286.31757
27601.0813	289.0608
27601.5375	288.33976
27601.99371	280.58935
27602.44993	277.54934
27602.90617	277.88399
27603.36243	281.5037
27603.81869	287.21861
27604.27498	287.7816
27604.73128	283.2379
27605.18759	281.8956
27605.64392	289.6655
27606.10027	290.54171
27606.55663	287.583
27607.01301	283.75835
27607.4694	284.1923
27607.9258	285.7191
27608.38222	287.0687
27608.83866	289.38002
27609.29511	286.35967
27609.75158	285.0367
27610.20806	286.5856
27610.66455	287.2608
27611.12107	287.793
27611.57759	287.47283
27612.03413	286.71271
27612.49069	290.71455
27612.94726	292.09057
27613.40385	292.82892
27613.86045	292.7128
27614.31707	290.4926
27614.7737	289.9
27615.23035	290.39996
27615.68701	292.8923
27616.14369	297.6212
27616.60039	297.981
27617.05709	296.104
27617.51382	299.42593
27617.97056	299.26655
27618.42731	299.77679
27618.88408	294.6929
27619.34086	292.28637
27619.79766	291.9038
27620.25448	297.985
27620.71131	303.44332
27621.16815	299.65066
27621.62501	299.60928
27622.08189	301.30333
27622.53878	303.33581
27622.99568	298.7458
27623.4526	295.7348
27623.90954	291.6888
27624.36649	294.68409
27624.82346	299.8889
27625.28044	288.3944
27625.73743	285.5356
27626.19444	286.40368
27626.65147	291.0977
27627.10851	290.07682
27627.56557	287.08085
27628.02264	286.7143
27628.47973	290.47814
27628.93683	290.1008
27629.39395	289.41977
27629.85108	288.2002
27630.30823	286.24703
27630.76539	290.0529
27631.22257	292.7122
27631.67976	298.30248
27632.13697	296.1562
27632.5942	295.1774
27633.05144	288.21769
27633.50869	294.54105
27633.96596	292.2539
27634.42324	288.25137
27634.88054	288.5564
27635.33786	290.3148
27635.79519	289.4631
27636.25253	286.6016
27636.70989	284.94084
27637.16727	292.1619
27637.62466	297.38646
27638.08207	298.1456
27638.53949	295.5098
27638.99692	286.8031
27639.45437	287.48425
27639.91184	295.9893
27640.36932	295.8611
27640.82682	294.7516
27641.28433	291.8053
27641.74186	281.70991
27642.1994	281.4115
27642.65696	284.2872
27643.11453	284.25083
27643.57212	284.31098
27644.02972	285.5028
27644.48734	288.51508
27644.94498	287.33412
27645.40262	285.56879
27645.86029	282.33992
27646.31797	283.11129
27646.77566	282.6678
27647.23337	282.53441
27647.6911	283.3424
27648.14884	288.7301
27648.60659	290.79898
27649.06436	291.34898
27649.52215	291.561
27649.97995	288.0421
27650.43776	288.1101
27650.8956	290.69093
27651.35344	287.40954
27651.8113	287.7957
27652.26918	292.5225
27652.72707	293.3059
27653.18498	290.63542
27653.6429	296.1152
27654.10084	294.18988
27654.55879	289.46578
27655.01676	291.36739
27655.47474	292.84136
27655.93274	293.3061
27656.39076	293.25711
27656.84879	290.10005
27657.30683	289.3366
27657.76489	290.3533
27658.22296	291.95604
27658.68105	286.21411
27659.13916	287.221
27659.59728	293.2811
27660.05541	293.29257
27660.51356	288.5951
27660.97173	284.15577
27661.42991	284.4149
27661.88811	289.51378
27662.34632	289.52278
27662.80454	290.88817
27663.26279	290.91358
27663.72104	291.8828
27664.17932	292.39373
27664.6376	290.78343
27665.09591	290.2226
27665.55422	291.3373
27666.01256	292.99525
27666.47091	293.24474
27666.92927	295.82603
27667.38765	295.0079
27667.84604	293.6888
27668.30445	289.63703
27668.76288	289.91001
27669.22132	288.89901
27669.67977	288.6594
27670.13824	293.79582
27670.59673	292.8667
27671.05523	287.48639
27671.51374	288.8694
27671.97227	294.3944
27672.43082	296.4869
27672.88938	297.74478
27673.34796	294.0882
27673.80655	294.90554
27674.26516	295.23808
27674.72378	291.15801
27675.18242	289.64203
27675.64107	289.42019
27676.09974	291.599
27676.55843	294.9328
27677.01712	294.99459
27677.47584	290.62035
27677.93457	290.57419
27678.39331	288.9248
27678.85207	289.1609
27679.31085	290.4621
27679.76964	291.7073
27680.22844	293.8589
27680.68726	294.3782
27681.1461	294.84383
27681.60495	294.403
27682.06382	292.20091
27682.5227	291.8473
27682.9816	298.2375
27683.44051	296.90046
27683.89944	291.0602
27684.35838	290.84837
27684.81734	290.41839
27685.27631	290.13413
27685.7353	294.1956
27686.1943	296.77159
27686.65332	293.31859
27687.11236	292.43603
27687.57141	292.22789
27688.03047	294.21271
27688.48955	294.4019
27688.94865	293.1716
27689.40776	293.04537
27689.86688	293.18566
27690.32602	292.9837
27690.78518	293.66346
27691.24435	293.80938
27691.70354	295.10641
27692.16274	293.9265
27692.62196	289.98532
27693.08119	293.7217
27693.54044	295.5064
27693.9997	299.764
27694.45898	301.0438
27694.91828	302.43078
27695.37759	297.978
27695.83691	293.4371
27696.29625	294.70154
27696.7556	298.2885
27697.21498	297.20987
27697.67436	296.55882
27698.13376	297.20671
27698.59318	297.39513
27699.05261	293.2448
27699.51206	292.39256
27699.97152	292.6441
27700.43099	295.3732
27700.89049	293.47042
27701.35	285.6038
27701.80952	285.36656
27702.26906	287.2821
27702.72861	291.4082
27703.18818	290.91739
27703.64776	286.25213
27704.10736	280.94217
27704.56698	275.12593
27705.02661	286.44516
27705.48625	291.80318
27705.94591	290.00886
27706.40559	286.84241
27706.86528	288.16029
27707.32499	289.1452
27707.78471	290.94829
27708.24445	287.5932
27708.7042	287.88618
27709.16397	294.2714
27709.62375	292.44761
27710.08355	291.30021
27710.54336	288.66474
27711.00319	290.24
27711.46304	290.81171
27711.92289	293.49918
27712.38277	291.99692
27712.84266	294.07802
27713.30257	287.3865
27713.76249	287.95341
27714.22242	287.78758
27714.68237	284.24672
27715.14234	284.26613
27715.60232	286.66756
27716.06232	291.31491
27716.52233	292.02003
27716.98236	292.8222
27717.4424	293.1044
27717.90246	293.15985
27718.36254	289.92569
27718.82262	289.03315
27719.28273	289.31367
27719.74285	289.48256
27720.20298	288.6693
27720.66313	289.00534
27721.1233	292.25901
27721.58348	289.09269
27722.04368	287.3404
27722.50389	293.15884
27722.96412	294.5906
27723.42436	287.838
27723.88462	289.37938
27724.34489	293.7353
27724.80518	291.9532
27725.26548	284.59022
27725.7258	283.9208
27726.18613	288.4723
27726.64648	295.89162
27727.10685	297.2661
27727.56723	290.1241
27728.02762	289.805
27728.48804	287.72418
27728.94846	292.2484
27729.4089	293.1001
27729.86936	288.63691
27730.32983	292.11253
27730.79032	291.87108
27731.25082	292.8148
27731.71134	294.35053
27732.17187	292.6467
27732.63242	292.6407
27733.09299	289.50387
27733.55357	290.7272
27734.01416	282.8327
27734.47477	282.6199
27734.9354	280.75804
27735.39604	283.11901
27735.85669	282.0719
27736.31737	283.65676
27736.77805	283.86071
27737.23876	284.5072
27737.69947	288.36142
27738.16021	287.22804
27738.62095	291.4082
27739.08172	293.71513
27739.5425	290.7299
27740.00329	286.6997
27740.4641	283.9618
27740.92493	282.51937
27741.38577	282.06531
27741.84662	279.7427
27742.30749	279.25438
27742.76838	282.2185
27743.22928	288.01473
27743.6902	289.35955
27744.15113	288.78629
27744.61208	286.32126
27745.07304	287.0483
27745.53402	288.8518
27745.99502	291.25909
27746.45602	284.4068
27746.91705	280.75542
27747.37809	284.1113
27747.83914	285.77833
27748.30022	280.88432
27748.7613	281.6651
27749.2224	284.1046
27749.68352	284.4033
27750.14465	286.89777
27750.6058	284.4264
27751.06696	283.11334
27751.52814	284.84675
27751.98933	285.6289
27752.45054	284.7629
27752.91177	283.5441
27753.37301	283.55104
27753.83426	288.1278
27754.29553	290.23899
27754.75682	288.6136
27755.21812	287.78775
27755.67944	294.2386
27756.14077	297.7804
27756.60212	292.3769
27757.06348	288.3921
27757.52486	282.2189
27757.98625	281.68419
27758.44766	283.905
27758.90908	288.26581
27759.37052	280.8301
27759.83198	280.61516
27760.29345	284.45921
27760.75493	286.32995
27761.21644	288.3206
27761.67795	291.31299
27762.13948	288.55916
27762.60103	288.14871
27763.06259	285.12052
27763.52417	283.53851
27763.98577	283.63632
27764.44737	287.5604
27764.909	293.0155
27765.37064	294.20081
27765.83229	288.88112
27766.29396	286.9852
27766.75565	292.8658
27767.21735	292.39719
27767.67907	288.8354
27768.1408	285.7204
27768.60255	283.76944
27769.06431	285.50512
27769.52609	286.4011
27769.98788	283.37014
27770.44969	283.1163
27770.91152	288.31345
27771.37336	287.83942
27771.83521	287.09317
27772.29708	286.4801
27772.75897	284.47816
27773.22087	285.1925
27773.68279	288.82515
27774.14472	287.0483
27774.60666	285.01499
27775.06863	289.26194
27775.53061	290.089
27775.9926	289.38458
27776.45461	287.8808
27776.91663	283.98601
27777.37867	286.6355
27777.84073	292.80606
27778.3028	290.9016
27778.76489	289.87771
27779.22699	295.7213
27779.68911	297.62731
27780.15124	292.6732
27780.61339	286.97647
27781.07555	285.6713
27781.53773	292.69594
27781.99992	293.495
27782.46213	291.0066
27782.92436	290.48303
27783.3866	297.0888
27783.84885	297.09476
27784.31112	293.17847
27784.77341	292.5287
27785.23571	294.5934
27785.69803	298.72266
27786.16036	296.3599
27786.62271	292.13042
27787.08508	292.3981
27787.54746	301.7796
27788.00985	302.61394
27788.47226	299.4468
27788.93469	296.55974
27789.39713	299.32614
27789.85958	301.6351
27790.32206	311.5168
27790.78454	308.03966
27791.24705	304.01216
27791.70956	302.33479
27792.1721	303.2886
27792.63465	308.01657
27793.09721	306.7543
27793.55979	307.26703
27794.02239	307.3513
27794.485	305.284
27794.94762	299.6071
27795.41026	297.0733
27795.87292	293.77316
27796.33559	297.7215
27796.79828	298.81626
27797.26099	298.4569
27797.7237	295.21331
27798.18644	299.8979
27798.64919	300.22388
27799.11195	296.74317
27799.57473	298.01983
27800.03753	299.6976
27800.50034	302.57911
27800.96317	302.0063
27801.42601	301.17745
27801.88887	302.03635
27802.35174	301.5109
27802.81463	293.49248
27803.27754	298.17294
27803.74046	297.65636
27804.20339	298.1239
27804.66634	299.485
27805.12931	303.6218
27805.59229	307.0084
27806.05529	303.2848
27806.5183	296.3975
27806.98133	296.41709
27807.44437	298.2905
27807.90743	299.30059
27808.3705	296.8655
27808.83359	298.58749
27809.2967	306.94694
27809.75982	309.2967
27810.22295	299.17843
27810.68611	299.1913
27811.14927	299.5481
27811.61246	302.5716
27812.07565	304.7215
27812.53887	304.9042
27813.0021	304.4075
27813.46534	303.4582
27813.9286	302.48321
27814.39188	309.37664
27814.85517	311.5248
27815.31847	303.71819
27815.7818	305.2812
27816.24513	309.85129
27816.70849	305.53178
27817.17185	304.25495
27817.63524	302.21651
27818.09864	303.6146
27818.56205	300.76157
27819.02548	301.2161
27819.48893	308.1188
27819.95239	305.84202
27820.41586	301.18294
27820.87936	304.07305
27821.34286	305.41482
27821.80639	308.34525
27822.26993	308.0573
27822.73348	304.0235
27823.19705	302.28989
27823.66063	301.43897
27824.12423	302.33557
27824.58785	299.4045
27825.05148	297.78926
27825.51513	299.8648
27825.97879	300.1917
27826.44247	305.6702
27826.90616	306.48761
27827.36987	305.95719
27827.8336	306.08498
27828.29734	305.1038
27828.76109	294.43849
27829.22486	299.1355
27829.68865	300.809
27830.15245	305.10034
27830.61627	302.32332
27831.0801	303.6611
27831.54395	304.65231
27832.00781	305.44139
27832.47169	305.16623
27832.93559	304.17814
27833.3995	302.01871
27833.86342	302.93673
27834.32736	303.5137
27834.79132	296.53034
27835.25529	295.922
27835.71928	303.57725
27836.18328	301.31079
27836.6473	299.95148
27837.11134	295.22329
27837.32646	290.92361
27837.79142	292.67516
27838.25639	286.0233
27838.72138	292.22295
27839.18638	289.8746
27839.6514	290.09735
27840.11644	287.71921
27840.58149	288.61806
27841.04656	290.45142
27841.51164	291.66018
27841.97674	284.39724
27842.44185	286.0854
27842.90698	285.13897
27843.37212	282.33533
27843.83728	287.8626
27844.30246	285.97267
27844.76765	290.21454
27845.23285	284.95751
27845.69808	293.08079
27846.16331	290.34966
27846.62857	283.76444
27847.09384	282.79322
27847.55912	291.4275
27848.02442	291.02829
27848.48973	277.58317
27848.95507	289.85776
27849.42041	285.87695
27849.88577	289.53784
27850.35115	290.06623
27850.81654	287.33392
27851.28195	288.16241
27851.74738	291.88751
27852.21282	289.53601
27852.67827	291.71201
27853.14374	285.81301
27853.60923	286.98902
27854.07473	286.96132
27854.54025	296.58013
27855.00578	286.13994
27855.47133	289.97205
27855.93689	301.64476
27856.40247	291.11597
27856.86807	288.94139
27857.33368	285.7322
27857.79931	288.98072
27858.26495	280.05294
27858.73837	280.39302
27859.20404	290.40214
27859.66973	291.51527
27860.13543	288.4051
27860.60115	294.91453
27861.06689	291.34696
27861.53264	287.84539
27861.99841	289.28072
27862.46419	297.49826
27862.92999	293.5238
27863.3958	291.01134
27863.86163	289.71958
27864.32747	286.55902
27864.79334	287.81447
27865.25921	287.84481
27865.7251	293.27446
27866.19101	281.52911
27866.65693	294.79016
27867.12287	295.76372
27867.58882	298.28637
27868.05479	290.39093
27868.52078	292.36329
27868.98678	293.09995
27869.45279	294.54971
27869.91883	284.94637
27870.38487	279.37484
27870.85094	282.1659
27871.31701	291.74097
27871.78311	294.33864
27872.24922	296.72761
27872.71534	287.82789
27873.18148	293.60836
27873.64764	289.52004
27874.11381	289.99622
27874.58	287.5132
27875.0462	280.32908
27875.51242	284.49897
27875.97866	289.63865
27876.44491	288.14794
27876.91117	282.53723
27877.37745	272.88782
27877.84375	289.18101
27878.31006	286.36761
27878.77639	289.4191
27879.24273	281.4865
27879.70909	276.104
27880.17547	285.943
27880.64186	282.7929
27881.10826	290.79601
27881.57468	283.74012
27882.04112	296.81132
27882.50757	284.45673
27882.97404	285.99744
27883.44053	280.17396
27883.90703	281.76147
27884.37354	294.41539
27884.84007	290.73871
27885.30662	288.19143
27885.77318	289.01545
27886.23976	287.03167
27886.70635	295.8768
27887.18074	285.21308
27887.64736	288.44281
27888.114	280.43984
27888.58066	289.23987
27889.04733	298.43831
27889.51402	283.23094
27889.98072	293.09148
27890.44744	293.04722
27890.91417	300.66096
27891.38092	287.8209
27891.84769	292.14155
27892.31447	284.20889
27892.78126	279.07624
27893.24808	289.82459
27893.7149	285.20574
27894.18175	287.19739
27894.64861	290.52645
27895.11548	287.976
27895.58237	295.88446
27896.04928	289.63922
27896.5162	283.23598
27896.98314	277.56425
27897.45009	289.06241
27897.91706	286.18138
27898.38404	291.12594
27898.85104	280.24661
27899.31806	288.93169
27899.78509	289.28666
27900.25213	286.23333
27900.7192	280.66711
27901.18627	286.53399
27901.65337	289.11177
27902.12048	289.91285
27902.5876	282.37784
27903.05474	275.32412
27903.5219	269.60891
27903.98907	269.8494
27904.45626	281.68469
27904.92346	272.80058
27905.39068	275.14887
27905.85791	278.33897
27906.32516	280.94867
27906.79243	285.03957
27907.25971	280.74487
27907.72701	274.35347
27908.19432	283.48148
27908.66165	286.02008
27909.12899	280.35319
27909.59635	265.0165
27910.06373	269.38641
27910.53112	267.81162
27910.99852	284.98214
27911.46595	283.53525
27911.93338	277.18627
27912.40084	274.23819
27912.86831	287.49851
27913.33579	283.91314
27913.80329	286.46576
27914.27081	274.79019
27914.73834	277.75862
27915.21368	277.4314
27915.68124	288.70584
27916.14882	274.28237
27916.61642	270.06131
27917.08403	271.47214
27917.55165	274.57648
27918.01929	283.27102
27918.48695	286.60736
27918.95462	282.88251
27919.42231	267.34535
27919.89002	275.5064
27920.35774	274.27885
27920.82547	288.2375
27921.29322	288.58665
27921.76099	283.49031
27922.22877	280.11557
27922.69657	277.16322
27923.16439	279.28608
27923.63222	281.55304
27924.10006	289.14861
27924.56792	288.49817
27925.0358	289.60844
27925.50369	292.15031
27925.9716	286.26178
27926.43952	288.40615
27926.90746	284.11652
27927.37542	288.0545
27927.84339	290.54577
27928.31138	287.31685
27928.77938	282.54753
27929.2474	288.01141
27929.71543	282.0612
27930.18348	286.56458
27930.65154	282.82117
27931.11962	279.35706
27931.58772	281.49185
27932.05583	282.69824
27932.52396	288.84384
27932.9921	284.37333
27933.46026	286.51063
27933.92844	290.79643
27934.39663	294.50903
27934.86483	285.39223
27935.33306	282.03504
27935.80129	293.79494
27936.26955	290.25475
27936.73782	289.56706
27937.2061	292.18557
27937.6744	278.27788
27938.14272	282.3553
27938.61105	286.55612
27939.0794	285.99773
27939.54776	271.86195
27940.01614	276.16118
27940.48453	280.2385
27940.95294	286.26862
27941.42137	289.82545
27941.88981	281.80318
27942.35827	281.97461
27942.82674	288.49604
27943.30304	283.57133
27943.77154	284.26747
27944.24006	284.79701
27944.7086	292.36285
27945.17715	289.71759
27945.64572	283.41863
27946.1143	281.97957
27946.5829	283.64702
27947.05152	295.33647
27947.52015	294.78182
27947.98879	287.44317
27948.45745	287.48512
27948.92613	284.92157
27949.39483	281.11913
27949.86353	278.68099
27950.33226	277.77325
27950.801	290.18471
27951.26976	286.65367
27951.73853	282.99194
27952.20732	274.5171
27952.67612	286.39147
27953.14494	290.71454
27953.61377	283.99962
27954.08262	293.49919
27954.55149	287.17466
27955.02037	292.22544
27955.48927	291.01732
27955.95818	275.4606
27956.42711	275.26498
27956.89606	278.81397
27957.36502	287.61405
27957.83399	292.06044
27958.30299	281.98773
27958.77199	284.71482
27959.24102	291.04561
27959.71006	290.54571
27960.17911	282.0772
27960.64818	284.459
27961.11727	286.4539
27961.58637	289.4743
27962.05549	297.6293
27962.52462	291.83021
27962.99377	286.30442
27963.46294	292.89322
27963.93212	292.36093
27964.40132	297.47814
27964.87053	280.06036
27965.33976	289.48257
27965.809	290.51079
27966.27826	281.78471
27966.74754	279.97733
27967.21683	270.48395
27967.68614	277.38957
27968.15546	285.3688
27968.6248	285.97923
27969.09415	279.27036
27969.56352	280.42379
27970.03291	282.64172
27970.50231	282.78905
27970.97173	279.61599
27971.44116	278.51623
27971.91843	273.60183
27972.3879	281.41277
27972.85738	278.17831
27973.32687	285.42426
27973.79639	285.6124
27974.26591	283.95535
27974.73546	297.7121
27975.20502	303.72155
27975.67459	278.63441
27976.14418	270.73466
27976.61379	282.71062
27977.08341	281.20348
27977.55305	285.98594
27978.0227	273.1127
27978.49237	271.93906
27978.96206	282.34773
27979.43176	290.92789
27979.90148	281.75536
27980.37121	277.90403
27980.84096	270.68241
27981.31072	287.51398
27981.7805	282.68606
27982.2503	275.35773
27982.72011	264.87821
27983.18994	272.46829
27983.65978	283.16358
27984.12964	281.21396
27984.59952	272.32125
27985.06941	270.00093
27985.53931	278.65822
27986.00923	284.77272
27986.47917	273.62431
27986.94913	264.9906
27987.4191	269.9139
27987.88908	281.1284
27988.35908	272.3634
27988.8291	263.015
27989.29913	264.1051
27989.76918	263.04031
27990.23924	273.17522
27990.70932	270.41303
27991.17942	269.86954
27991.64953	267.63125
27992.11966	284.84986
27992.5898	283.21918
27993.05996	277.6497
27993.53014	262.08731
27994.00033	270.73714
27994.47053	274.15696
27994.94075	274.01558
27995.41099	270.58041
27995.88125	272.89094
27996.35152	288.53397
27996.8218	279.9569
27997.2921	278.92523
27997.76242	279.12587
27998.23275	283.431
27998.7031	276.64044
27999.17346	282.58358
27999.64384	272.20172
28000.12208	264.99983
28000.59249	267.41717
28001.06292	270.60272
28001.53336	263.36317
28002.00382	256.60722
28002.4743	274.92167
28002.94479	280.40933
28003.4153	274.90168
28003.88582	264.38904
28004.35636	267.2788
28004.82691	275.79046
28005.29748	286.02072
28005.76807	265.74779
28006.23867	263.69325
28006.70929	265.43682
28007.17992	289.54239
28007.65057	278.23716
28008.12123	270.16364
28008.59192	266.51491
28009.06261	275.61499
28009.53332	291.10687
28010.00405	273.74815
28010.4748	274.00003
28010.94556	281.42921
28011.41633	272.2729
28011.88712	285.95018
28012.35793	274.14677
28012.82876	268.08026
28013.29959	275.58086
28013.77045	281.58365
28014.24132	279.12165
28014.71221	279.07294
28015.18311	281.78374
28015.65403	277.42844
28016.12496	280.83155
28016.59591	270.22975
28017.06688	266.27856
28017.53786	265.81016
28018.00886	278.15717
28018.47987	281.45389
28018.9509	275.7695
28019.42194	288.64581
28019.893	287.73543
28020.36408	285.13355
28020.83517	283.58687
28021.30628	282.24039
28021.7774	281.86211
28022.24854	278.65964
28022.7197	288.69797
28023.19087	275.2827
28023.66206	283.62113
28024.13326	299.14706
28024.60448	291.50449
28025.07572	280.47653
28025.54697	277.82347
28026.01823	280.25951
28026.48952	290.04835
28026.96082	290.43199
28027.43213	282.49983
28027.90346	286.67048
28028.37481	279.66553
28028.85402	283.03124
28029.3254	271.38259
28029.7968	273.62275
28030.2682	282.6218
28030.73963	295.03096
28031.21107	287.78032
28031.68253	289.45168
28032.154	285.83054
28032.62549	286.2943
28033.097	288.93017
28033.56852	288.30614
28034.04005	275.36931
28034.51161	286.47878
28034.98317	288.95905
28035.45476	288.54822
28035.92636	279.5162
28036.39797	285.67218
28036.86961	287.41956
28037.34125	286.95984
28037.81292	281.39922
28038.2846	271.35981
28038.75629	276.30599
28039.228	277.57728
28039.69973	282.44957
28040.17147	281.77006
28040.64323	276.61986
28041.115	284.68725
28041.58679	293.69175
28042.0586	284.38765
28042.53042	267.65745
28043.00226	276.19275
28043.47412	280.66935
28043.94599	281.77696
28044.41787	274.69267
28044.88977	280.05217
28045.36169	287.76329
28045.83362	281.0766
28046.30557	279.94221
28046.77754	270.95113
28047.24952	265.43995
28047.72152	283.97917
28048.19353	293.41689
28048.66556	265.24651
28049.1376	269.44624
28049.60966	274.23466
28050.08174	279.37549
28050.55383	280.38792
28051.02594	283.41605
28051.49806	269.52979
28051.9702	270.50362
28052.44236	277.56146
28052.91453	266.6378
28053.38672	272.93664
28053.85892	278.78908
28054.33114	281.24363
28054.80338	283.20267
28055.27563	271.42072
28055.74789	267.43927
28056.22018	267.94862
28056.69248	268.69027
28057.17266	269.91139
28057.64499	263.86525
28058.11734	273.62641
28058.5897	280.05297
28059.06208	280.69663
28059.53448	272.60199
28060.00689	274.91996
28060.47931	278.35602
28060.95175	275.48709
28061.42421	265.02466
28061.89669	264.90174
28062.36918	270.34371
28062.84168	285.67369
28063.3142	284.12086
28063.78674	263.73904
28064.2593	272.58192
28064.73187	268.71371
28065.20445	271.84869
28065.67705	268.01948
28066.14967	266.70376
28066.6223	268.54495
28067.09495	281.26564
28067.56762	278.73364
28068.0403	270.31493
28068.51299	274.02123
28068.98571	278.41603
28069.45844	274.12423
28069.93118	269.48853
28070.40394	282.46833
28070.87672	278.73364
28071.34951	285.43385
28071.82232	264.23636
28072.29514	266.05487
28072.76798	260.49358
28073.24084	273.96849
28073.71371	268.84151
28074.1866	269.59803
28074.6595	264.82605
28075.13242	264.63397
28075.60536	280.63349
28076.07831	275.47381
28076.55128	276.93364
28077.02426	271.48667
28077.49726	286.2401
28077.97028	284.74003
28078.44331	289.37026
28078.91636	279.8
28079.38942	285.67904
28079.8625	289.03497
28080.33559	283.19062
28080.8087	295.88726
28081.28183	279.2582
28081.75497	292.68325
28082.22813	290.49499
28082.70131	287.52584
28083.1745	279.98119
28083.64771	282.30125
28084.12093	291.3699
28084.59417	298.67756
28085.06742	290.26282
28085.54858	292.64944
28086.02187	289.01351
28086.49517	285.63977
28086.96849	283.54683
28087.44182	286.0939
28087.91517	284.87177
28088.38854	290.41454
28088.86192	287.42201
28089.33532	288.27359
28089.80874	279.24456
28090.28217	287.38574
28090.75561	284.41562
28091.22908	280.0952
28091.70255	287.55158
28092.17605	290.60617
28092.64956	296.61135
28093.12308	287.10124
28093.59663	281.13533
28094.07018	293.13392
28094.54376	279.97681
28095.01735	296.46301
28095.49095	284.70921
28095.96458	272.6102
28096.43821	283.2159
28096.91187	289.81931
28097.38554	297.61351
28097.85922	285.52761
28098.33293	285.12012
28098.80664	283.82743
28099.28038	287.94154
28099.75413	285.63155
28100.22789	277.75467
28100.70167	283.41008
28101.17547	291.1979
28101.64929	284.69662
28102.12312	286.42704
28102.59696	285.45707
28103.07082	291.92269
28103.5447	293.34012
28104.01859	292.80955
28104.4925	274.42798
28104.96643	287.61061
28105.44037	293.14374
28105.91433	306.98768
28106.3883	280.15401
28106.86229	283.80615
28107.3363	287.18499
28107.81032	300.49363
28108.28435	289.39168
28108.75841	290.09302
28109.23248	293.40577
28109.70656	285.32502
28110.18066	291.75377
28110.65478	285.62003
28111.12891	287.18378
28111.60306	289.59434
28112.07723	286.6027
28112.55141	290.86526
28113.02561	295.76112
28113.49982	296.59788
28113.97405	295.04105
28114.4562	299.45358
28114.93046	289.99555
28115.40474	276.46022
28115.87903	276.80929
28116.35334	287.90637
28116.82767	292.30494
28117.30201	281.10952
28117.77637	282.9548
28118.25074	285.97258
28118.72513	294.13326
28119.19954	289.59225
28119.67396	281.15794
28120.1484	297.46782
28120.62285	291.52991
28121.09732	288.06001
28121.5718	291.3833
28122.04631	282.80909
28122.52082	286.66679
28122.99536	295.00139
28123.46991	278.89299
28123.94447	275.26209
28124.41905	279.7966
28124.89365	283.4921
28125.36827	285.91391
28125.8429	285.73912
28126.31754	279.50463
28126.7922	283.03614
28127.26688	284.28656
28127.74158	287.93797
28128.21629	269.15909
28128.69101	274.68701
28129.16575	288.05573
28129.64051	292.43586
28130.11529	283.09338
28130.59008	290.76411
28131.06488	277.54334
28131.5397	282.91587
28132.01454	293.3306
28132.4894	278.00223
28132.96427	276.45367
28133.43915	287.63541
28133.91405	292.43845
28134.38897	284.88599
28134.86391	287.42013
28135.33886	294.41387
28135.81382	295.34822
28136.28881	296.62967
28136.76381	290.89602
28137.23882	298.33857
28137.71385	289.79292
28138.1889	296.00268
28138.66396	287.70964
28139.13904	283.87789
28139.61413	285.91755
28140.08924	293.49252
28140.56437	291.90748
28141.03951	289.48865
28141.51467	288.58021
28141.98985	295.25558
28142.46504	304.64865
28142.94817	289.5059
28143.42339	285.39167
28143.89863	288.80055
28144.37388	283.23773
28144.84915	289.78281
28145.32444	282.59749
28145.79975	288.40737
28146.27507	287.67026
28146.7504	297.26254
28147.22575	293.36943
28147.70112	288.82572
28148.1765	291.59762
28148.6519	300.59431
28149.12732	298.62411
28149.60275	292.2993
28150.0782	296.8541
28150.55367	295.5936
28151.02915	293.34121
28151.50464	286.55261
28151.98015	303.19192
28152.45568	288.85923
28152.93123	288.13023
28153.40679	299.54885
28153.88236	301.95326
28154.35796	286.33568
28154.83357	286.18479
28155.30919	298.00081
28155.78483	285.15013
28156.26049	293.14795
28156.73616	292.50668
28157.21185	287.069
28157.68756	293.97823
28158.16328	291.13126
28158.63901	296.96339
28159.11477	289.98122
28159.59054	301.06746
28160.06632	291.2525
28160.54212	284.15453
28161.01794	295.98837
28161.49378	295.85832
28161.96963	291.61976
28162.44549	276.0387
28162.92137	291.00835
28163.39727	290.3018
28163.87319	306.80195
28164.34912	291.4447
28164.82506	286.72056
28165.30103	285.35781
28165.777	283.81587
28166.253	294.62063
28166.72901	281.49929
28167.20504	283.84645
28167.68108	295.95252
28168.15714	290.71969
28168.63321	288.97925
28169.1093	287.59172
28169.58541	289.2092
28170.06153	292.56147
28170.53767	297.44484
28171.01383	286.87582
28171.49	288.1436
28171.97413	275.68335
28172.45033	298.65994
28172.92655	280.78732
28173.40279	281.26021
28173.87904	282.80349
28174.35531	293.79288
28174.83159	291.33228
28175.30789	283.08787
28175.78421	277.50516
28176.26054	289.90086
28176.73689	282.40586
28177.21326	280.87096
28177.68964	273.35606
28178.16604	279.10136
28178.64245	293.05937
28179.11888	295.41858
28179.59532	281.91919
28180.07179	276.9242
28180.54826	291.83281
28181.02476	296.05732
28181.50127	286.75204
28181.97779	281.07576
28182.45434	280.72708
28182.9309	292.7238
28183.40747	271.67972
28183.88406	268.50705
28184.36067	269.98217
28184.83729	285.3988
28185.31393	294.84763
28185.79058	283.13786
28186.26726	287.3647
28186.74394	298.12263
28187.22065	298.49117
28187.69737	293.49461
28188.1741	295.32585
28188.65085	299.22779
28189.12762	294.55004
28189.60441	289.83198
28190.08121	296.06953
28190.55802	282.57378
28191.03486	295.57263
28191.5117	294.66539
28191.98857	292.68604
28192.46545	288.8805
28192.94235	290.54136
28193.41926	292.13862
28193.89619	299.28078
28194.37314	298.68374
28194.8501	286.61711
28195.32708	303.53248
28195.80407	306.93975
28196.28108	298.83742
28196.75811	290.86819
28197.23515	288.43247
28197.71221	297.60964
28198.18928	295.84942
28198.66637	295.6541
28199.14348	291.87988
28199.6206	290.25297
28200.09774	296.98515
28200.58285	306.31451
28201.06002	293.7089
28201.53721	299.60099
28202.01441	296.38559
28202.49163	306.42968
28202.96887	298.58608
28203.44612	298.04307
28203.92339	301.94117
28204.40068	300.19677
28204.87798	298.00058
28205.35529	301.49918
28205.83263	294.39479
28206.30998	289.5161
28206.78734	300.99801
28207.26472	290.18752
28207.74212	293.60463
28208.21954	303.41745
28208.69697	304.68857
28209.17441	295.24509
28209.65188	289.87271
28210.12935	291.54173
28210.60685	291.38765
28211.08436	295.15158
28211.56189	292.52441
28212.03943	284.68094
28212.51699	287.98587
28212.99457	297.5243
28213.47216	292.12074
28213.94977	291.37717
28214.42739	307.68211
28214.90503	297.75885
28215.38269	301.7603
28215.86036	288.90954
28216.33805	290.96459
28216.81575	288.16143
28217.29348	297.25678
28217.77121	317.85213
28218.24897	303.26829
28218.72674	294.89554
28219.20452	296.7498
28219.68233	302.35566
28220.16014	294.13072
28220.63798	287.56518
28221.11583	292.39644
28221.5937	291.87551
28222.07158	289.30727
28222.54948	287.52264
28223.02739	285.56921
28223.50533	290.59589
28223.98327	297.50636
28224.46124	290.42504
28224.93922	300.26901
28225.41721	287.96339
28225.89523	298.80507
28226.37326	302.38816
28226.8513	300.54964
28227.32936	293.24073
28227.80744	289.58662
28228.28553	288.14771
28228.76364	297.0132
28229.24974	291.96817
28229.72788	292.33847
28230.20604	291.16316
28230.68421	303.91526
28231.1624	293.90156
28231.64061	300.99127
28232.11883	291.79907
28232.59707	296.72748
28233.07533	302.55799
28233.5536	289.6692
28234.03189	281.46181
28234.51019	298.89172
28234.98852	298.27234
28235.46685	300.55255
28235.94521	305.71577
28236.42357	310.44719
28236.90196	309.33822
28237.38036	301.97874
28237.85878	290.83987
28238.33721	297.45759
28238.81566	302.35922
28239.29413	299.92215
28239.77261	300.51019
28240.25111	300.28852
28240.72963	297.94416
28241.20816	304.9072
28241.68671	297.15564
28242.16527	310.23308
28242.64385	298.11642
28243.12245	292.79317
28243.60106	293.64042
28244.07969	288.08337
28244.55833	289.22772
28245.03699	288.14317
28245.51567	303.95932
28245.99436	298.61948
28246.47307	295.21474
28246.9518	294.1695
28247.43054	301.09246
28247.9093	303.75602
28248.38808	294.55949
28248.86687	295.21776
28249.34567	292.44792
28249.8245	297.51159
28250.30334	291.63877
28250.78219	284.55194
28251.26107	292.80882
28251.73995	299.27389
28252.21886	294.71627
28252.69778	293.75956
28253.17672	294.18554
28253.65567	303.57982
28254.13464	296.83121
28254.61363	290.2618
28255.09263	287.62399
28255.57165	292.06578
28256.05068	303.85377
28256.52973	282.73267
28257.0088	287.60157
28257.48788	294.18777
28257.96698	296.65037
28258.45408	294.76845
28258.93321	294.01755
28259.41236	286.79926
28259.89153	292.28737
28260.37071	294.49138
28260.84991	290.36179
28261.32912	289.1821
28261.80835	277.04212
28262.28759	285.36024
28262.76686	284.64355
28263.24614	280.56857
28263.72543	289.2093
28264.20474	293.91312
28264.68407	291.62325
28265.16341	293.24268
28265.64277	281.9089
28266.12215	286.33324
28266.60154	282.94387
28267.08095	294.3505
28267.56037	286.75414
28268.03981	293.55568
28268.51927	291.51572
28268.99875	288.59396
28269.47824	300.55151
28269.95774	295.00735
28270.43726	291.5222
28270.9168	286.47395
28271.39636	287.2936
28271.87593	279.87805
28272.35552	284.95891
28272.83512	287.26436
28273.31474	296.28272
28273.79438	287.11248
28274.27403	288.89914
28274.7537	288.30871
28275.23338	300.83787
28275.71309	284.82754
28276.1928	290.81811
28276.67254	286.53688
28277.15229	296.06775
28277.63205	278.98363
28278.11184	282.347
28278.59164	284.90248
28279.07145	287.73556
28279.55128	296.37394
28280.03113	289.88872
28280.51099	281.28821
28280.99088	288.0122
28281.47077	282.22968
28281.95069	279.96988
28282.43061	277.85267
28282.91056	282.15806
28283.39052	280.99796
28283.8705	273.19426
28284.3505	286.65845
28284.83051	279.71746
28285.31053	293.03836
28285.79058	281.72636
28286.27064	281.12297
28286.75071	280.25538
28287.23881	280.55347
28287.71892	279.03448
28288.19904	283.73579
28288.67918	277.99611
28289.15934	286.13623
28289.63951	286.10695
28290.1197	285.39387
28290.59991	288.84119
28291.08013	295.65781
28291.56037	299.55454
28292.04063	288.02967
28292.5209	280.3635
28293.00119	290.79553
28293.48149	289.60976
28293.96181	291.2496
28294.44215	288.03434
28294.9225	300.50958
28295.40287	292.37862
28295.88326	291.22446
28296.36366	299.1376
28296.84408	291.29155
28297.32452	287.8723
28297.80497	292.42095
28298.28544	294.9081
28298.76592	290.21835
28299.24642	280.11911
28299.72694	280.83086
28300.20747	285.41602
28300.68802	292.24108
28301.16858	288.88084
28301.64917	284.30521
28302.12976	288.93647
28302.61038	289.94064
28303.09101	290.53161
28303.57166	295.44118
28304.05232	286.04936
28304.533	285.05153
28305.0137	286.88951
28305.49441	287.01808
28305.97514	287.82747
28306.45588	286.64495
28306.93664	287.11833
28307.41742	296.64192
28307.89821	294.2746
28308.37903	288.03569
28308.85985	289.91728
28309.3407	290.92668
28309.82155	274.11507
28310.30243	288.86157
28310.78332	285.93597
28311.26423	290.70577
28311.74516	290.35487
28312.2261	290.04487
28312.70705	291.53508
28313.18803	290.70858
28313.66902	291.38369
28314.15002	287.3893
28314.63105	281.56742
28315.11209	284.67723
28315.59314	289.09035
28316.07421	284.88046
28316.56332	289.43337
28317.04443	285.69229
28317.52555	286.37511
28318.00668	293.67364
28318.48784	294.07946
28318.96901	305.28409
28319.45019	295.50942
28319.9314	312.58765
28320.41262	302.63679
28320.89385	297.43222
28321.3751	297.35536
28321.85637	291.3986
28322.33766	297.68314
28322.81896	294.49309
28323.30028	292.94333
28323.78161	305.13858
28324.26296	305.02263
28324.74433	308.02648
28325.22571	298.92723
28325.70711	306.99878
28326.18852	301.99334
28326.66996	305.3805
28327.1514	294.52395
28327.63287	292.57402
28328.11435	294.21988
28328.59585	297.67604
28329.07736	297.57531
28329.55889	294.18978
28330.04044	296.92235
28330.522	298.83052
28331.00358	298.17279
28331.48518	294.56477
28331.96679	297.14055
28332.44842	286.74313
28332.93006	294.65461
28333.41172	286.31909
28333.8934	282.17687
28334.37509	281.72496
28334.8568	295.91295
28335.33853	295.44454
28335.82027	293.39253
28336.30203	289.98262
28336.78381	287.08202
28337.2656	299.60072
28337.74741	278.79542
28338.22923	288.11772
28338.71108	285.51672
28339.19293	292.61692
28339.67481	289.42393
28340.1567	288.09464
28340.63861	295.18535
28341.12053	293.26186
28341.60247	288.14647
28342.08442	290.17169
28342.5664	287.8062
28343.04839	293.17262
28343.53039	290.67394
28344.01241	275.32087
28344.49445	280.99609
28344.9765	293.45672
28345.46661	289.80513
28345.9487	294.91586
28346.4308	290.92459
28346.91292	293.03542
28347.39506	293.33636
28347.87721	293.82899
28348.35938	283.64743
28348.84157	286.73367
28349.32377	290.93031
28349.80599	281.01616
28350.28822	289.212
28350.77047	278.77055
28351.25274	283.4061
28351.73503	305.95155
28352.21733	286.60021
28352.69964	282.69406
28353.18198	283.77602
28353.66433	281.60678
28354.14669	285.43794
28354.62908	286.1618
28355.11148	285.64766
28355.59389	284.18303
28356.07632	286.3327
28356.55877	293.20337
28357.04124	294.56294
28357.52372	280.08171
28358.00622	285.92658
28358.48873	297.92256
28358.97126	285.82784
28359.45381	284.62102
28359.93637	289.5177
28360.41895	289.91138
28360.90155	291.12607
28361.38416	286.05496
28361.86679	279.89805
28362.34943	289.05674
28362.8321	283.32263
28363.31478	283.56253
28363.79747	285.17102
28364.28018	289.66552
28364.76291	285.20452
28365.24565	286.84792
28365.72841	281.34263
28366.06544	296.43501
28366.54543	290.0567
28367.02541	288.96009
28367.5054	293.72306
28367.98539	300.06853
28368.46537	298.63344
28368.94536	298.94373
28369.42535	294.14058
28369.90533	297.6955
28370.38532	296.74941
28370.86531	285.35509
28371.34529	295.24184
28371.82528	305.25101
28372.30527	309.32909
28372.78525	308.48623
28373.26524	303.3797
28373.74523	305.97441
28374.22521	309.32348
28374.7052	306.00519
28375.18519	294.37128
28375.66517	309.72815
28376.14516	313.13482
28376.62515	309.85736
28377.10513	298.1167
28377.58512	314.51846
28378.06511	313.90887
28378.54509	304.62253
28379.02508	313.8209
28379.50507	304.42713
28379.98506	300.59372
28380.46504	303.0629
28380.94503	296.50066
28381.42502	301.88801
28381.905	304.56414
28382.38499	297.01399
28382.86498	300.47057
28383.34496	297.72248
28383.82495	296.65524
28384.30494	307.12823
28384.78492	301.41125
28385.26491	291.6921
28385.7449	289.34868
28386.22488	293.62915
28386.70487	291.69181
28387.18486	297.17254
28387.66484	294.98018
28388.14483	278.7364
28388.62482	287.68799
28389.1048	296.18983
28389.58479	294.5981
28390.06478	293.37648
28390.54476	294.38352
28391.02475	291.8896
28391.50474	297.51648
28391.98472	287.56004
28392.46471	278.24663
28392.9447	282.04349
28393.42468	287.23967
28393.90467	289.46277
28394.38466	283.93733
28394.86464	295.06976
28395.34463	296.85831
28395.82462	295.66229
28396.3046	294.07103
28396.78459	290.47291
28397.26458	295.79561
28397.74457	293.28643
28398.22455	288.20058
28398.70454	288.7112
28399.18453	284.53124
28399.66451	290.11124
28400.1445	296.02136
28400.62449	297.36247
28401.10447	300.79077
28401.58446	296.73211
28402.06445	302.1608
28402.54443	296.10022
28403.02442	274.81088
28403.50441	288.01647
28403.98439	297.60305
28404.46438	294.97141
28404.94437	289.47192
28405.42435	297.65918
28405.90434	298.10347
28406.38433	301.30395
28406.86431	310.78997
28407.3443	303.33715
28407.82429	302.30823
28408.30427	310.0869
28408.78426	305.95563
28409.26425	299.18753
28409.74423	291.98578
28410.22422	296.1968
28410.70421	300.51271
28411.18419	297.4959
28411.66418	299.52404
28412.14417	302.2364
28412.62415	301.04298
28413.10414	311.2208
28413.58413	296.75115
28414.06411	299.27683
28414.5441	303.59812
28415.02409	290.69576
28415.50407	296.88874
28415.98406	303.28035
28416.46405	300.33841
28416.94404	316.00901
28417.42402	298.46193
28417.90401	302.4061
28418.384	311.01286
28418.86398	299.73534
28419.34397	307.52099
28419.82396	308.13849
28420.30394	308.20323
28420.78393	304.69229
28421.26392	309.99386
28421.7439	316.29322
28422.22389	302.12454
28422.70388	315.73306
28423.18386	312.497
28423.66385	310.83569
28424.14384	302.38942
28424.62382	321.5718
28425.10381	319.50019
28425.5838	311.32157
28426.06378	303.49138
28426.54377	315.05341
28427.02376	315.12696
28427.50374	322.6869
28427.98373	322.61241
28428.46372	314.31032
28428.9437	323.3965
28429.42369	337.80765
28429.90368	337.63101
28430.38366	321.73718
28430.86365	323.19298
28431.34364	326.07762
28431.82362	325.19099
28432.30361	325.37649
28432.7836	322.36595
28433.26358	329.9343
28433.74357	332.50625
28434.22356	334.23519
28434.70355	313.69497
28435.18353	322.43673
28435.66352	324.25381
28436.14351	325.37041
28436.62349	332.50531
28437.10348	329.2803
28437.58347	331.99855
28438.06345	328.55743
28438.54344	322.55927
28439.02343	315.34915
28439.50341	319.38809
28439.9834	337.42161
28440.46339	322.90738
28440.94337	314.23011
28441.42336	325.53367
28441.90335	330.06247
28442.38333	329.64207
28442.86332	324.28327
28443.34331	327.76796
28443.82329	331.9054
28444.30328	334.07169
28444.78327	335.58579
28445.26325	338.09112
28445.74324	340.69118
28446.22323	333.42307
28446.70321	328.73849
28447.1832	336.90718
28447.66319	335.04107
28448.14317	330.48229
28448.62316	343.66036
28449.10315	347.18415
28449.58313	343.74308
28450.06312	347.31721
28450.54311	355.49467
28451.02309	360.98095
28451.50308	360.00642
28451.98307	365.99766
28452.46305	368.70565
28452.94304	360.6366
28453.42303	367.82237
28453.90302	354.50113
28454.383	344.97074
28454.86299	374.03662
28455.34298	392.45453
28455.82296	390.98287
28456.30295	381.12458
28456.78294	383.48648
28457.26292	390.34548
28457.74291	395.63189
28458.2229	389.56354
28458.70288	374.74094
28459.18287	396.96341
28459.66286	400.64393
28460.14284	393.58091
28460.62283	400.79375
28461.10282	393.23284
28461.5828	400.50372
28462.06279	411.75966
28462.54278	400.29516
28463.02276	377.51752
28463.50275	392.26254
28463.98274	379.57667
28464.46272	359.73317
28464.94271	367.63951
28465.4227	389.59847
28465.90268	380.08238
28466.38267	390.12803
28466.86266	393.87768
28467.34264	387.91402
28467.82263	398.89312
28468.30262	411.81322
28468.7826	411.52917
28469.26259	390.9998
28469.74258	381.51823
28470.22256	396.12323
28470.70255	385.07909
28471.18254	387.50191
28471.66253	384.50648
28472.14251	367.64174
28472.6225	383.05838
28473.10249	386.42091
28473.58247	395.78508
28474.06246	365.60811
28474.54245	359.62088
28475.02243	395.00324
28475.50242	379.93886
28475.98241	359.54919
28476.46239	370.44144
28476.94238	352.59635
28477.42237	370.04281
28477.90235	372.37346
28478.38234	356.64054
28478.86233	358.7008
28479.34231	356.99086
28479.8223	360.70086
28480.30229	348.97949
28480.78227	346.83414
28481.26226	346.89679
28481.74225	338.3278
28482.22223	338.9103
28482.70222	332.46427
28483.18221	337.79861
28483.66219	342.5762
28484.14218	330.14344
28484.62217	329.30415
28485.10215	336.94677
28485.58214	342.67609
28486.06213	337.99733
28486.54211	335.75024
28487.0221	341.95608
28487.50209	325.34176
28487.98207	332.8648
28488.46206	350.79328
28488.94205	334.60282
28489.42203	331.85559
28489.90202	352.74413
28490.38201	358.82213
28490.862	353.72242
28491.34198	340.20247
28491.82197	319.99371
28492.30196	336.97169
28492.78194	334.86505
28493.26193	329.07655
28493.74192	325.59285
28494.2219	336.05978
28494.70189	324.71146
28495.18188	331.12864
28495.66186	339.30817
28496.14185	336.21886
28496.62184	341.00923
28497.10182	332.76607
28497.58181	325.09923
28498.0618	331.69171
28498.54178	346.56987
28499.02177	341.15397
28499.50176	321.00345
28499.98174	334.58315
28500.46173	330.59472
28500.94172	334.31449
28501.4217	338.61885
28501.90169	330.00949
28502.38168	320.08872
28502.86166	334.74214
28503.34165	340.90251
28503.82164	320.30451
28504.30162	332.60992
28504.78161	319.70696
28505.2616	321.81255
28505.74158	327.6621
28506.22157	327.48353
28506.70156	336.14492
28507.18154	317.9225
28507.66153	325.73052
28508.14152	316.70856
28508.62151	310.6636
28509.10149	317.75123
28509.58148	308.78837
28510.06147	323.73403
28510.54145	312.11532
28511.02144	306.01625
28511.50143	318.34722
28511.98141	316.17827
28512.4614	318.392
28512.94139	322.48284
28513.42137	310.85308
28513.90136	314.487
28514.38135	316.08584
28514.86133	311.86864
28515.34132	311.19453
28515.82131	300.86256
28516.30129	312.87386
28516.78128	304.32654
28517.26127	297.50838
28517.74125	308.30241
28518.22124	314.95111
28518.70123	313.1038
28519.18121	311.62359
28519.6612	320.98675
28520.14119	321.8066
28520.62117	318.20161
28521.10116	312.46411
28521.58115	316.10457
28522.06113	322.66958
28522.54112	323.9941
28523.02111	330.57386
28523.50109	328.73612
28523.98108	337.41232
28524.46107	337.00617
28524.94105	328.35813
28525.42104	338.51125
28525.90103	332.49476
28526.38101	313.42338
28526.861	313.74264
28527.34099	331.86172
28527.82098	334.84195
28528.30096	326.56384
28528.78095	322.24281
28529.26094	339.46483
28529.74092	349.08047
28530.22091	328.78384
28530.7009	339.49144
28531.18088	336.70114
28531.66087	354.70214
28532.14086	344.84702
28532.62084	341.93448
28533.10083	343.35488
28533.58082	348.9057
28534.0608	327.09519
28534.54079	349.25182
28535.02078	327.17297
28535.50076	342.74822
28535.98075	345.25808
28536.46074	349.65735
28536.94072	334.46023
28537.42071	335.00048
28537.9007	346.19777
28538.38068	358.99148
28538.86067	386.66958
28539.34066	351.12605
28539.82064	374.85587
28540.30063	378.37785
28540.78062	393.55636
28541.2606	382.28062
28541.74059	389.07326
28542.22058	372.18735
28542.70056	382.86907
28543.18055	363.50699
28543.66054	384.37622
28544.14052	367.95439
28544.62051	364.5142
28545.1005	372.58078
28545.58048	371.7327
28546.06047	350.94464
28546.54046	350.71634
28547.02045	362.09165
28547.50043	358.04553
28547.98042	359.43558
28548.46041	371.46916
28548.94039	373.43142
28549.42038	358.55115
28549.90037	350.06803
28550.38035	352.40233
28550.86034	347.19895
28551.34033	349.0273
28551.82031	359.7756
28552.3003	366.63073
28552.78029	367.21362
28553.26027	366.12391
28553.74026	366.6497
28554.22025	360.45955
28554.70023	368.46065
28555.18022	367.77615
28555.66021	357.83111
28556.14019	372.64011
28556.62018	374.28678
28557.10017	354.80454
28557.58015	363.7883
28558.06014	379.75817
28558.54013	353.94064
28559.02011	350.22264
28559.5001	350.22111
28559.98009	336.26788
28560.46007	347.75914
28560.94006	345.91326
28561.42005	326.92756
28561.90003	321.31226
28562.38002	328.2903
28562.86001	337.4099
28563.33999	326.56454
28563.81998	316.10064
28564.29997	324.33265
28564.77996	329.38494
28565.25994	327.94712
28565.73993	323.39995
28566.21992	317.66321
28566.6999	323.34057
28567.17989	326.57831
28567.65988	320.96196
28568.13986	326.04439
28568.61985	323.55781
28569.09984	329.78398
28569.57982	315.24021
28570.05981	322.18955
28570.5398	318.7117
28571.01978	329.41489
28571.49977	322.98306
28571.97976	306.84155
28572.45974	314.64813
28572.93973	330.64707
28573.41972	334.02077
28573.8997	345.86202
28574.37969	337.81196
28574.85968	339.71004
28575.33966	350.59356
28575.81965	347.60767
28576.29964	332.94427
28576.77962	330.34401
28577.25961	342.39377
28577.7396	333.73278
28578.21958	330.65832
28578.69957	329.15091
28579.17956	331.25202
28579.65954	339.68923
28580.13953	334.38703
28580.61952	345.02829
28581.0995	347.4529
28581.57949	342.40604
28582.05948	329.1922
28582.53946	324.596
28583.01945	325.83245
28583.49944	325.84759
28583.97943	327.56225
28584.45941	339.37527
28584.9394	328.32567
28585.41939	324.04634
28585.89937	322.76529
28586.37936	325.64991
28586.85935	330.47
28587.33933	310.57045
28587.81932	319.63916
28588.29931	318.86541
28588.77929	306.13555
28589.25928	308.49309
28589.73927	315.63512
28590.21925	325.14369
28590.69924	331.73086
28591.17923	315.12853
28591.65921	319.48175
28592.1392	308.20526
28592.61919	329.10646
28593.09917	326.13588
28593.57916	312.64873
28594.05915	319.3072
28594.53913	345.9751
28595.01912	320.56738
28595.49911	319.57719
28595.97909	325.31557
28596.45908	327.66631
28596.93907	317.52229
28597.41905	301.8552
28597.89904	300.90413
28598.37903	316.08138
28598.85901	321.17859
28599.339	311.03254
28599.81899	309.27135
28600.29897	314.36611
28600.77896	313.83382
28601.25895	310.81476
28601.73894	311.71533
28602.21892	315.67029
28602.69891	320.48397
28603.1789	323.96698
28603.65888	314.07897
28604.13887	303.72615
28604.61886	314.64088
28605.09884	312.1254
28605.57883	295.26696
28606.05882	303.22924
28606.5388	312.62014
28607.01879	310.62704
28607.49878	315.63954
28607.97876	317.50692
28608.45875	322.03231
28608.93874	329.28948
28609.41872	317.21415
28609.89871	309.82839
28610.3787	310.84373
28610.85868	313.26388
28611.33867	309.46216
28611.81866	318.51435
28612.29864	311.12423
28612.77863	308.60259
28613.25862	317.15862
28613.7386	330.20547
28614.21859	327.37808
28614.69858	301.92019
28615.17856	310.97176
28615.65855	319.59292
28616.13854	302.51268
28616.61852	292.84087
28617.09851	308.44487
28617.5785	323.94211
28618.05848	324.21501
28618.53847	324.26365
28619.01846	323.83322
28619.49844	329.08425
28619.97843	326.71163
28620.45842	309.44709
