    Position                  Intensity
 6.61279922861926E+0003	 2.02913429322925E-0005
 6.61280023621582E+0003	 2.08200381072307E-0005
 6.61280124381238E+0003	 2.13609635054542E-0005
 6.61280225140895E+0003	 2.19143662779188E-0005
 6.61280325900551E+0003	 2.24804980167328E-0005
 6.61280426660207E+0003	 2.30596148393016E-0005
 6.61280527419863E+0003	 2.36519774748452E-0005
 6.61280628179519E+0003	 2.42578513533818E-0005
 6.61280728939176E+0003	 2.48775066972704E-0005
 6.61280829698832E+0003	 2.55112186154129E-0005
 6.61280930458488E+0003	 2.61592672002148E-0005
 6.61281031218144E+0003	 2.68219376274121E-0005
 6.61281131977800E+0003	 2.74995202588714E-0005
 6.61281232737457E+0003	 2.81923107484769E-0005
 6.61281333497113E+0003	 2.89006101512211E-0005
 6.61281434256769E+0003	 2.96247250356186E-0005
 6.61281535016425E+0003	 3.03649675995695E-0005
 6.61281635776081E+0003	 3.11216557897986E-0005
 6.61281736535738E+0003	 3.18951134250070E-0005
 6.61281837295394E+0003	 3.26856703228698E-0005
 6.61281938055050E+0003	 3.34936624310250E-0005
 6.61282038814706E+0003	 3.43194319621993E-0005
 6.61282139574362E+0003	 3.51633275336213E-0005
 6.61282240334019E+0003	 3.60257043108784E-0005
 6.61282341093675E+0003	 3.69069241563815E-0005
 6.61282441853331E+0003	 3.78073557825986E-0005
 6.61282542612987E+0003	 3.87273749102333E-0005
 6.61282643372643E+0003	 3.96673644315224E-0005
 6.61282744132300E+0003	 4.06277145788351E-0005
 6.61282844891956E+0003	 4.16088230987620E-0005
 6.61282945651612E+0003	 4.26110954318857E-0005
 6.61283046411268E+0003	 4.36349448984351E-0005
 6.61283147170924E+0003	 4.46807928900229E-0005
 6.61283247930581E+0003	 4.57490690676821E-0005
 6.61283348690237E+0003	 4.68402115664165E-0005
 6.61283449449893E+0003	 4.79546672064869E-0005
 6.61283550209549E+0003	 4.90928917116644E-0005
 6.61283650969205E+0003	 5.02553499346853E-0005
 6.61283751728862E+0003	 5.14425160901508E-0005
 6.61283852488518E+0003	 5.26548739951191E-0005
 6.61283953248174E+0003	 5.38929173176472E-0005
 6.61284054007830E+0003	 5.51571498335439E-0005
 6.61284154767486E+0003	 5.64480856916039E-0005
 6.61284255527143E+0003	 5.77662496875998E-0005
 6.61284356286799E+0003	 5.91121775473146E-0005
 6.61284457046455E+0003	 6.04864162189082E-0005
 6.61284557806111E+0003	 6.18895241749145E-0005
 6.61284658565767E+0003	 6.33220717241736E-0005
 6.61284759325424E+0003	 6.47846413340185E-0005
 6.61284860085080E+0003	 6.62778279630291E-0005
 6.61284960844736E+0003	 6.78022394046898E-0005
 6.61285061604392E+0003	 6.93584966422842E-0005
 6.61285162364048E+0003	 7.09472342153699E-0005
 6.61285263123704E+0003	 7.25691005981911E-0005
 6.61285363883361E+0003	 7.42247585903857E-0005
 6.61285464643017E+0003	 7.59148857203556E-0005
 6.61285565402673E+0003	 7.76401746616816E-0005
 6.61285666162329E+0003	 7.94013336629632E-0005
 6.61285766921985E+0003	 8.11990869914797E-0005
 6.61285867681642E+0003	 8.30341753910763E-0005
 6.61285968441298E+0003	 8.49073565546810E-0005
 6.61286069200954E+0003	 8.68194056118749E-0005
 6.61286169960610E+0003	 8.87711156319440E-0005
 6.61286270720266E+0003	 9.07632981428441E-0005
 6.61286371479923E+0003	 9.27967836665289E-0005
 6.61286472239579E+0003	 9.48724222710877E-0005
 6.61286572999235E+0003	 9.69910841401605E-0005
 6.61286673758891E+0003	 9.91536601600990E-0005
 6.61286774518547E+0003	 1.01361062525344E-0004
 6.61286875278204E+0003	 1.03614225362522E-0004
 6.61286976037860E+0003	 1.05914105373738E-0004
 6.61287076797516E+0003	 1.08261682499583E-0004
 6.61287177557172E+0003	 1.10657960602363E-0004
 6.61287278316828E+0003	 1.13103968170059E-0004
 6.61287379076485E+0003	 1.15600759041575E-0004
 6.61287479836141E+0003	 1.18149413153771E-0004
 6.61287580595797E+0003	 1.20751037310860E-0004
 6.61287681355453E+0003	 1.23406765976706E-0004
 6.61287782115109E+0003	 1.26117762090575E-0004
 6.61287882874766E+0003	 1.28885217906932E-0004
 6.61287983634422E+0003	 1.31710355859828E-0004
 6.61288084394078E+0003	 1.34594429452480E-0004
 6.61288185153734E+0003	 1.37538724172630E-0004
 6.61288285913390E+0003	 1.40544558434272E-0004
 6.61288386673047E+0003	 1.43613284546357E-0004
 6.61288487432703E+0003	 1.46746289709083E-0004
 6.61288588192359E+0003	 1.49944997038377E-0004
 6.61288688952015E+0003	 1.53210866619212E-0004
 6.61288789711671E+0003	 1.56545396588358E-0004
 6.61288890471328E+0003	 1.59950124247220E-0004
 6.61288991230984E+0003	 1.63426627205391E-0004
 6.61289091990640E+0003	 1.66976524555563E-0004
 6.61289192750296E+0003	 1.70601478080443E-0004
 6.61289293509952E+0003	 1.74303193492327E-0004
 6.61289394269609E+0003	 1.78083421705973E-0004
 6.61289495029265E+0003	 1.81943960145449E-0004
 6.61289595788921E+0003	 1.85886654085597E-0004
 6.61289696548577E+0003	 1.89913398028786E-0004
 6.61289797308233E+0003	 1.94026137117616E-0004
 6.61289898067890E+0003	 1.98226868584225E-0004
 6.61289998827546E+0003	 2.02517643236885E-0004
 6.61290099587202E+0003	 2.06900566984535E-0004
 6.61290200346858E+0003	 2.11377802399927E-0004
 6.61290301106514E+0003	 2.15951570322033E-0004
 6.61290401866171E+0003	 2.20624151498402E-0004
 6.61290502625827E+0003	 2.25397888268097E-0004
 6.61290603385483E+0003	 2.30275186285896E-0004
 6.61290704145139E+0003	 2.35258516288386E-0004
 6.61290804904795E+0003	 2.40350415902617E-0004
 6.61290905664452E+0003	 2.45553491497960E-0004
 6.61291006424108E+0003	 2.50870420081791E-0004
 6.61291107183764E+0003	 2.56303951239651E-0004
 6.61291207943420E+0003	 2.61856909120495E-0004
 6.61291308703076E+0003	 2.67532194467659E-0004
 6.61291409462733E+0003	 2.73332786696134E-0004
 6.61291510222389E+0003	 2.79261746016754E-0004
 6.61291610982045E+0003	 2.85322215607900E-0004
 6.61291711741701E+0003	 2.91517423835257E-0004
 6.61291812501357E+0003	 2.97850686520229E-0004
 6.61291913261014E+0003	 3.04325409257521E-0004
 6.61292014020670E+0003	 3.10945089782462E-0004
 6.61292114780326E+0003	 3.17713320388541E-0004
 6.61292215539982E+0003	 3.24633790395700E-0004
 6.61292316299638E+0003	 3.31710288669840E-0004
 6.61292417059295E+0003	 3.38946706194011E-0004
 6.61292517818951E+0003	 3.46347038691742E-0004
 6.61292618578607E+0003	 3.53915389302906E-0004
 6.61292719338263E+0003	 3.61655971312558E-0004
 6.61292820097919E+0003	 3.69573110933084E-0004
 6.61292920857576E+0003	 3.77671250140054E-0004
 6.61293021617232E+0003	 3.85954949562057E-0004
 6.61293122376888E+0003	 3.94428891424866E-0004
 6.61293223136544E+0003	 4.03097882550168E-0004
 6.61293323896200E+0003	 4.11966857409112E-0004
 6.61293424655857E+0003	 4.21040881230894E-0004
 6.61293525415513E+0003	 4.30325153166530E-0004
 6.61293626175169E+0003	 4.39825009507988E-0004
 6.61293726934825E+0003	 4.49545926962772E-0004
 6.61293827694481E+0003	 4.59493525984018E-0004
 6.61293928454137E+0003	 4.69673574156180E-0004
 6.61294029213794E+0003	 4.80091989636224E-0004
 6.61294129973450E+0003	 4.90754844650373E-0004
 6.61294230733106E+0003	 5.01668369046234E-0004
 6.61294331492762E+0003	 5.12838953900227E-0004
 6.61294432252418E+0003	 5.24273155180109E-0004
 6.61294533012075E+0003	 5.35977697462392E-0004
 6.61294633771731E+0003	 5.47959477704354E-0004
 6.61294734531387E+0003	 5.60225569070351E-0004
 6.61294835291043E+0003	 5.72783224812031E-0004
 6.61294936050699E+0003	 5.85639882202049E-0004
 6.61295036810356E+0003	 5.98803166520785E-0004
 6.61295137570012E+0003	 6.12280895095538E-0004
 6.61295238329668E+0003	 6.26081081391605E-0004
 6.61295339089324E+0003	 6.40211939154602E-0004
 6.61295439848980E+0003	 6.54681886603292E-0004
 6.61295540608637E+0003	 6.69499550672203E-0004
 6.61295641368293E+0003	 6.84673771303138E-0004
 6.61295742127949E+0003	 7.00213605784724E-0004
 6.61295842887605E+0003	 7.16128333139031E-0004
 6.61295943647261E+0003	 7.32427458554226E-0004
 6.61296044406918E+0003	 7.49120717862157E-0004
 6.61296145166574E+0003	 7.66218082059730E-0004
 6.61296245926230E+0003	 7.83729761872797E-0004
 6.61296346685886E+0003	 8.01666212361292E-0004
 6.61296447445542E+0003	 8.20038137564216E-0004
 6.61296548205199E+0003	 8.38856495182982E-0004
 6.61296648964855E+0003	 8.58132501301639E-0004
 6.61296749724511E+0003	 8.77877635142339E-0004
 6.61296850484167E+0003	 8.98103643854354E-0004
 6.61296951243823E+0003	 9.18822547334884E-0004
 6.61297052003480E+0003	 9.40046643079802E-0004
 6.61297152763136E+0003	 9.61788511062432E-0004
 6.61297253522792E+0003	 9.84061018638302E-0004
 6.61297354282448E+0003	 1.00687732547382E-0003
 6.61297455042104E+0003	 1.03025088849669E-0003
 6.61297555801761E+0003	 1.05419546686573E-0003
 6.61297656561417E+0003	 1.07872512695792E-0003
 6.61297757321073E+0003	 1.10385424737001E-0003
 6.61297858080729E+0003	 1.12959752393236E-0003
 6.61297958840385E+0003	 1.15596997473231E-0003
 6.61298059600042E+0003	 1.18298694514435E-0003
 6.61298160359698E+0003	 1.21066411286445E-0003
 6.61298261119354E+0003	 1.23901749294549E-0003
 6.61298361879010E+0003	 1.26806344283090E-0003
 6.61298462638666E+0003	 1.29781866738354E-0003
 6.61298563398323E+0003	 1.32830022390657E-0003
 6.61298664157979E+0003	 1.35952552715300E-0003
 6.61298764917635E+0003	 1.39151235432090E-0003
 6.61298865677291E+0003	 1.42427885003046E-0003
 6.61298966436947E+0003	 1.45784353127970E-0003
 6.61299067196604E+0003	 1.49222529237510E-0003
 6.61299167956260E+0003	 1.52744340983350E-0003
 6.61299268715916E+0003	 1.56351754725150E-0003
 6.61299369475572E+0003	 1.60046776013846E-0003
 6.61299470235228E+0003	 1.63831450070925E-0003
 6.61299570994885E+0003	 1.67707862263265E-0003
 6.61299671754541E+0003	 1.71678138573124E-0003
 6.61299772514197E+0003	 1.75744446062869E-0003
 6.61299873273853E+0003	 1.79908993334010E-0003
 6.61299974033509E+0003	 1.84174030980101E-0003
 6.61300074793166E+0003	 1.88541852033063E-0003
 6.61300175552822E+0003	 1.93014792402488E-0003
 6.61300276312478E+0003	 1.97595231307437E-0003
 6.61300377072134E+0003	 2.02285591700297E-0003
 6.61300477831790E+0003	 2.07088340682195E-0003
 6.61300578591447E+0003	 2.12005989909495E-0003
 6.61300679351103E+0003	 2.17041095990893E-0003
 6.61300780110759E+0003	 2.22196260874605E-0003
 6.61300880870415E+0003	 2.27474132225145E-0003
 6.61300981630071E+0003	 2.32877403789193E-0003
 6.61301082389728E+0003	 2.38408815750019E-0003
 6.61301183149384E+0003	 2.44071155069955E-0003
 6.61301283909040E+0003	 2.49867255820389E-0003
 6.61301384668696E+0003	 2.55799999498726E-0003
 6.61301485428352E+0003	 2.61872315331809E-0003
 6.61301586188009E+0003	 2.68087180565232E-0003
 6.61301686947665E+0003	 2.74447620738006E-0003
 6.61301787707321E+0003	 2.80956709942030E-0003
 6.61301888466977E+0003	 2.87617571065808E-0003
 6.61301989226633E+0003	 2.94433376021853E-0003
 6.61302089986290E+0003	 3.01407345957210E-0003
 6.61302190745946E+0003	 3.08542751446552E-0003
 6.61302291505602E+0003	 3.15842912667261E-0003
 6.61302392265258E+0003	 3.23311199555932E-0003
 6.61302493024914E+0003	 3.30951031945744E-0003
 6.61302593784570E+0003	 3.38765879684103E-0003
 6.61302694544227E+0003	 3.46759262730003E-0003
 6.61302795303883E+0003	 3.54934751230525E-0003
 6.61302896063539E+0003	 3.63295965575912E-0003
 6.61302996823195E+0003	 3.71846576432625E-0003
 6.61303097582851E+0003	 3.80590304753849E-0003
 6.61303198342508E+0003	 3.89530921766844E-0003
 6.61303299102164E+0003	 3.98672248936601E-0003
 6.61303399861820E+0003	 4.08018157905217E-0003
 6.61303500621476E+0003	 4.17572570406472E-0003
 6.61303601381132E+0003	 4.27339458154985E-0003
 6.61303702140789E+0003	 4.37322842709474E-0003
 6.61303802900445E+0003	 4.47526795309505E-0003
 6.61303903660101E+0003	 4.57955436685253E-0003
 6.61304004419757E+0003	 4.68612936839682E-0003
 6.61304105179413E+0003	 4.79503514802650E-0003
 6.61304205939070E+0003	 4.90631438356422E-0003
 6.61304306698726E+0003	 5.02001023732052E-0003
 6.61304407458382E+0003	 5.13616635276148E-0003
 6.61304508218038E+0003	 5.25482685087528E-0003
 6.61304608977694E+0003	 5.37603632623256E-0003
 6.61304709737351E+0003	 5.49983984273617E-0003
 6.61304810497007E+0003	 5.62628292905535E-0003
 6.61304911256663E+0003	 5.75541157373996E-0003
 6.61305012016319E+0003	 5.88727222001032E-0003
 6.61305112775975E+0003	 6.02191176021822E-0003
 6.61305213535632E+0003	 6.15937752997541E-0003
 6.61305314295288E+0003	 6.29971730194465E-0003
 6.61305415054944E+0003	 6.44297927929055E-0003
 6.61305515814600E+0003	 6.58921208878545E-0003
 6.61305616574256E+0003	 6.73846477356760E-0003
 6.61305717333913E+0003	 6.89078678554753E-0003
 6.61305818093569E+0003	 7.04622797745989E-0003
 6.61305918853225E+0003	 7.20483859455740E-0003
 6.61306019612881E+0003	 7.36666926594415E-0003
 6.61306120372537E+0003	 7.53177099554549E-0003
 6.61306221132194E+0003	 7.70019515271202E-0003
 6.61306321891850E+0003	 7.87199346245529E-0003
 6.61306422651506E+0003	 8.04721799531340E-0003
 6.61306523411162E+0003	 8.22592115684405E-0003
 6.61306624170818E+0003	 8.40815567674406E-0003
 6.61306724930475E+0003	 8.59397459759311E-0003
 6.61306825690131E+0003	 8.78343126322140E-0003
 6.61306926449787E+0003	 8.97657930669914E-0003
 6.61307027209443E+0003	 9.17347263794810E-0003
 6.61307127969099E+0003	 9.37416543097405E-0003
 6.61307228728756E+0003	 9.57871211072018E-0003
 6.61307329488412E+0003	 9.78716733954110E-0003
 6.61307430248068E+0003	 9.99958600329811E-0003
 6.61307531007724E+0003	 1.02160231970758E-0002
 6.61307631767380E+0003	 1.04365342105210E-0002
 6.61307732527037E+0003	 1.06611745128052E-0002
 6.61307833286693E+0003	 1.08899997372112E-0002
 6.61307934046349E+0003	 1.11230656653462E-0002
 6.61308034806005E+0003	 1.13604282109828E-0002
 6.61308135565661E+0003	 1.16021434035303E-0002
 6.61308236325318E+0003	 1.18482673711388E-0002
 6.61308337084974E+0003	 1.20988563234377E-0002
 6.61308437844630E+0003	 1.23539665339137E-0002
 6.61308538604286E+0003	 1.26136543219298E-0002
 6.61308639363942E+0003	 1.28779760343897E-0002
 6.61308740123599E+0003	 1.31469880270512E-0002
 6.61308840883255E+0003	 1.34207466454934E-0002
 6.61308941642911E+0003	 1.36993082057413E-0002
 6.61309042402567E+0003	 1.39827289745532E-0002
 6.61309143162223E+0003	 1.42710651493766E-0002
 6.61309243921880E+0003	 1.45643728379763E-0002
 6.61309344681536E+0003	 1.48627080377425E-0002
 6.61309445441192E+0003	 1.51661266146834E-0002
 6.61309546200848E+0003	 1.54746842821098E-0002
 6.61309646960504E+0003	 1.57884365790169E-0002
 6.61309747720161E+0003	 1.61074388481726E-0002
 6.61309848479817E+0003	 1.64317462139170E-0002
 6.61309949239473E+0003	 1.67614135596825E-0002
 6.61310049999129E+0003	 1.70964955052422E-0002
 6.61310150758785E+0003	 1.74370463836931E-0002
 6.61310251518442E+0003	 1.77831202181858E-0002
 6.61310352278098E+0003	 1.81347706984062E-0002
 6.61310453037754E+0003	 1.84920511568209E-0002
 6.61310553797410E+0003	 1.88550145446935E-0002
 6.61310654557066E+0003	 1.92237134078838E-0002
 6.61310755316722E+0003	 1.95981998624376E-0002
 6.61310856076379E+0003	 1.99785255699798E-0002
 6.61310956836035E+0003	 2.03647417129184E-0002
 6.61311057595691E+0003	 2.07568989694736E-0002
 6.61311158355347E+0003	 2.11550474885401E-0002
 6.61311259115003E+0003	 2.15592368643959E-0002
 6.61311359874660E+0003	 2.19695161112688E-0002
 6.61311460634316E+0003	 2.23859336377715E-0002
 6.61311561393972E+0003	 2.28085372212194E-0002
 6.61311662153628E+0003	 2.32373739818410E-0002
 6.61311762913284E+0003	 2.36724903568966E-0002
 6.61311863672941E+0003	 2.41139320747144E-0002
 6.61311964432597E+0003	 2.45617441286613E-0002
 6.61312065192253E+0003	 2.50159707510576E-0002
 6.61312165951909E+0003	 2.54766553870525E-0002
 6.61312266711565E+0003	 2.59438406684717E-0002
 6.61312367471222E+0003	 2.64175683876528E-0002
 6.61312468230878E+0003	 2.68978794712808E-0002
 6.61312568990534E+0003	 2.73848139542401E-0002
 6.61312669750190E+0003	 2.78784109534956E-0002
 6.61312770509846E+0003	 2.83787086420175E-0002
 6.61312871269503E+0003	 2.88857442227673E-0002
 6.61312972029159E+0003	 2.93995539027554E-0002
 6.61313072788815E+0003	 2.99201728671894E-0002
 6.61313173548471E+0003	 3.04476352537262E-0002
 6.61313274308127E+0003	 3.09819741268426E-0002
 6.61313375067784E+0003	 3.15232214523422E-0002
 6.61313475827440E+0003	 3.20714080720109E-0002
 6.61313576587096E+0003	 3.26265636784396E-0002
 6.61313677346752E+0003	 3.31887167900264E-0002
 6.61313778106408E+0003	 3.37578947261775E-0002
 6.61313878866065E+0003	 3.43341235827192E-0002
 6.61313979625721E+0003	 3.49174282075387E-0002
 6.61314080385377E+0003	 3.55078321764690E-0002
 6.61314181145033E+0003	 3.61053577694330E-0002
 6.61314281904689E+0003	 3.67100259468637E-0002
 6.61314382664346E+0003	 3.73218563264133E-0002
 6.61314483424002E+0003	 3.79408671599734E-0002
 6.61314584183658E+0003	 3.85670753110118E-0002
 6.61314684943314E+0003	 3.92004962322522E-0002
 6.61314785702970E+0003	 3.98411439437046E-0002
 6.61314886462627E+0003	 4.04890310110647E-0002
 6.61314987222283E+0003	 4.11441685244984E-0002
 6.61315087981939E+0003	 4.18065660778252E-0002
 6.61315188741595E+0003	 4.24762317481154E-0002
 6.61315289501251E+0003	 4.31531720757174E-0002
 6.61315390260908E+0003	 4.38373920447298E-0002
 6.61315491020564E+0003	 4.45288950639300E-0002
 6.61315591780220E+0003	 4.52276829481794E-0002
 6.61315692539876E+0003	 4.59337559003142E-0002
 6.61315793299532E+0003	 4.66471124935376E-0002
 6.61315894059189E+0003	 4.73677496543295E-0002
 6.61315994818845E+0003	 4.80956626458844E-0002
 6.61316095578501E+0003	 4.88308450520921E-0002
 6.61316196338157E+0003	 4.95732887620750E-0002
 6.61316297097813E+0003	 5.03229839552935E-0002
 6.61316397857470E+0003	 5.10799190872342E-0002
 6.61316498617126E+0003	 5.18440808756910E-0002
 6.61316599376782E+0003	 5.26154542876534E-0002
 6.61316700136438E+0003	 5.33940225268118E-0002
 6.61316800896094E+0003	 5.41797670216930E-0002
 6.61316901655751E+0003	 5.49726674144358E-0002
 6.61317002415407E+0003	 5.57727015502180E-0002
 6.61317103175063E+0003	 5.65798454673459E-0002
 6.61317203934719E+0003	 5.73940733880150E-0002
 6.61317304694375E+0003	 5.82153577097527E-0002
 6.61317405454032E+0003	 5.90436689975520E-0002
 6.61317506213688E+0003	 5.98789759767058E-0002
 6.61317606973344E+0003	 6.07212455263489E-0002
 6.61317707733000E+0003	 6.15704426737176E-0002
 6.61317808492656E+0003	 6.24265305891331E-0002
 6.61317909252313E+0003	 6.32894705817172E-0002
 6.61318010011969E+0003	 6.41592220958472E-0002
 6.61318110771625E+0003	 6.50357427083542E-0002
 6.61318211531281E+0003	 6.59189881264748E-0002
 6.61318312290937E+0003	 6.68089121865578E-0002
 6.61318413050594E+0003	 6.77054668535341E-0002
 6.61318513810250E+0003	 6.86086022211514E-0002
 6.61318614569906E+0003	 6.95182665129811E-0002
 6.61318715329562E+0003	 7.04344060841970E-0002
 6.61318816089218E+0003	 7.13569654241351E-0002
 6.61318916848875E+0003	 7.22858871596295E-0002
 6.61319017608531E+0003	 7.32211120591330E-0002
 6.61319118368187E+0003	 7.41625790376201E-0002
 6.61319219127843E+0003	 7.51102251622760E-0002
 6.61319319887499E+0003	 7.60639856589720E-0002
 6.61319420647155E+0003	 7.70237939195239E-0002
 6.61319521406812E+0003	 7.79895815097395E-0002
 6.61319622166468E+0003	 7.89612781782490E-0002
 6.61319722926124E+0003	 7.99388118661181E-0002
 6.61319823685780E+0003	 8.09221087172443E-0002
 6.61319924445436E+0003	 8.19110930895301E-0002
 6.61320025205093E+0003	 8.29056875668347E-0002
 6.61320125964749E+0003	 8.39058129716962E-0002
 6.61320226724405E+0003	 8.49113883788241E-0002
 6.61320327484061E+0003	 8.59223311293557E-0002
 6.61320428243717E+0003	 8.69385568458703E-0002
 6.61320529003374E+0003	 8.79599794481599E-0002
 6.61320629763030E+0003	 8.89865111697452E-0002
 6.61320730522686E+0003	 9.00180625751368E-0002
 6.61320831282342E+0003	 9.10545425778239E-0002
 6.61320932041998E+0003	 9.20958584589986E-0002
 6.61321032801655E+0003	 9.31419158869919E-0002
 6.61321133561311E+0003	 9.41926189374243E-0002
 6.61321234320967E+0003	 9.52478701140568E-0002
 6.61321335080623E+0003	 9.63075703703344E-0002
 6.61321435840279E+0003	 9.73716191316114E-0002
 6.61321536599936E+0003	 9.84399143180494E-0002
 6.61321637359592E+0003	 9.95123523681769E-0002
 6.61321738119248E+0003	 1.00588828263096E-0001
 6.61321838878904E+0003	 1.01669235551335E-0001
 6.61321939638560E+0003	 1.02753466374316E-0001
 6.61322040398217E+0003	 1.03841411492448E-0001
 6.61322141157873E+0003	 1.04932960311814E-0001
 6.61322241917529E+0003	 1.06028000911443E-0001
 6.61322342677185E+0003	 1.07126420071170E-0001
 6.61322443436841E+0003	 1.08228103300037E-0001
 6.61322544196498E+0003	 1.09332934865256E-0001
 6.61322644956154E+0003	 1.10440797821691E-0001
 6.61322745715810E+0003	 1.11551574041862E-0001
 6.61322846475466E+0003	 1.12665144246447E-0001
 6.61322947235122E+0003	 1.13781388035270E-0001
 6.61323047994779E+0003	 1.14900183918754E-0001
 6.61323148754435E+0003	 1.16021409349830E-0001
 6.61323249514091E+0003	 1.17144940756279E-0001
 6.61323350273747E+0003	 1.18270653573489E-0001
 6.61323451033403E+0003	 1.19398422277621E-0001
 6.61323551793060E+0003	 1.20528120419153E-0001
 6.61323652552716E+0003	 1.21659620656788E-0001
 6.61323753312372E+0003	 1.22792794791719E-0001
 6.61323854072028E+0003	 1.23927513802213E-0001
 6.61323954831684E+0003	 1.25063647878514E-0001
 6.61324055591341E+0003	 1.26201066458040E-0001
 6.61324156350997E+0003	 1.27339638260850E-0001
 6.61324257110653E+0003	 1.28479231325368E-0001
 6.61324357870309E+0003	 1.29619713044349E-0001
 6.61324458629965E+0003	 1.30760950201059E-0001
 6.61324559389622E+0003	 1.31902809005653E-0001
 6.61324660149278E+0003	 1.33045155131740E-0001
 6.61324760908934E+0003	 1.34187853753095E-0001
 6.61324861668590E+0003	 1.35330769580536E-0001
 6.61324962428246E+0003	 1.36473766898894E-0001
 6.61325063187903E+0003	 1.37616709604114E-0001
 6.61325163947559E+0003	 1.38759461240419E-0001
 6.61325264707215E+0003	 1.39901885037548E-0001
 6.61325365466871E+0003	 1.41043843948044E-0001
 6.61325466226527E+0003	 1.42185200684553E-0001
 6.61325566986184E+0003	 1.43325817757144E-0001
 6.61325667745840E+0003	 1.44465557510612E-0001
 6.61325768505496E+0003	 1.45604282161748E-0001
 6.61325869265152E+0003	 1.46741853836558E-0001
 6.61325970024808E+0003	 1.47878134607423E-0001
 6.61326070784465E+0003	 1.49012986530156E-0001
 6.61326171544121E+0003	 1.50146271680968E-0001
 6.61326272303777E+0003	 1.51277852193297E-0001
 6.61326373063433E+0003	 1.52407590294506E-0001
 6.61326473823089E+0003	 1.53535348342410E-0001
 6.61326574582746E+0003	 1.54660988861637E-0001
 6.61326675342402E+0003	 1.55784374579778E-0001
 6.61326776102058E+0003	 1.56905368463340E-0001
 6.61326876861714E+0003	 1.58023833753457E-0001
 6.61326977621370E+0003	 1.59139634001360E-0001
 6.61327078381027E+0003	 1.60252633103583E-0001
 6.61327179140683E+0003	 1.61362695336887E-0001
 6.61327279900339E+0003	 1.62469685392890E-0001
 6.61327380659995E+0003	 1.63573468412387E-0001
 6.61327481419651E+0003	 1.64673910019340E-0001
 6.61327582179308E+0003	 1.65770876354531E-0001
 6.61327682938964E+0003	 1.66864234108853E-0001
 6.61327783698620E+0003	 1.67953850556233E-0001
 6.61327884458276E+0003	 1.69039593586175E-0001
 6.61327985217932E+0003	 1.70121331735891E-0001
 6.61328085977588E+0003	 1.71198934222038E-0001
 6.61328186737245E+0003	 1.72272270972017E-0001
 6.61328287496901E+0003	 1.73341212654840E-0001
 6.61328388256557E+0003	 1.74405630711549E-0001
 6.61328489016213E+0003	 1.75465397385169E-0001
 6.61328589775869E+0003	 1.76520385750197E-0001
 6.61328690535526E+0003	 1.77570469741599E-0001
 6.61328791295182E+0003	 1.78615524183319E-0001
 6.61328892054838E+0003	 1.79655424816287E-0001
 6.61328992814494E+0003	 1.80690048325901E-0001
 6.61329093574150E+0003	 1.81719272369007E-0001
 6.61329194333807E+0003	 1.82742975600327E-0001
 6.61329295093463E+0003	 1.83761037698365E-0001
 6.61329395853119E+0003	 1.84773339390752E-0001
 6.61329496612775E+0003	 1.85779762479048E-0001
 6.61329597372431E+0003	 1.86780189862975E-0001
 6.61329698132088E+0003	 1.87774505564085E-0001
 6.61329798891744E+0003	 1.88762594748853E-0001
 6.61329899651400E+0003	 1.89744343751194E-0001
 6.61330000411056E+0003	 1.90719640094391E-0001
 6.61330101170712E+0003	 1.91688372512435E-0001
 6.61330201930369E+0003	 1.92650430970776E-0001
 6.61330302690025E+0003	 1.93605706686468E-0001
 6.61330403449681E+0003	 1.94554092147725E-0001
 6.61330504209337E+0003	 1.95495481132866E-0001
 6.61330604968993E+0003	 1.96429768728655E-0001
 6.61330705728650E+0003	 1.97356851348038E-0001
 6.61330806488306E+0003	 1.98276626747267E-0001
 6.61330907247962E+0003	 1.99188994042418E-0001
 6.61331008007618E+0003	 2.00093853725297E-0001
 6.61331108767274E+0003	 2.00991107678733E-0001
 6.61331209526931E+0003	 2.01880659191264E-0001
 6.61331310286587E+0003	 2.02762412971215E-0001
 6.61331411046243E+0003	 2.03636275160165E-0001
 6.61331511805899E+0003	 2.04502153345806E-0001
 6.61331612565555E+0003	 2.05359956574203E-0001
 6.61331713325212E+0003	 2.06209595361447E-0001
 6.61331814084868E+0003	 2.07050981704711E-0001
 6.61331914844524E+0003	 2.07884029092707E-0001
 6.61332015604180E+0003	 2.08708652515553E-0001
 6.61332116363836E+0003	 2.09524768474057E-0001
 6.61332217123493E+0003	 2.10332294988401E-0001
 6.61332317883149E+0003	 2.11131151606262E-0001
 6.61332418642805E+0003	 2.11921259410350E-0001
 6.61332519402461E+0003	 2.12702541025378E-0001
 6.61332620162117E+0003	 2.13474920624473E-0001
 6.61332720921774E+0003	 2.14238323935021E-0001
 6.61332821681430E+0003	 2.14992678243972E-0001
 6.61332922441086E+0003	 2.15737912402591E-0001
 6.61333023200742E+0003	 2.16473956830684E-0001
 6.61333123960398E+0003	 2.17200743520278E-0001
 6.61333224720055E+0003	 2.17918206038794E-0001
 6.61333325479711E+0003	 2.18626279531699E-0001
 6.61333426239367E+0003	 2.19324900724652E-0001
 6.61333526999023E+0003	 2.20014007925154E-0001
 6.61333627758679E+0003	 2.20693541023710E-0001
 6.61333728518336E+0003	 2.21363441494504E-0001
 6.61333829277992E+0003	 2.22023652395616E-0001
 6.61333930037648E+0003	 2.22674118368764E-0001
 6.61334030797304E+0003	 2.23314785638601E-0001
 6.61334131556960E+0003	 2.23945602011572E-0001
 6.61334232316617E+0003	 2.24566516874331E-0001
 6.61334333076273E+0003	 2.25177481191739E-0001
 6.61334433835929E+0003	 2.25778447504452E-0001
 6.61334534595585E+0003	 2.26369369926110E-0001
 6.61334635355241E+0003	 2.26950204140120E-0001
 6.61334736114898E+0003	 2.27520907396077E-0001
 6.61334836874554E+0003	 2.28081438505806E-0001
 6.61334937634210E+0003	 2.28631757839043E-0001
 6.61335038393866E+0003	 2.29171827318769E-0001
 6.61335139153522E+0003	 2.29701610416218E-0001
 6.61335239913179E+0003	 2.30221072145539E-0001
 6.61335340672835E+0003	 2.30730179058163E-0001
 6.61335441432491E+0003	 2.31228899236851E-0001
 6.61335542192147E+0003	 2.31717202289464E-0001
 6.61335642951803E+0003	 2.32195059342440E-0001
 6.61335743711460E+0003	 2.32662443034008E-0001
 6.61335844471116E+0003	 2.33119327507145E-0001
 6.61335945230772E+0003	 2.33565688402282E-0001
 6.61336045990428E+0003	 2.34001502849778E-0001
 6.61336146750084E+0003	 2.34426749462165E-0001
 6.61336247509740E+0003	 2.34841408326193E-0001
 6.61336348269397E+0003	 2.35245460994656E-0001
 6.61336449029053E+0003	 2.35638890478041E-0001
 6.61336549788709E+0003	 2.36021681235996E-0001
 6.61336650548365E+0003	 2.36393819168625E-0001
 6.61336751308021E+0003	 2.36755291607631E-0001
 6.61336852067678E+0003	 2.37106087307314E-0001
 6.61336952827334E+0003	 2.37446196435431E-0001
 6.61337053586990E+0003	 2.37775610563937E-0001
 6.61337154346646E+0003	 2.38094322659602E-0001
 6.61337255106302E+0003	 2.38402327074546E-0001
 6.61337355865959E+0003	 2.38699619536659E-0001
 6.61337456625615E+0003	 2.38986197139955E-0001
 6.61337557385271E+0003	 2.39262058334849E-0001
 6.61337658144927E+0003	 2.39527202918375E-0001
 6.61337758904583E+0003	 2.39781632024350E-0001
 6.61337859664240E+0003	 2.40025348113503E-0001
 6.61337960423896E+0003	 2.40258354963562E-0001
 6.61338061183552E+0003	 2.40480657659333E-0001
 6.61338161943208E+0003	 2.40692262582754E-0001
 6.61338262702864E+0003	 2.40893177402952E-0001
 6.61338363462521E+0003	 2.41083411066307E-0001
 6.61338464222177E+0003	 2.41262973786528E-0001
 6.61338564981833E+0003	 2.41431877034750E-0001
 6.61338665741489E+0003	 2.41590133529671E-0001
 6.61338766501145E+0003	 2.41737757227724E-0001
 6.61338867260802E+0003	 2.41874763313292E-0001
 6.61338968020458E+0003	 2.42001168188996E-0001
 6.61339068780114E+0003	 2.42116989466028E-0001
 6.61339169539770E+0003	 2.42222245954571E-0001
 6.61339270299426E+0003	 2.42316957654287E-0001
 6.61339371059083E+0003	 2.42401145744900E-0001
 6.61339471818739E+0003	 2.42474832576870E-0001
 6.61339572578395E+0003	 2.42538041662163E-0001
 6.61339673338051E+0003	 2.42590797665130E-0001
 6.61339774097707E+0003	 2.42633126393502E-0001
 6.61339874857364E+0003	 2.42665054789503E-0001
 6.61339975617020E+0003	 2.42686610921081E-0001
 6.61340076376676E+0003	 2.42697823973280E-0001
 6.61340177136332E+0003	 2.42698724239743E-0001
 6.61340277895988E+0003	 2.42689343114353E-0001
 6.61340378655645E+0003	 2.42669713083026E-0001
 6.61340479415301E+0003	 2.42639867715654E-0001
 6.61340580174957E+0003	 2.42599841658203E-0001
 6.61340680934613E+0003	 2.42549670624966E-0001
 6.61340781694269E+0003	 2.42489391390990E-0001
 6.61340882453926E+0003	 2.42419041784665E-0001
 6.61340983213582E+0003	 2.42338660680480E-0001
 6.61341083973238E+0003	 2.42248287991971E-0001
 6.61341184732894E+0003	 2.42147964664825E-0001
 6.61341285492550E+0003	 2.42037732670184E-0001
 6.61341386252207E+0003	 2.41917634998124E-0001
 6.61341487011863E+0003	 2.41787715651320E-0001
 6.61341587771519E+0003	 2.41648019638911E-0001
 6.61341688531175E+0003	 2.41498592970541E-0001
 6.61341789290831E+0003	 2.41339482650607E-0001
 6.61341890050488E+0003	 2.41170736672694E-0001
 6.61341990810144E+0003	 2.40992404014205E-0001
 6.61342091569800E+0003	 2.40804534631204E-0001
 6.61342192329456E+0003	 2.40607179453435E-0001
 6.61342293089112E+0003	 2.40400390379561E-0001
 6.61342393848769E+0003	 2.40184220272592E-0001
 6.61342494608425E+0003	 2.39958722955521E-0001
 6.61342595368081E+0003	 2.39723953207155E-0001
 6.61342696127737E+0003	 2.39479966758151E-0001
 6.61342796887393E+0003	 2.39226820287255E-0001
 6.61342897647050E+0003	 2.38964571417742E-0001
 6.61342998406706E+0003	 2.38693278714048E-0001
 6.61343099166362E+0003	 2.38413001678615E-0001
 6.61343199926018E+0003	 2.38123800748927E-0001
 6.61343300685674E+0003	 2.37825737294740E-0001
 6.61343401445331E+0003	 2.37518873615523E-0001
 6.61343502204987E+0003	 2.37203272938072E-0001
 6.61343602964643E+0003	 2.36878999414347E-0001
 6.61343703724299E+0003	 2.36546118119465E-0001
 6.61343804483955E+0003	 2.36204695049915E-0001
 6.61343905243612E+0003	 2.35854797121939E-0001
 6.61344006003268E+0003	 2.35496492170107E-0001
 6.61344106762924E+0003	 2.35129848946073E-0001
 6.61344207522580E+0003	 2.34754937117507E-0001
 6.61344308282236E+0003	 2.34371827267211E-0001
 6.61344409041893E+0003	 2.33980590892400E-0001
 6.61344509801549E+0003	 2.33581300404157E-0001
 6.61344610561205E+0003	 2.33174029127057E-0001
 6.61344711320861E+0003	 2.32758851298950E-0001
 6.61344812080517E+0003	 2.32335842070904E-0001
 6.61344912840173E+0003	 2.31905077507311E-0001
 6.61345013599830E+0003	 2.31466634586129E-0001
 6.61345114359486E+0003	 2.31020591199283E-0001
 6.61345215119142E+0003	 2.30567026153209E-0001
 6.61345315878798E+0003	 2.30106019169526E-0001
 6.61345416638454E+0003	 2.29637650885851E-0001
 6.61345517398111E+0003	 2.29162002856738E-0001
 6.61345618157767E+0003	 2.28679157554739E-0001
 6.61345718917423E+0003	 2.28189198371585E-0001
 6.61345819677079E+0003	 2.27692209619477E-0001
 6.61345920436735E+0003	 2.27188276532490E-0001
 6.61346021196392E+0003	 2.26677485268069E-0001
 6.61346121956048E+0003	 2.26159922908625E-0001
 6.61346222715704E+0003	 2.25635677463221E-0001
 6.61346323475360E+0003	 2.25104837869344E-0001
 6.61346424235016E+0003	 2.24567493994739E-0001
 6.61346524994673E+0003	 2.24023736639335E-0001
 6.61346625754329E+0003	 2.23473657537216E-0001
 6.61346726513985E+0003	 2.22917349358660E-0001
 6.61346827273641E+0003	 2.22354905712220E-0001
 6.61346928033297E+0003	 2.21786421146855E-0001
 6.61347028792954E+0003	 2.21211991154090E-0001
 6.61347129552610E+0003	 2.20631712170205E-0001
 6.61347230312266E+0003	 2.20045681578455E-0001
 6.61347331071922E+0003	 2.19453997711282E-0001
 6.61347431831578E+0003	 2.18856759852553E-0001
 6.61347532591235E+0003	 2.18254068239781E-0001
 6.61347633350891E+0003	 2.17646024066344E-0001
 6.61347734110547E+0003	 2.17032729483676E-0001
 6.61347834870203E+0003	 2.16414287603438E-0001
 6.61347935629859E+0003	 2.15790802499649E-0001
 6.61348036389516E+0003	 2.15162379210770E-0001
 6.61348137149172E+0003	 2.14529123741737E-0001
 6.61348237908828E+0003	 2.13891143065936E-0001
 6.61348338668484E+0003	 2.13248545127092E-0001
 6.61348439428140E+0003	 2.12601438841092E-0001
 6.61348540187797E+0003	 2.11949934097707E-0001
 6.61348640947453E+0003	 2.11294141762225E-0001
 6.61348741707109E+0003	 2.10634173676958E-0001
 6.61348842466765E+0003	 2.09970142662644E-0001
 6.61348943226421E+0003	 2.09302162519717E-0001
 6.61349043986078E+0003	 2.08630348029431E-0001
 6.61349144745734E+0003	 2.07954814954840E-0001
 6.61349245505390E+0003	 2.07275680041621E-0001
 6.61349346265046E+0003	 2.06593061018718E-0001
 6.61349447024702E+0003	 2.05907076598815E-0001
 6.61349547784359E+0003	 2.05217846478609E-0001
 6.61349648544015E+0003	 2.04525491338892E-0001
 6.61349749303671E+0003	 2.03830132844407E-0001
 6.61349850063327E+0003	 2.03131893643494E-0001
 6.61349950822983E+0003	 2.02430897367490E-0001
 6.61350051582640E+0003	 2.01727268629887E-0001
 6.61350152342296E+0003	 2.01021133025244E-0001
 6.61350253101952E+0003	 2.00312617127806E-0001
 6.61350353861608E+0003	 1.99601848489870E-0001
 6.61350454621264E+0003	 1.98888955639840E-0001
 6.61350555380921E+0003	 1.98174068079995E-0001
 6.61350656140577E+0003	 1.97457316283927E-0001
 6.61350756900233E+0003	 1.96738831693668E-0001
 6.61350857659889E+0003	 1.96018746716467E-0001
 6.61350958419545E+0003	 1.95297194721227E-0001
 6.61351059179202E+0003	 1.94574310034572E-0001
 6.61351159938858E+0003	 1.93850227936548E-0001
 6.61351260698514E+0003	 1.93125084655940E-0001
 6.61351361458170E+0003	 1.92399017365177E-0001
 6.61351462217826E+0003	 1.91672164174849E-0001
 6.61351562977483E+0003	 1.90944664127790E-0001
 6.61351663737139E+0003	 1.90216657192727E-0001
 6.61351764496795E+0003	 1.89488284257493E-0001
 6.61351865256451E+0003	 1.88759687121771E-0001
 6.61351966016107E+0003	 1.88031008489382E-0001
 6.61352066775764E+0003	 1.87302391960081E-0001
 6.61352167535420E+0003	 1.86573982020866E-0001
 6.61352268295076E+0003	 1.85845924036778E-0001
 6.61352369054732E+0003	 1.85118364241192E-0001
 6.61352469814388E+0003	 1.84391449725568E-0001
 6.61352570574045E+0003	 1.83665328428675E-0001
 6.61352671333701E+0003	 1.82940149125249E-0001
 6.61352772093357E+0003	 1.82216061414102E-0001
 6.61352872853013E+0003	 1.81493215705647E-0001
 6.61352973612669E+0003	 1.80771763208836E-0001
 6.61353074372326E+0003	 1.80051855917511E-0001
 6.61353175131982E+0003	 1.79333646596137E-0001
 6.61353275891638E+0003	 1.78617288764916E-0001
 6.61353376651294E+0003	 1.77902936684279E-0001
 6.61353477410950E+0003	 1.77190745338730E-0001
 6.61353578170606E+0003	 1.76480870420043E-0001
 6.61353678930263E+0003	 1.75773468309795E-0001
 6.61353779689919E+0003	 1.75068696061233E-0001
 6.61353880449575E+0003	 1.74366711380453E-0001
 6.61353981209231E+0003	 1.73667672606897E-0001
 6.61354081968887E+0003	 1.72971738693144E-0001
 6.61354182728544E+0003	 1.72279069183995E-0001
 6.61354283488200E+0003	 1.71589824194840E-0001
 6.61354384247856E+0003	 1.70904164389302E-0001
 6.61354485007512E+0003	 1.70222250956143E-0001
 6.61354585767168E+0003	 1.69544245585431E-0001
 6.61354686526825E+0003	 1.68870310443960E-0001
 6.61354787286481E+0003	 1.68200608149905E-0001
 6.61354888046137E+0003	 1.67535301746727E-0001
 6.61354988805793E+0003	 1.66874554676299E-0001
 6.61355089565449E+0003	 1.66218530751258E-0001
 6.61355190325106E+0003	 1.65567394126581E-0001
 6.61355291084762E+0003	 1.64921309270371E-0001
 6.61355391844418E+0003	 1.64280440933851E-0001
 6.61355492604074E+0003	 1.63644954120567E-0001
 6.61355593363730E+0003	 1.63015014054791E-0001
 6.61355694123387E+0003	 1.62390786149118E-0001
 6.61355794883043E+0003	 1.61772435971267E-0001
 6.61355895642699E+0003	 1.61160129210063E-0001
 6.61355996402355E+0003	 1.60554031640620E-0001
 6.61356097162011E+0003	 1.59954309088712E-0001
 6.61356197921668E+0003	 1.59361127394327E-0001
 6.61356298681324E+0003	 1.58774652374417E-0001
 6.61356399440980E+0003	 1.58195049784838E-0001
 6.61356500200636E+0003	 1.57622485281474E-0001
 6.61356600960292E+0003	 1.57057124380559E-0001
 6.61356701719949E+0003	 1.56499132418196E-0001
 6.61356802479605E+0003	 1.55948674509065E-0001
 6.61356903239261E+0003	 1.55405915504341E-0001
 6.61357003998917E+0003	 1.54871019948816E-0001
 6.61357104758573E+0003	 1.54344152037227E-0001
 6.61357205518230E+0003	 1.53825475569809E-0001
 6.61357306277886E+0003	 1.53315153907060E-0001
 6.61357407037542E+0003	 1.52813349923748E-0001
 6.61357507797198E+0003	 1.52320225962146E-0001
 6.61357608556854E+0003	 1.51835943784520E-0001
 6.61357709316511E+0003	 1.51360664524867E-0001
 6.61357810076167E+0003	 1.50894548639926E-0001
 6.61357910835823E+0003	 1.50437755859460E-0001
 6.61358011595479E+0003	 1.49990445135825E-0001
 6.61358112355135E+0003	 1.49552774592850E-0001
 6.61358213114792E+0003	 1.49124901474016E-0001
 6.61358313874448E+0003	 1.48706982089975E-0001
 6.61358414634104E+0003	 1.48299171765409E-0001
 6.61358515393760E+0003	 1.47901624785239E-0001
 6.61358616153416E+0003	 1.47514494340225E-0001
 6.61358716913073E+0003	 1.47137932471940E-0001
 6.61358817672729E+0003	 1.46772090017167E-0001
 6.61358918432385E+0003	 1.46417116551721E-0001
 6.61359019192041E+0003	 1.46073160333717E-0001
 6.61359119951697E+0003	 1.45740368246313E-0001
 6.61359220711354E+0003	 1.45418885739934E-0001
 6.61359321471010E+0003	 1.45108856774023E-0001
 6.61359422230666E+0003	 1.44810423758313E-0001
 6.61359522990322E+0003	 1.44523727493671E-0001
 6.61359623749978E+0003	 1.44248907112518E-0001
 6.61359724509635E+0003	 1.43986100018861E-0001
 6.61359825269291E+0003	 1.43735441827966E-0001
 6.61359926028947E+0003	 1.43497066305684E-0001
 6.61360026788603E+0003	 1.43271105307485E-0001
 6.61360127548259E+0003	 1.43057688717191E-0001
 6.61360228307916E+0003	 1.42856944385476E-0001
 6.61360329067572E+0003	 1.42668998068136E-0001
 6.61360429827228E+0003	 1.42493973364177E-0001
 6.61360530586884E+0003	 1.42331991653736E-0001
 6.61360631346540E+0003	 1.42183172035886E-0001
 6.61360732106197E+0003	 1.42047631266352E-0001
 6.61360832865853E+0003	 1.41925483695153E-0001
 6.61360933625509E+0003	 1.41816841204240E-0001
 6.61361034385165E+0003	 1.41721813145138E-0001
 6.61361135144821E+0003	 1.41640506276640E-0001
 6.61361235904478E+0003	 1.41573024702576E-0001
 6.61361336664134E+0003	 1.41519469809726E-0001
 6.61361437423790E+0003	 1.41479940205870E-0001
 6.61361538183446E+0003	 1.41454531658057E-0001
 6.61361638943102E+0003	 1.41443337031096E-0001
 6.61361739702758E+0003	 1.41446446226344E-0001
 6.61361840462415E+0003	 1.41463946120790E-0001
 6.61361941222071E+0003	 1.41495920506519E-0001
 6.61362041981727E+0003	 1.41542450030564E-0001
 6.61362142741383E+0003	 1.41603612135203E-0001
 6.61362243501039E+0003	 1.41679480998740E-0001
 6.61362344260696E+0003	 1.41770127476815E-0001
 6.61362445020352E+0003	 1.41875619044278E-0001
 6.61362545780008E+0003	 1.41996019737680E-0001
 6.61362646539664E+0003	 1.42131390098418E-0001
 6.61362747299320E+0003	 1.42281787116577E-0001
 6.61362848058977E+0003	 1.42447264175520E-0001
 6.61362948818633E+0003	 1.42627870997263E-0001
 6.61363049578289E+0003	 1.42823653588681E-0001
 6.61363150337945E+0003	 1.43034654188588E-0001
 6.61363251097601E+0003	 1.43260911215746E-0001
 6.61363351857258E+0003	 1.43502459217829E-0001
 6.61363452616914E+0003	 1.43759328821403E-0001
 6.61363553376570E+0003	 1.44031546682957E-0001
 6.61363654136226E+0003	 1.44319135441037E-0001
 6.61363754895882E+0003	 1.44622113669516E-0001
 6.61363855655539E+0003	 1.44940495832059E-0001
 6.61363956415195E+0003	 1.45274292237812E-0001
 6.61364057174851E+0003	 1.45623508998376E-0001
 6.61364157934507E+0003	 1.45988147986088E-0001
 6.61364258694163E+0003	 1.46368206793675E-0001
 6.61364359453820E+0003	 1.46763678695303E-0001
 6.61364460213476E+0003	 1.47174552609085E-0001
 6.61364560973132E+0003	 1.47600813061066E-0001
 6.61364661732788E+0003	 1.48042440150751E-0001
 6.61364762492444E+0003	 1.48499409518201E-0001
 6.61364863252101E+0003	 1.48971692312737E-0001
 6.61364964011757E+0003	 1.49459255163305E-0001
 6.61365064771413E+0003	 1.49962060150531E-0001
 6.61365165531069E+0003	 1.50480064780506E-0001
 6.61365266290725E+0003	 1.51013221960340E-0001
 6.61365367050382E+0003	 1.51561479975523E-0001
 6.61365467810038E+0003	 1.52124782469129E-0001
 6.61365568569694E+0003	 1.52703068422897E-0001
 6.61365669329350E+0003	 1.53296272140229E-0001
 6.61365770089006E+0003	 1.53904323231121E-0001
 6.61365870848663E+0003	 1.54527146599094E-0001
 6.61365971608319E+0003	 1.55164662430117E-0001
 6.61366072367975E+0003	 1.55816786183583E-0001
 6.61366173127631E+0003	 1.56483428585347E-0001
 6.61366273887287E+0003	 1.57164495622868E-0001
 6.61366374646944E+0003	 1.57859888542480E-0001
 6.61366475406600E+0003	 1.58569503848809E-0001
 6.61366576166256E+0003	 1.59293233306369E-0001
 6.61366676925912E+0003	 1.60030963943359E-0001
 6.61366777685568E+0003	 1.60782578057684E-0001
 6.61366878445225E+0003	 1.61547953225212E-0001
 6.61366979204881E+0003	 1.62326962310306E-0001
 6.61367079964537E+0003	 1.63119473478622E-0001
 6.61367180724193E+0003	 1.63925350212211E-0001
 6.61367281483849E+0003	 1.64744451326933E-0001
 6.61367382243506E+0003	 1.65576630992195E-0001
 6.61367483003162E+0003	 1.66421738753021E-0001
 6.61367583762818E+0003	 1.67279619554480E-0001
 6.61367684522474E+0003	 1.68150113768455E-0001
 6.61367785282130E+0003	 1.69033057222789E-0001
 6.61367886041787E+0003	 1.69928281232788E-0001
 6.61367986801443E+0003	 1.70835612635102E-0001
 6.61368087561099E+0003	 1.71754873823980E-0001
 6.61368188320755E+0003	 1.72685882789895E-0001
 6.61368289080411E+0003	 1.73628453160545E-0001
 6.61368389840068E+0003	 1.74582394244226E-0001
 6.61368490599724E+0003	 1.75547511075558E-0001
 6.61368591359380E+0003	 1.76523604463589E-0001
 6.61368692119036E+0003	 1.77510471042227E-0001
 6.61368792878692E+0003	 1.78507903323031E-0001
 6.61368893638349E+0003	 1.79515689750309E-0001
 6.61368994398005E+0003	 1.80533614758549E-0001
 6.61369095157661E+0003	 1.81561458832135E-0001
 6.61369195917317E+0003	 1.82598998567349E-0001
 6.61369296676973E+0003	 1.83646006736630E-0001
 6.61369397436630E+0003	 1.84702252355076E-0001
 6.61369498196286E+0003	 1.85767500749164E-0001
 6.61369598955942E+0003	 1.86841513627657E-0001
 6.61369699715598E+0003	 1.87924049154686E-0001
 6.61369800475254E+0003	 1.89014862024955E-0001
 6.61369901234911E+0003	 1.90113703541074E-0001
 6.61370001994567E+0003	 1.91220321692946E-0001
 6.61370102754223E+0003	 1.92334461239214E-0001
 6.61370203513879E+0003	 1.93455863790702E-0001
 6.61370304273535E+0003	 1.94584267895835E-0001
 6.61370405033191E+0003	 1.95719409127986E-0001
 6.61370505792848E+0003	 1.96861020174714E-0001
 6.61370606552504E+0003	 1.98008830928851E-0001
 6.61370707312160E+0003	 1.99162568581396E-0001
 6.61370808071816E+0003	 2.00321957716168E-0001
 6.61370908831472E+0003	 2.01486720406171E-0001
 6.61371009591129E+0003	 2.02656576311626E-0001
 6.61371110350785E+0003	 2.03831242779618E-0001
 6.61371211110441E+0003	 2.05010434945302E-0001
 6.61371311870097E+0003	 2.06193865834631E-0001
 6.61371412629753E+0003	 2.07381246468530E-0001
 6.61371513389410E+0003	 2.08572285968476E-0001
 6.61371614149066E+0003	 2.09766691663422E-0001
 6.61371714908722E+0003	 2.10964169198011E-0001
 6.61371815668378E+0003	 2.12164422642012E-0001
 6.61371916428034E+0003	 2.13367154600929E-0001
 6.61372017187691E+0003	 2.14572066327706E-0001
 6.61372117947347E+0003	 2.15778857835484E-0001
 6.61372218707003E+0003	 2.16987228011336E-0001
 6.61372319466659E+0003	 2.18196874730908E-0001
 6.61372420226315E+0003	 2.19407494973914E-0001
 6.61372520985972E+0003	 2.20618784940417E-0001
 6.61372621745628E+0003	 2.21830440167816E-0001
 6.61372722505284E+0003	 2.23042155648483E-0001
 6.61372823264940E+0003	 2.24253625947979E-0001
 6.61372924024596E+0003	 2.25464545323778E-0001
 6.61373024784253E+0003	 2.26674607844420E-0001
 6.61373125543909E+0003	 2.27883507509045E-0001
 6.61373226303565E+0003	 2.29090938367209E-0001
 6.61373327063221E+0003	 2.30296594638936E-0001
 6.61373427822877E+0003	 2.31500170834913E-0001
 6.61373528582534E+0003	 2.32701361876766E-0001
 6.61373629342190E+0003	 2.33899863217350E-0001
 6.61373730101846E+0003	 2.35095370960962E-0001
 6.61373830861502E+0003	 2.36287581983429E-0001
 6.61373931621158E+0003	 2.37476194051970E-0001
 6.61374032380815E+0003	 2.38660905944786E-0001
 6.61374133140471E+0003	 2.39841417570288E-0001
 6.61374233900127E+0003	 2.41017430085891E-0001
 6.61374334659783E+0003	 2.42188646016312E-0001
 6.61374435419439E+0003	 2.43354769371292E-0001
 6.61374536179096E+0003	 2.44515505762668E-0001
 6.61374636938752E+0003	 2.45670562520727E-0001
 6.61374737698408E+0003	 2.46819648809779E-0001
 6.61374838458064E+0003	 2.47962475742857E-0001
 6.61374939217720E+0003	 2.49098756495497E-0001
 6.61375039977377E+0003	 2.50228206418516E-0001
 6.61375140737033E+0003	 2.51350543149717E-0001
 6.61375241496689E+0003	 2.52465486724468E-0001
 6.61375342256345E+0003	 2.53572759685068E-0001
 6.61375443016001E+0003	 2.54672087188847E-0001
 6.61375543775658E+0003	 2.55763197114936E-0001
 6.61375644535314E+0003	 2.56845820169628E-0001
 6.61375745294970E+0003	 2.57919689990285E-0001
 6.61375846054626E+0003	 2.58984543247719E-0001
 6.61375946814282E+0003	 2.60040119746979E-0001
 6.61376047573939E+0003	 2.61086162526508E-0001
 6.61376148333595E+0003	 2.62122417955574E-0001
 6.61376249093251E+0003	 2.63148635829964E-0001
 6.61376349852907E+0003	 2.64164569465838E-0001
 6.61376450612563E+0003	 2.65169975791727E-0001
 6.61376551372220E+0003	 2.66164615438594E-0001
 6.61376652131876E+0003	 2.67148252827926E-0001
 6.61376752891532E+0003	 2.68120656257796E-0001
 6.61376853651188E+0003	 2.69081597986846E-0001
 6.61376954410844E+0003	 2.70030854316152E-0001
 6.61377055170501E+0003	 2.70968205668919E-0001
 6.61377155930157E+0003	 2.71893436667965E-0001
 6.61377256689813E+0003	 2.72806336210948E-0001
 6.61377357449469E+0003	 2.73706697543305E-0001
 6.61377458209125E+0003	 2.74594318328857E-0001
 6.61377558968782E+0003	 2.75469000718041E-0001
 6.61377659728438E+0003	 2.76330551413741E-0001
 6.61377760488094E+0003	 2.77178781734694E-0001
 6.61377861247750E+0003	 2.78013507676404E-0001
 6.61377962007406E+0003	 2.78834549969585E-0001
 6.61378062767063E+0003	 2.79641734136067E-0001
 6.61378163526719E+0003	 2.80434890542157E-0001
 6.61378264286375E+0003	 2.81213854449425E-0001
 6.61378365046031E+0003	 2.81978466062907E-0001
 6.61378465805687E+0003	 2.82728570576678E-0001
 6.61378566565343E+0003	 2.83464018216815E-0001
 6.61378667325000E+0003	 2.84184664281702E-0001
 6.61378768084656E+0003	 2.84890369179686E-0001
 6.61378868844312E+0003	 2.85580998464042E-0001
 6.61378969603968E+0003	 2.86256422865300E-0001
 6.61379070363624E+0003	 2.86916518320843E-0001
 6.61379171123281E+0003	 2.87561166001841E-0001
 6.61379271882937E+0003	 2.88190252337479E-0001
 6.61379372642593E+0003	 2.88803669036492E-0001
 6.61379473402249E+0003	 2.89401313106013E-0001
 6.61379574161905E+0003	 2.89983086867708E-0001
 6.61379674921562E+0003	 2.90548897971247E-0001
 6.61379775681218E+0003	 2.91098659405079E-0001
 6.61379876440874E+0003	 2.91632289504540E-0001
 6.61379977200530E+0003	 2.92149711957298E-0001
 6.61380077960186E+0003	 2.92650855806151E-0001
 6.61380178719843E+0003	 2.93135655449178E-0001
 6.61380279479499E+0003	 2.93604050637291E-0001
 6.61380380239155E+0003	 2.94055986469164E-0001
 6.61380480998811E+0003	 2.94491413383596E-0001
 6.61380581758467E+0003	 2.94910287149303E-0001
 6.61380682518124E+0003	 2.95312568852183E-0001
 6.61380783277780E+0003	 2.95698224880051E-0001
 6.61380884037436E+0003	 2.96067226904911E-0001
 6.61380984797092E+0003	 2.96419551862753E-0001
 6.61381085556748E+0003	 2.96755181930929E-0001
 6.61381186316405E+0003	 2.97074104503129E-0001
 6.61381287076061E+0003	 2.97376312161992E-0001
 6.61381387835717E+0003	 2.97661802649398E-0001
 6.61381488595373E+0003	 2.97930578834452E-0001
 6.61381589355029E+0003	 2.98182648679217E-0001
 6.61381690114686E+0003	 2.98418025202230E-0001
 6.61381790874342E+0003	 2.98636726439842E-0001
 6.61381891633998E+0003	 2.98838775405409E-0001
 6.61381992393654E+0003	 2.99024200046402E-0001
 6.61382093153310E+0003	 2.99193033199458E-0001
 6.61382193912967E+0003	 2.99345312543419E-0001
 6.61382294672623E+0003	 2.99481080550428E-0001
 6.61382395432279E+0003	 2.99600384435081E-0001
 6.61382496191935E+0003	 2.99703276101740E-0001
 6.61382596951591E+0003	 2.99789812090008E-0001
 6.61382697711248E+0003	 2.99860053518448E-0001
 6.61382798470904E+0003	 2.99914066026569E-0001
 6.61382899230560E+0003	 2.99951919715157E-0001
 6.61382999990216E+0003	 2.99973689084981E-0001
 6.61383100749872E+0003	 2.99979452973940E-0001
 6.61383201509529E+0003	 2.99969294492694E-0001
 6.61383302269185E+0003	 2.99943300958842E-0001
 6.61383403028841E+0003	 2.99901563829690E-0001
 6.61383503788497E+0003	 2.99844178633684E-0001
 6.61383604548153E+0003	 2.99771244900527E-0001
 6.61383705307810E+0003	 2.99682866090074E-0001
 6.61383806067466E+0003	 2.99579149520043E-0001
 6.61383906827122E+0003	 2.99460206292586E-0001
 6.61384007586778E+0003	 2.99326151219801E-0001
 6.61384108346434E+0003	 2.99177102748219E-0001
 6.61384209106091E+0003	 2.99013182882340E-0001
 6.61384309865747E+0003	 2.98834517107257E-0001
 6.61384410625403E+0003	 2.98641234310443E-0001
 6.61384511385059E+0003	 2.98433466702729E-0001
 6.61384612144715E+0003	 2.98211349738574E-0001
 6.61384712904372E+0003	 2.97975022035629E-0001
 6.61384813664028E+0003	 2.97724625293694E-0001
 6.61384914423684E+0003	 2.97460304213104E-0001
 6.61385015183340E+0003	 2.97182206412594E-0001
 6.61385115942996E+0003	 2.96890482346717E-0001
 6.61385216702653E+0003	 2.96585285222849E-0001
 6.61385317462309E+0003	 2.96266770917852E-0001
 6.61385418221965E+0003	 2.95935097894435E-0001
 6.61385518981621E+0003	 2.95590427117267E-0001
 6.61385619741277E+0003	 2.95232921968914E-0001
 6.61385720500934E+0003	 2.94862748165621E-0001
 6.61385821260590E+0003	 2.94480073673015E-0001
 6.61385922020246E+0003	 2.94085068621761E-0001
 6.61386022779902E+0003	 2.93677905223249E-0001
 6.61386123539558E+0003	 2.93258757685321E-0001
 6.61386224299215E+0003	 2.92827802128110E-0001
 6.61386325058871E+0003	 2.92385216500061E-0001
 6.61386425818527E+0003	 2.91931180494118E-0001
 6.61386526578183E+0003	 2.91465875464192E-0001
 6.61386627337839E+0003	 2.90989484341903E-0001
 6.61386728097496E+0003	 2.90502191553677E-0001
 6.61386828857152E+0003	 2.90004182938204E-0001
 6.61386929616808E+0003	 2.89495645664343E-0001
 6.61387030376464E+0003	 2.88976768149475E-0001
 6.61387131136120E+0003	 2.88447739978364E-0001
 6.61387231895776E+0003	 2.87908751822571E-0001
 6.61387332655433E+0003	 2.87359995360436E-0001
 6.61387433415089E+0003	 2.86801663197689E-0001
 6.61387534174745E+0003	 2.86233948788715E-0001
 6.61387634934401E+0003	 2.85657046358504E-0001
 6.61387735694057E+0003	 2.85071150825327E-0001
 6.61387836453714E+0003	 2.84476457724169E-0001
 6.61387937213370E+0003	 2.83873163130951E-0001
 6.61388037973026E+0003	 2.83261463587564E-0001
 6.61388138732682E+0003	 2.82641556027755E-0001
 6.61388239492338E+0003	 2.82013637703885E-0001
 6.61388340251995E+0003	 2.81377906114594E-0001
 6.61388441011651E+0003	 2.80734558933387E-0001
 6.61388541771307E+0003	 2.80083793938178E-0001
 6.61388642530963E+0003	 2.79425808941803E-0001
 6.61388743290619E+0003	 2.78760801723541E-0001
 6.61388844050276E+0003	 2.78088969961644E-0001
 6.61388944809932E+0003	 2.77410511166909E-0001
 6.61389045569588E+0003	 2.76725622617316E-0001
 6.61389146329244E+0003	 2.76034501293722E-0001
 6.61389247088900E+0003	 2.75337343816673E-0001
 6.61389347848557E+0003	 2.74634346384298E-0001
 6.61389448608213E+0003	 2.73925704711346E-0001
 6.61389549367869E+0003	 2.73211613969337E-0001
 6.61389650127525E+0003	 2.72492268727879E-0001
 6.61389750887181E+0003	 2.71767862897128E-0001
 6.61389851646838E+0003	 2.71038589671427E-0001
 6.61389952406494E+0003	 2.70304641474109E-0001
 6.61390053166150E+0003	 2.69566209903498E-0001
 6.61390153925806E+0003	 2.68823485680087E-0001
 6.61390254685462E+0003	 2.68076658594918E-0001
 6.61390355445119E+0003	 2.67325917459172E-0001
 6.61390456204775E+0003	 2.66571450054945E-0001
 6.61390556964431E+0003	 2.65813443087250E-0001
 6.61390657724087E+0003	 2.65052082137210E-0001
 6.61390758483743E+0003	 2.64287551616484E-0001
 6.61390859243400E+0003	 2.63520034722875E-0001
 6.61390960003056E+0003	 2.62749713397173E-0001
 6.61391060762712E+0003	 2.61976768281186E-0001
 6.61391161522368E+0003	 2.61201378676988E-0001
 6.61391262282024E+0003	 2.60423722507359E-0001
 6.61391363041681E+0003	 2.59643976277426E-0001
 6.61391463801337E+0003	 2.58862315037497E-0001
 6.61391564560993E+0003	 2.58078912347075E-0001
 6.61391665320649E+0003	 2.57293940240054E-0001
 6.61391766080305E+0003	 2.56507569191092E-0001
 6.61391866839962E+0003	 2.55719968083135E-0001
 6.61391967599618E+0003	 2.54931304176110E-0001
 6.61392068359274E+0003	 2.54141743076755E-0001
 6.61392169118930E+0003	 2.53351448709588E-0001
 6.61392269878586E+0003	 2.52560583289000E-0001
 6.61392370638243E+0003	 2.51769307292463E-0001
 6.61392471397899E+0003	 2.50977779434846E-0001
 6.61392572157555E+0003	 2.50186156643815E-0001
 6.61392672917211E+0003	 2.49394594036312E-0001
 6.61392773676867E+0003	 2.48603244896104E-0001
 6.61392874436524E+0003	 2.47812260652382E-0001
 6.61392975196180E+0003	 2.47021790859397E-0001
 6.61393075955836E+0003	 2.46231983177120E-0001
 6.61393176715492E+0003	 2.45442983352915E-0001
 6.61393277475148E+0003	 2.44654935204201E-0001
 6.61393378234805E+0003	 2.43867980602102E-0001
 6.61393478994461E+0003	 2.43082259456048E-0001
 6.61393579754117E+0003	 2.42297909699341E-0001
 6.61393680513773E+0003	 2.41515067275637E-0001
 6.61393781273429E+0003	 2.40733866126357E-0001
 6.61393882033086E+0003	 2.39954438178988E-0001
 6.61393982792742E+0003	 2.39176913336279E-0001
 6.61394083552398E+0003	 2.38401419466289E-0001
 6.61394184312054E+0003	 2.37628082393297E-0001
 6.61394285071710E+0003	 2.36857025889542E-0001
 6.61394385831367E+0003	 2.36088371667775E-0001
 6.61394486591023E+0003	 2.35322239374617E-0001
 6.61394587350679E+0003	 2.34558746584691E-0001
 6.61394688110335E+0003	 2.33798008795529E-0001
 6.61394788869991E+0003	 2.33040139423220E-0001
 6.61394889629648E+0003	 2.32285249798785E-0001
 6.61394990389304E+0003	 2.31533449165283E-0001
 6.61395091148960E+0003	 2.30784844675594E-0001
 6.61395191908616E+0003	 2.30039541390894E-0001
 6.61395292668272E+0003	 2.29297642279791E-0001
 6.61395393427929E+0003	 2.28559248218113E-0001
 6.61395494187585E+0003	 2.27824457989308E-0001
 6.61395594947241E+0003	 2.27093368285487E-0001
 6.61395695706897E+0003	 2.26366073709035E-0001
 6.61395796466553E+0003	 2.25642666774825E-0001
 6.61395897226209E+0003	 2.24923237912989E-0001
 6.61395997985866E+0003	 2.24207875472235E-0001
 6.61396098745522E+0003	 2.23496665723709E-0001
 6.61396199505178E+0003	 2.22789692865370E-0001
 6.61396300264834E+0003	 2.22087039026861E-0001
 6.61396401024490E+0003	 2.21388784274888E-0001
 6.61396501784147E+0003	 2.20695006619055E-0001
 6.61396602543803E+0003	 2.20005782018171E-0001
 6.61396703303459E+0003	 2.19321184386995E-0001
 6.61396804063115E+0003	 2.18641285603421E-0001
 6.61396904822771E+0003	 2.17966155516072E-0001
 6.61397005582428E+0003	 2.17295861952308E-0001
 6.61397106342084E+0003	 2.16630470726620E-0001
 6.61397207101740E+0003	 2.15970045649408E-0001
 6.61397307861396E+0003	 2.15314648536120E-0001
 6.61397408621052E+0003	 2.14664339216749E-0001
 6.61397509380709E+0003	 2.14019175545675E-0001
 6.61397610140365E+0003	 2.13379213411837E-0001
 6.61397710900021E+0003	 2.12744506749216E-0001
 6.61397811659677E+0003	 2.12115107547644E-0001
 6.61397912419333E+0003	 2.11491065863891E-0001
 6.61398013178990E+0003	 2.10872429833062E-0001
 6.61398113938646E+0003	 2.10259245680249E-0001
 6.61398214698302E+0003	 2.09651557732467E-0001
 6.61398315457958E+0003	 2.09049408430842E-0001
 6.61398416217614E+0003	 2.08452838343050E-0001
 6.61398516977271E+0003	 2.07861886175995E-0001
 6.61398617736927E+0003	 2.07276588788716E-0001
 6.61398718496583E+0003	 2.06696981205526E-0001
 6.61398819256239E+0003	 2.06123096629356E-0001
 6.61398920015895E+0003	 2.05554966455313E-0001
 6.61399020775552E+0003	 2.04992620284436E-0001
 6.61399121535208E+0003	 2.04436085937650E-0001
 6.61399222294864E+0003	 2.03885389469893E-0001
 6.61399323054520E+0003	 2.03340555184439E-0001
 6.61399423814176E+0003	 2.02801605647378E-0001
 6.61399524573833E+0003	 2.02268561702279E-0001
 6.61399625333489E+0003	 2.01741442485000E-0001
 6.61399726093145E+0003	 2.01220265438662E-0001
 6.61399826852801E+0003	 2.00705046328767E-0001
 6.61399927612457E+0003	 2.00195799258468E-0001
 6.61400028372114E+0003	 1.99692536683968E-0001
 6.61400129131770E+0003	 1.99195269430071E-0001
 6.61400229891426E+0003	 1.98704006705841E-0001
 6.61400330651082E+0003	 1.98218756120411E-0001
 6.61400431410738E+0003	 1.97739523698891E-0001
 6.61400532170395E+0003	 1.97266313898415E-0001
 6.61400632930051E+0003	 1.96799129624291E-0001
 6.61400733689707E+0003	 1.96337972246256E-0001
 6.61400834449363E+0003	 1.95882841614857E-0001
 6.61400935209019E+0003	 1.95433736077919E-0001
 6.61401035968676E+0003	 1.94990652497116E-0001
 6.61401136728332E+0003	 1.94553586264654E-0001
 6.61401237487988E+0003	 1.94122531320029E-0001
 6.61401338247644E+0003	 1.93697480166890E-0001
 6.61401439007300E+0003	 1.93278423889989E-0001
 6.61401539766957E+0003	 1.92865352172216E-0001
 6.61401640526613E+0003	 1.92458253311723E-0001
 6.61401741286269E+0003	 1.92057114239119E-0001
 6.61401842045925E+0003	 1.91661920534764E-0001
 6.61401942805581E+0003	 1.91272656446121E-0001
 6.61402043565238E+0003	 1.90889304905194E-0001
 6.61402144324894E+0003	 1.90511847546040E-0001
 6.61402245084550E+0003	 1.90140264722350E-0001
 6.61402345844206E+0003	 1.89774535525096E-0001
 6.61402446603862E+0003	 1.89414637800252E-0001
 6.61402547363519E+0003	 1.89060548166580E-0001
 6.61402648123175E+0003	 1.88712242033471E-0001
 6.61402748882831E+0003	 1.88369693618859E-0001
 6.61402849642487E+0003	 1.88032875967192E-0001
 6.61402950402143E+0003	 1.87701760967451E-0001
 6.61403051161800E+0003	 1.87376319371242E-0001
 6.61403151921456E+0003	 1.87056520810929E-0001
 6.61403252681112E+0003	 1.86742333817825E-0001
 6.61403353440768E+0003	 1.86433725840432E-0001
 6.61403454200424E+0003	 1.86130663262731E-0001
 6.61403554960081E+0003	 1.85833111422514E-0001
 6.61403655719737E+0003	 1.85541034629769E-0001
 6.61403756479393E+0003	 1.85254396185096E-0001
 6.61403857239049E+0003	 1.84973158398173E-0001
 6.61403957998705E+0003	 1.84697282606258E-0001
 6.61404058758361E+0003	 1.84426729192718E-0001
 6.61404159518018E+0003	 1.84161457605607E-0001
 6.61404260277674E+0003	 1.83901426376262E-0001
 6.61404361037330E+0003	 1.83646593137935E-0001
 6.61404461796986E+0003	 1.83396914644447E-0001
 6.61404562556642E+0003	 1.83152346788871E-0001
 6.61404663316299E+0003	 1.82912844622229E-0001
 6.61404764075955E+0003	 1.82678362372218E-0001
 6.61404864835611E+0003	 1.82448853461937E-0001
 6.61404965595267E+0003	 1.82224270528646E-0001
 6.61405066354923E+0003	 1.82004565442512E-0001
 6.61405167114580E+0003	 1.81789689325389E-0001
 6.61405267874236E+0003	 1.81579592569571E-0001
 6.61405368633892E+0003	 1.81374224856577E-0001
 6.61405469393548E+0003	 1.81173535175912E-0001
 6.61405570153204E+0003	 1.80977471843826E-0001
 6.61405670912861E+0003	 1.80785982522075E-0001
 6.61405771672517E+0003	 1.80599014236656E-0001
 6.61405872432173E+0003	 1.80416513396531E-0001
 6.61405973191829E+0003	 1.80238425812333E-0001
 6.61406073951485E+0003	 1.80064696715050E-0001
 6.61406174711142E+0003	 1.79895270774672E-0001
 6.61406275470798E+0003	 1.79730092118820E-0001
 6.61406376230454E+0003	 1.79569104351331E-0001
 6.61406476990110E+0003	 1.79412250570805E-0001
 6.61406577749766E+0003	 1.79259473389117E-0001
 6.61406678509423E+0003	 1.79110714949867E-0001
 6.61406779269079E+0003	 1.78965916946795E-0001
 6.61406880028735E+0003	 1.78825020642129E-0001
 6.61406980788391E+0003	 1.78687966884876E-0001
 6.61407081548047E+0003	 1.78554696129055E-0001
 6.61407182307704E+0003	 1.78425148451849E-0001
 6.61407283067360E+0003	 1.78299263571699E-0001
 6.61407383827016E+0003	 1.78176980866304E-0001
 6.61407484586672E+0003	 1.78058239390559E-0001
 6.61407585346328E+0003	 1.77942977894385E-0001
 6.61407686105985E+0003	 1.77831134840485E-0001
 6.61407786865641E+0003	 1.77722648421997E-0001
 6.61407887625297E+0003	 1.77617456580045E-0001
 6.61407988384953E+0003	 1.77515497021189E-0001
 6.61408089144609E+0003	 1.77416707234766E-0001
 6.61408189904266E+0003	 1.77321024510114E-0001
 6.61408290663922E+0003	 1.77228385953679E-0001
 6.61408391423578E+0003	 1.77138728505995E-0001
 6.61408492183234E+0003	 1.77051988958544E-0001
 6.61408592942890E+0003	 1.76968103970475E-0001
 6.61408693702547E+0003	 1.76887010085190E-0001
 6.61408794462203E+0003	 1.76808643746789E-0001
 6.61408895221859E+0003	 1.76732941316363E-0001
 6.61408995981515E+0003	 1.76659839088144E-0001
 6.61409096741171E+0003	 1.76589273305494E-0001
 6.61409197500828E+0003	 1.76521180176737E-0001
 6.61409298260484E+0003	 1.76455495890826E-0001
 6.61409399020140E+0003	 1.76392156632838E-0001
 6.61409499779796E+0003	 1.76331098599304E-0001
 6.61409600539452E+0003	 1.76272258013356E-0001
 6.61409701299109E+0003	 1.76215571139695E-0001
 6.61409802058765E+0003	 1.76160974299368E-0001
 6.61409902818421E+0003	 1.76108403884371E-0001
 6.61410003578077E+0003	 1.76057796372039E-0001
 6.61410104337733E+0003	 1.76009088339255E-0001
 6.61410205097390E+0003	 1.75962216476451E-0001
 6.61410305857046E+0003	 1.75917117601403E-0001
 6.61410406616702E+0003	 1.75873728672824E-0001
 6.61410507376358E+0003	 1.75831986803741E-0001
 6.61410608136014E+0003	 1.75791829274659E-0001
 6.61410708895671E+0003	 1.75753193546506E-0001
 6.61410809655327E+0003	 1.75716017273361E-0001
 6.61410910414983E+0003	 1.75680238314949E-0001
 6.61411011174639E+0003	 1.75645794748919E-0001
 6.61411111934295E+0003	 1.75612624882887E-0001
 6.61411212693952E+0003	 1.75580667266245E-0001
 6.61411313453608E+0003	 1.75549860701743E-0001
 6.61411414213264E+0003	 1.75520144256824E-0001
 6.61411514972920E+0003	 1.75491457274724E-0001
 6.61411615732576E+0003	 1.75463739385332E-0001
 6.61411716492233E+0003	 1.75436930515806E-0001
 6.61411817251889E+0003	 1.75410970900941E-0001
 6.61411918011545E+0003	 1.75385801093290E-0001
 6.61412018771201E+0003	 1.75361361973045E-0001
 6.61412119530857E+0003	 1.75337594757652E-0001
 6.61412220290514E+0003	 1.75314441011192E-0001
 6.61412321050170E+0003	 1.75291842653500E-0001
 6.61412421809826E+0003	 1.75269741969033E-0001
 6.61412522569482E+0003	 1.75248081615486E-0001
 6.61412623329138E+0003	 1.75226804632149E-0001
 6.61412724088794E+0003	 1.75205854448019E-0001
 6.61412824848451E+0003	 1.75185174889646E-0001
 6.61412925608107E+0003	 1.75164710188731E-0001
 6.61413026367763E+0003	 1.75144404989464E-0001
 6.61413127127419E+0003	 1.75124204355616E-0001
 6.61413227887075E+0003	 1.75104053777364E-0001
 6.61413328646732E+0003	 1.75083899177874E-0001
 6.61413429406388E+0003	 1.75063686919621E-0001
 6.61413530166044E+0003	 1.75043363810466E-0001
 6.61413630925700E+0003	 1.75022877109473E-0001
 6.61413731685356E+0003	 1.75002174532482E-0001
 6.61413832445013E+0003	 1.74981204257432E-0001
 6.61413933204669E+0003	 1.74959914929433E-0001
 6.61414033964325E+0003	 1.74938255665596E-0001
 6.61414134723981E+0003	 1.74916176059621E-0001
 6.61414235483637E+0003	 1.74893626186135E-0001
 6.61414336243294E+0003	 1.74870556604799E-0001
 6.61414437002950E+0003	 1.74846918364175E-0001
 6.61414537762606E+0003	 1.74822663005349E-0001
 6.61414638522262E+0003	 1.74797742565338E-0001
 6.61414739281918E+0003	 1.74772109580250E-0001
 6.61414840041575E+0003	 1.74745717088229E-0001
 6.61414940801231E+0003	 1.74718518632170E-0001
 6.61415041560887E+0003	 1.74690468262209E-0001
 6.61415142320543E+0003	 1.74661520538005E-0001
 6.61415243080199E+0003	 1.74631630530799E-0001
 6.61415343839856E+0003	 1.74600753825263E-0001
 6.61415444599512E+0003	 1.74568846521145E-0001
 6.61415545359168E+0003	 1.74535865234705E-0001
 6.61415646118824E+0003	 1.74501767099951E-0001
 6.61415746878480E+0003	 1.74466509769685E-0001
 6.61415847638137E+0003	 1.74430051416348E-0001
 6.61415948397793E+0003	 1.74392350732678E-0001
 6.61416049157449E+0003	 1.74353366932193E-0001
 6.61416149917105E+0003	 1.74313059749479E-0001
 6.61416250676761E+0003	 1.74271389440315E-0001
 6.61416351436418E+0003	 1.74228316781620E-0001
 6.61416452196074E+0003	 1.74183803071236E-0001
 6.61416552955730E+0003	 1.74137810127549E-0001
 6.61416653715386E+0003	 1.74090300288950E-0001
 6.61416754475042E+0003	 1.74041236413146E-0001
 6.61416855234699E+0003	 1.73990581876323E-0001
 6.61416955994355E+0003	 1.73938300572165E-0001
 6.61417056754011E+0003	 1.73884356910733E-0001
 6.61417157513667E+0003	 1.73828715817217E-0001
 6.61417258273323E+0003	 1.73771342730552E-0001
 6.61417359032980E+0003	 1.73712203601917E-0001
 6.61417459792636E+0003	 1.73651264893110E-0001
 6.61417560552292E+0003	 1.73588493574817E-0001
 6.61417661311948E+0003	 1.73523857124768E-0001
 6.61417762071604E+0003	 1.73457323525794E-0001
 6.61417862831261E+0003	 1.73388861263776E-0001
 6.61417963590917E+0003	 1.73318439325523E-0001
 6.61418064350573E+0003	 1.73246027196532E-0001
 6.61418165110229E+0003	 1.73171594858701E-0001
 6.61418265869885E+0003	 1.73095112787931E-0001
 6.61418366629542E+0003	 1.73016551951683E-0001
 6.61418467389198E+0003	 1.72935883806451E-0001
 6.61418568148854E+0003	 1.72853080295178E-0001
 6.61418668908510E+0003	 1.72768113844625E-0001
 6.61418769668166E+0003	 1.72680957362670E-0001
 6.61418870427823E+0003	 1.72591584235576E-0001
 6.61418971187479E+0003	 1.72499968325210E-0001
 6.61419071947135E+0003	 1.72406083966228E-0001
 6.61419172706791E+0003	 1.72309905963225E-0001
 6.61419273466447E+0003	 1.72211409587861E-0001
 6.61419374226104E+0003	 1.72110570575964E-0001
 6.61419474985760E+0003	 1.72007365124616E-0001
 6.61419575745416E+0003	 1.71901769889220E-0001
 6.61419676505072E+0003	 1.71793761980572E-0001
 6.61419777264728E+0003	 1.71683318961914E-0001
 6.61419878024385E+0003	 1.71570418845997E-0001
 6.61419978784041E+0003	 1.71455040092145E-0001
 6.61420079543697E+0003	 1.71337161603333E-0001
 6.61420180303353E+0003	 1.71216762723269E-0001
 6.61420281063009E+0003	 1.71093823233503E-0001
 6.61420381822666E+0003	 1.70968323350551E-0001
 6.61420482582322E+0003	 1.70840243723048E-0001
 6.61420583341978E+0003	 1.70709565428930E-0001
 6.61420684101634E+0003	 1.70576269972639E-0001
 6.61420784861290E+0003	 1.70440339282382E-0001
 6.61420885620947E+0003	 1.70301755707415E-0001
 6.61420986380603E+0003	 1.70160502015375E-0001
 6.61421087140259E+0003	 1.70016561389656E-0001
 6.61421187899915E+0003	 1.69869917426842E-0001
 6.61421288659571E+0003	 1.69720554134179E-0001
 6.61421389419227E+0003	 1.69568455927113E-0001
 6.61421490178884E+0003	 1.69413607626884E-0001
 6.61421590938540E+0003	 1.69255994458176E-0001
 6.61421691698196E+0003	 1.69095602046830E-0001
 6.61421792457852E+0003	 1.68932416417632E-0001
 6.61421893217508E+0003	 1.68766423992151E-0001
 6.61421993977165E+0003	 1.68597611586665E-0001
 6.61422094736821E+0003	 1.68425966410145E-0001
 6.61422195496477E+0003	 1.68251476062317E-0001
 6.61422296256133E+0003	 1.68074128531799E-0001
 6.61422397015789E+0003	 1.67893912194315E-0001
 6.61422497775446E+0003	 1.67710815810980E-0001
 6.61422598535102E+0003	 1.67524828526678E-0001
 6.61422699294758E+0003	 1.67335939868502E-0001
 6.61422800054414E+0003	 1.67144139744288E-0001
 6.61422900814070E+0003	 1.66949418441227E-0001
 6.61423001573727E+0003	 1.66751766624557E-0001
 6.61423102333383E+0003	 1.66551175336338E-0001
 6.61423203093039E+0003	 1.66347635994315E-0001
 6.61423303852695E+0003	 1.66141140390857E-0001
 6.61423404612351E+0003	 1.65931680691983E-0001
 6.61423505372008E+0003	 1.65719249436478E-0001
 6.61423606131664E+0003	 1.65503839535075E-0001
 6.61423706891320E+0003	 1.65285444269740E-0001
 6.61423807650976E+0003	 1.65064057293020E-0001
 6.61423908410632E+0003	 1.64839672627490E-0001
 6.61424009170289E+0003	 1.64612284665267E-0001
 6.61424109929945E+0003	 1.64381888167616E-0001
 6.61424210689601E+0003	 1.64148478264621E-0001
 6.61424311449257E+0003	 1.63912050454946E-0001
 6.61424412208913E+0003	 1.63672600605666E-0001
 6.61424512968570E+0003	 1.63430124952177E-0001
 6.61424613728226E+0003	 1.63184620098173E-0001
 6.61424714487882E+0003	 1.62936083015702E-0001
 6.61424815247538E+0003	 1.62684511045288E-0001
 6.61424916007194E+0003	 1.62429901896119E-0001
 6.61425016766851E+0003	 1.62172253646309E-0001
 6.61425117526507E+0003	 1.61911564743211E-0001
 6.61425218286163E+0003	 1.61647834003805E-0001
 6.61425319045819E+0003	 1.61381060615137E-0001
 6.61425419805475E+0003	 1.61111244134816E-0001
 6.61425520565132E+0003	 1.60838384491566E-0001
 6.61425621324788E+0003	 1.60562481985827E-0001
 6.61425722084444E+0003	 1.60283537290412E-0001
 6.61425822844100E+0003	 1.60001551451198E-0001
 6.61425923603756E+0003	 1.59716525887870E-0001
 6.61426024363413E+0003	 1.59428462394701E-0001
 6.61426125123069E+0003	 1.59137363141364E-0001
 6.61426225882725E+0003	 1.58843230673785E-0001
 6.61426326642381E+0003	 1.58546067915025E-0001
 6.61426427402037E+0003	 1.58245878166178E-0001
 6.61426528161694E+0003	 1.57942665107311E-0001
 6.61426628921350E+0003	 1.57636432798406E-0001
 6.61426729681006E+0003	 1.57327185680327E-0001
 6.61426830440662E+0003	 1.57014928575799E-0001
 6.61426931200318E+0003	 1.56699666690398E-0001
 6.61427031959975E+0003	 1.56381405613537E-0001
 6.61427132719631E+0003	 1.56060151319465E-0001
 6.61427233479287E+0003	 1.55735910168257E-0001
 6.61427334238943E+0003	 1.55408688906800E-0001
 6.61427434998599E+0003	 1.55078494669768E-0001
 6.61427535758256E+0003	 1.54745334980586E-0001
 6.61427636517912E+0003	 1.54409217752372E-0001
 6.61427737277568E+0003	 1.54070151288861E-0001
 6.61427838037224E+0003	 1.53728144285303E-0001
 6.61427938796880E+0003	 1.53383205829331E-0001
 6.61428039556537E+0003	 1.53035345401794E-0001
 6.61428140316193E+0003	 1.52684572877555E-0001
 6.61428241075849E+0003	 1.52330898526254E-0001
 6.61428341835505E+0003	 1.51974333013010E-0001
 6.61428442595161E+0003	 1.51614887399087E-0001
 6.61428543354818E+0003	 1.51252573142509E-0001
 6.61428644114474E+0003	 1.50887402098610E-0001
 6.61428744874130E+0003	 1.50519386520523E-0001
 6.61428845633786E+0003	 1.50148539059619E-0001
 6.61428946393442E+0003	 1.49774872765860E-0001
 6.61429047153099E+0003	 1.49398401088092E-0001
 6.61429147912755E+0003	 1.49019137874261E-0001
 6.61429248672411E+0003	 1.48637097371547E-0001
 6.61429349432067E+0003	 1.48252294226421E-0001
 6.61429450191723E+0003	 1.47864743484610E-0001
 6.61429550951379E+0003	 1.47474460590978E-0001
 6.61429651711036E+0003	 1.47081461389311E-0001
 6.61429752470692E+0003	 1.46685762122011E-0001
 6.61429853230348E+0003	 1.46287379429688E-0001
 6.61429953990004E+0003	 1.45886330350645E-0001
 6.61430054749660E+0003	 1.45482632320271E-0001
 6.61430155509317E+0003	 1.45076303170314E-0001
 6.61430256268973E+0003	 1.44667361128045E-0001
 6.61430357028629E+0003	 1.44255824815318E-0001
 6.61430457788285E+0003	 1.43841713247500E-0001
 6.61430558547941E+0003	 1.43425045832294E-0001
 6.61430659307598E+0003	 1.43005842368433E-0001
 6.61430760067254E+0003	 1.42584123044252E-0001
 6.61430860826910E+0003	 1.42159908436139E-0001
 6.61430961586566E+0003	 1.41733219506855E-0001
 6.61431062346222E+0003	 1.41304077603718E-0001
 6.61431163105879E+0003	 1.40872504456665E-0001
 6.61431263865535E+0003	 1.40438522176175E-0001
 6.61431364625191E+0003	 1.40002153251061E-0001
 6.61431465384847E+0003	 1.39563420546114E-0001
 6.61431566144503E+0003	 1.39122347299624E-0001
 6.61431666904160E+0003	 1.38678957120753E-0001
 6.61431767663816E+0003	 1.38233273986765E-0001
 6.61431868423472E+0003	 1.37785322240122E-0001
 6.61431969183128E+0003	 1.37335126585429E-0001
 6.61432069942784E+0003	 1.36882712086242E-0001
 6.61432170702441E+0003	 1.36428104161734E-0001
 6.61432271462097E+0003	 1.35971328583201E-0001
 6.61432372221753E+0003	 1.35512411470448E-0001
 6.61432472981409E+0003	 1.35051379288006E-0001
 6.61432573741065E+0003	 1.34588258841220E-0001
 6.61432674500722E+0003	 1.34123077272182E-0001
 6.61432775260378E+0003	 1.33655862055527E-0001
 6.61432876020034E+0003	 1.33186640994079E-0001
 6.61432976779690E+0003	 1.32715442214354E-0001
 6.61433077539346E+0003	 1.32242294161919E-0001
 6.61433178299003E+0003	 1.31767225596612E-0001
 6.61433279058659E+0003	 1.31290265587615E-0001
 6.61433379818315E+0003	 1.30811443508388E-0001
 6.61433480577971E+0003	 1.30330789031465E-0001
 6.61433581337627E+0003	 1.29848332123109E-0001
 6.61433682097284E+0003	 1.29364103037831E-0001
 6.61433782856940E+0003	 1.28878132312773E-0001
 6.61433883616596E+0003	 1.28390450761959E-0001
 6.61433984376252E+0003	 1.27901089470409E-0001
 6.61434085135908E+0003	 1.27410079788132E-0001
 6.61434185895565E+0003	 1.26917453323979E-0001
 6.61434286655221E+0003	 1.26423241939380E-0001
 6.61434387414877E+0003	 1.25927477741951E-0001
 6.61434488174533E+0003	 1.25430193078986E-0001
 6.61434588934189E+0003	 1.24931420530822E-0001
 6.61434689693846E+0003	 1.24431192904098E-0001
 6.61434790453502E+0003	 1.23929543224891E-0001
 6.61434891213158E+0003	 1.23426504731747E-0001
 6.61434991972814E+0003	 1.22922110868604E-0001
 6.61435092732470E+0003	 1.22416395277613E-0001
 6.61435193492127E+0003	 1.21909391791849E-0001
 6.61435294251783E+0003	 1.21401134427934E-0001
 6.61435395011439E+0003	 1.20891657378564E-0001
 6.61435495771095E+0003	 1.20380995004934E-0001
 6.61435596530751E+0003	 1.19869181829095E-0001
 6.61435697290408E+0003	 1.19356252526207E-0001
 6.61435798050064E+0003	 1.18842241916726E-0001
 6.61435898809720E+0003	 1.18327184958507E-0001
 6.61435999569376E+0003	 1.17811116738839E-0001
 6.61436100329032E+0003	 1.17294072466408E-0001
 6.61436201088689E+0003	 1.16776087463196E-0001
 6.61436301848345E+0003	 1.16257197156326E-0001
 6.61436402608001E+0003	 1.15737437069834E-0001
 6.61436503367657E+0003	 1.15216842816412E-0001
 6.61436604127313E+0003	 1.14695450089083E-0001
 6.61436704886970E+0003	 1.14173294652841E-0001
 6.61436805646626E+0003	 1.13650412336254E-0001
 6.61436906406282E+0003	 1.13126839023024E-0001
 6.61437007165938E+0003	 1.12602610643525E-0001
 6.61437107925594E+0003	 1.12077763166308E-0001
 6.61437208685251E+0003	 1.11552332589589E-0001
 6.61437309444907E+0003	 1.11026354932714E-0001
 6.61437410204563E+0003	 1.10499866227618E-0001
 6.61437510964219E+0003	 1.09972902510273E-0001
 6.61437611723875E+0003	 1.09445499812128E-0001
 6.61437712483532E+0003	 1.08917694151555E-0001
 6.61437813243188E+0003	 1.08389521525300E-0001
 6.61437914002844E+0003	 1.07861017899939E-0001
 6.61438014762500E+0003	 1.07332219203352E-0001
 6.61438115522156E+0003	 1.06803161316217E-0001
 6.61438216281812E+0003	 1.06273880063524E-0001
 6.61438317041469E+0003	 1.05744411206115E-0001
 6.61438417801125E+0003	 1.05214790432263E-0001
 6.61438518560781E+0003	 1.04685053349280E-0001
 6.61438619320437E+0003	 1.04155235475171E-0001
 6.61438720080093E+0003	 1.03625372230329E-0001
 6.61438820839750E+0003	 1.03095498929282E-0001
 6.61438921599406E+0003	 1.02565650772497E-0001
 6.61439022359062E+0003	 1.02035862838231E-0001
 6.61439123118718E+0003	 1.01506170074459E-0001
 6.61439223878374E+0003	 1.00976607290853E-0001
 6.61439324638031E+0003	 1.00447209150847E-0001
 6.61439425397687E+0003	 9.99180101637592E-0002
 6.61439526157343E+0003	 9.93890446770063E-0002
 6.61439626916999E+0003	 9.88603468683938E-0002
 6.61439727676655E+0003	 9.83319507384923E-0002
 6.61439828436312E+0003	 9.78038901031037E-0002
 6.61439929195968E+0003	 9.72761985858207E-0002
 6.61440029955624E+0003	 9.67489096106838E-0002
 6.61440130715280E+0003	 9.62220563949361E-0002
 6.61440231474936E+0003	 9.56956719418856E-0002
 6.61440332234593E+0003	 9.51697890338702E-0002
 6.61440432994249E+0003	 9.46444402253355E-0002
 6.61440533753905E+0003	 9.41196578360260E-0002
 6.61440634513561E+0003	 9.35954739442897E-0002
 6.61440735273217E+0003	 9.30719203805065E-0002
 6.61440836032874E+0003	 9.25490287206348E-0002
 6.61440936792530E+0003	 9.20268302798843E-0002
 6.61441037552186E+0003	 9.15053561065175E-0002
 6.61441138311842E+0003	 9.09846369757794E-0002
 6.61441239071498E+0003	 9.04647033839604E-0002
 6.61441339831155E+0003	 8.99455855425946E-0002
 6.61441440590811E+0003	 8.94273133727953E-0002
 6.61441541350467E+0003	 8.89099164997269E-0002
 6.61441642110123E+0003	 8.83934242472232E-0002
 6.61441742869779E+0003	 8.78778656325433E-0002
 6.61441843629436E+0003	 8.73632693612765E-0002
 6.61441944389092E+0003	 8.68496638223916E-0002
 6.61442045148748E+0003	 8.63370770834356E-0002
 6.61442145908404E+0003	 8.58255368858803E-0002
 6.61442246668060E+0003	 8.53150706406232E-0002
 6.61442347427717E+0003	 8.48057054236362E-0002
 6.61442448187373E+0003	 8.42974679717714E-0002
 6.61442548947029E+0003	 8.37903846787191E-0002
 6.61442649706685E+0003	 8.32844815911230E-0002
 6.61442750466341E+0003	 8.27797844048482E-0002
 6.61442851225998E+0003	 8.22763184614103E-0002
 6.61442951985654E+0003	 8.17741087445577E-0002
 6.61443052745310E+0003	 8.12731798770146E-0002
 6.61443153504966E+0003	 8.07735561173798E-0002
 6.61443254264622E+0003	 8.02752613571867E-0002
 6.61443355024279E+0003	 7.97783191181184E-0002
 6.61443455783935E+0003	 7.92827525493838E-0002
 6.61443556543591E+0003	 7.87885844252515E-0002
 6.61443657303247E+0003	 7.82958371427405E-0002
 6.61443758062903E+0003	 7.78045327194709E-0002
 6.61443858822560E+0003	 7.73146927916715E-0002
 6.61443959582216E+0003	 7.68263386123429E-0002
 6.61444060341872E+0003	 7.63394910495793E-0002
 6.61444161101528E+0003	 7.58541705850454E-0002
 6.61444261861184E+0003	 7.53703973126054E-0002
 6.61444362620841E+0003	 7.48881909371112E-0002
 6.61444463380497E+0003	 7.44075707733395E-0002
 6.61444564140153E+0003	 7.39285557450823E-0002
 6.61444664899809E+0003	 7.34511643843890E-0002
 6.61444765659465E+0003	 7.29754148309561E-0002
 6.61444866419122E+0003	 7.25013248316680E-0002
 6.61444967178778E+0003	 7.20289117402815E-0002
 6.61445067938434E+0003	 7.15581925172582E-0002
 6.61445168698090E+0003	 7.10891837297391E-0002
 6.61445269457746E+0003	 7.06219015516623E-0002
 6.61445370217403E+0003	 7.01563617640205E-0002
 6.61445470977059E+0003	 6.96925797552577E-0002
 6.61445571736715E+0003	 6.92305705218011E-0002
 6.61445672496371E+0003	 6.87703486687310E-0002
 6.61445773256027E+0003	 6.83119284105797E-0002
 6.61445874015684E+0003	 6.78553235722640E-0002
 6.61445974775340E+0003	 6.74005475901450E-0002
 6.61446075534996E+0003	 6.69476135132152E-0002
 6.61446176294652E+0003	 6.64965340044091E-0002
 6.61446277054308E+0003	 6.60473213420360E-0002
 6.61446377813965E+0003	 6.55999874213333E-0002
 6.61446478573621E+0003	 6.51545437561360E-0002
 6.61446579333277E+0003	 6.47110014806611E-0002
 6.61446680092933E+0003	 6.42693713514061E-0002
 6.61446780852589E+0003	 6.38296637491549E-0002
 6.61446881612245E+0003	 6.33918886810936E-0002
 6.61446982371902E+0003	 6.29560557830292E-0002
 6.61447083131558E+0003	 6.25221743217114E-0002
 6.61447183891214E+0003	 6.20902531972551E-0002
 6.61447284650870E+0003	 6.16603009456574E-0002
 6.61447385410526E+0003	 6.12323257414115E-0002
 6.61447486170183E+0003	 6.08063354002105E-0002
 6.61447586929839E+0003	 6.03823373817417E-0002
 6.61447687689495E+0003	 5.99603387925648E-0002
 6.61447788449151E+0003	 5.95403463890766E-0002
 6.61447889208807E+0003	 5.91223665805539E-0002
 6.61447989968464E+0003	 5.87064054322759E-0002
 6.61448090728120E+0003	 5.82924686687216E-0002
 6.61448191487776E+0003	 5.78805616768385E-0002
 6.61448292247432E+0003	 5.74706895093831E-0002
 6.61448393007088E+0003	 5.70628568883273E-0002
 6.61448493766745E+0003	 5.66570682083280E-0002
 6.61448594526401E+0003	 5.62533275402603E-0002
 6.61448695286057E+0003	 5.58516386348080E-0002
 6.61448796045713E+0003	 5.54520049261102E-0002
 6.61448896805369E+0003	 5.50544295354620E-0002
 6.61448997565026E+0003	 5.46589152750649E-0002
 6.61449098324682E+0003	 5.42654646518254E-0002
 6.61449199084338E+0003	 5.38740798711991E-0002
 6.61449299843994E+0003	 5.34847628410773E-0002
 6.61449400603650E+0003	 5.30975151757128E-0002
 6.61449501363307E+0003	 5.27123381996843E-0002
 6.61449602122963E+0003	 5.23292329518948E-0002
 6.61449702882619E+0003	 5.19482001896022E-0002
 6.61449803642275E+0003	 5.15692403924796E-0002
 6.61449904401931E+0003	 5.11923537667034E-0002
 6.61450005161588E+0003	 5.08175402490652E-0002
 6.61450105921244E+0003	 5.04447995111065E-0002
 6.61450206680900E+0003	 5.00741309632738E-0002
 6.61450307440556E+0003	 4.97055337590898E-0002
 6.61450408200212E+0003	 4.93390067993415E-0002
 6.61450508959869E+0003	 4.89745487362799E-0002
 6.61450609719525E+0003	 4.86121579778311E-0002
 6.61450710479181E+0003	 4.82518326918158E-0002
 6.61450811238837E+0003	 4.78935708101745E-0002
 6.61450911998493E+0003	 4.75373700331978E-0002
 6.61451012758150E+0003	 4.71832278337580E-0002
 6.61451113517806E+0003	 4.68311414615411E-0002
 6.61451214277462E+0003	 4.64811079472771E-0002
 6.61451315037118E+0003	 4.61331241069649E-0002
 6.61451415796774E+0003	 4.57871865460945E-0002
 6.61451516556431E+0003	 4.54432916638576E-0002
 6.61451617316087E+0003	 4.51014356573518E-0002
 6.61451718075743E+0003	 4.47616145257720E-0002
 6.61451818835399E+0003	 4.44238240745893E-0002
 6.61451919595055E+0003	 4.40880599197152E-0002
 6.61452020354712E+0003	 4.37543174916492E-0002
 6.61452121114368E+0003	 4.34225920396092E-0002
 6.61452221874024E+0003	 4.30928786356419E-0002
 6.61452322633680E+0003	 4.27651721787124E-0002
 6.61452423393336E+0003	 4.24394673987717E-0002
 6.61452524152993E+0003	 4.21157588608007E-0002
 6.61452624912649E+0003	 4.17940409688288E-0002
 6.61452725672305E+0003	 4.14743079699263E-0002
 6.61452826431961E+0003	 4.11565539581692E-0002
 6.61452927191617E+0003	 4.08407728785758E-0002
 6.61453027951274E+0003	 4.05269585310124E-0002
 6.61453128710930E+0003	 4.02151045740691E-0002
 6.61453229470586E+0003	 3.99052045289032E-0002
 6.61453330230242E+0003	 3.95972517830493E-0002
 6.61453430989898E+0003	 3.92912395941960E-0002
 6.61453531749555E+0003	 3.89871610939271E-0002
 6.61453632509211E+0003	 3.86850092914278E-0002
 6.61453733268867E+0003	 3.83847770771545E-0002
 6.61453834028523E+0003	 3.80864572264656E-0002
 6.61453934788179E+0003	 3.77900424032170E-0002
 6.61454035547836E+0003	 3.74955251633165E-0002
 6.61454136307492E+0003	 3.72028979582409E-0002
 6.61454237067148E+0003	 3.69121531385110E-0002
 6.61454337826804E+0003	 3.66232829571288E-0002
 6.61454438586460E+0003	 3.63362795729712E-0002
 6.61454539346117E+0003	 3.60511350541439E-0002
 6.61454640105773E+0003	 3.57678413812934E-0002
 6.61454740865429E+0003	 3.54863904508758E-0002
 6.61454841625085E+0003	 3.52067740783837E-0002
 6.61454942384741E+0003	 3.49289840015308E-0002
 6.61455043144397E+0003	 3.46530118833918E-0002
 6.61455143904054E+0003	 3.43788493155011E-0002
 6.61455244663710E+0003	 3.41064878209054E-0002
 6.61455345423366E+0003	 3.38359188571750E-0002
 6.61455446183022E+0003	 3.35671338193696E-0002
 6.61455546942678E+0003	 3.33001240429604E-0002
 6.61455647702335E+0003	 3.30348808067095E-0002
 6.61455748461991E+0003	 3.27713953355030E-0002
 6.61455849221647E+0003	 3.25096588031424E-0002
 6.61455949981303E+0003	 3.22496623350898E-0002
 6.61456050740959E+0003	 3.19913970111709E-0002
 6.61456151500616E+0003	 3.17348538682333E-0002
 6.61456252260272E+0003	 3.14800239027609E-0002
 6.61456353019928E+0003	 3.12268980734451E-0002
 6.61456453779584E+0003	 3.09754673037118E-0002
 6.61456554539240E+0003	 3.07257224842066E-0002
 6.61456655298897E+0003	 3.04776544752348E-0002
 6.61456756058553E+0003	 3.02312541091603E-0002
 6.61456856818209E+0003	 2.99865121927610E-0002
 6.61456957577865E+0003	 2.97434195095421E-0002
 6.61457058337521E+0003	 2.95019668220076E-0002
 6.61457159097178E+0003	 2.92621448738892E-0002
 6.61457259856834E+0003	 2.90239443923347E-0002
 6.61457360616490E+0003	 2.87873560900551E-0002
 6.61457461376146E+0003	 2.85523706674304E-0002
 6.61457562135802E+0003	 2.83189788145757E-0002
 6.61457662895459E+0003	 2.80871712133671E-0002
 6.61457763655115E+0003	 2.78569385394277E-0002
 6.61457864414771E+0003	 2.76282714640751E-0002
 6.61457965174427E+0003	 2.74011606562292E-0002
 6.61458065934083E+0003	 2.71755967842829E-0002
 6.61458166693740E+0003	 2.69515705179334E-0002
 6.61458267453396E+0003	 2.67290725299776E-0002
 6.61458368213052E+0003	 2.65080934980690E-0002
 6.61458468972708E+0003	 2.62886241064394E-0002
 6.61458569732364E+0003	 2.60706550475838E-0002
 6.61458670492021E+0003	 2.58541770239096E-0002
 6.61458771251677E+0003	 2.56391807493512E-0002
 6.61458872011333E+0003	 2.54256569509494E-0002
 6.61458972770989E+0003	 2.52135963703972E-0002
 6.61459073530645E+0003	 2.50029897655513E-0002
 6.61459174290302E+0003	 2.47938279119108E-0002
 6.61459275049958E+0003	 2.45861016040635E-0002
 6.61459375809614E+0003	 2.43798016570990E-0002
 6.61459476569270E+0003	 2.41749189079909E-0002
 6.61459577328926E+0003	 2.39714442169479E-0002
 6.61459678088583E+0003	 2.37693684687331E-0002
 6.61459778848239E+0003	 2.35686825739540E-0002
 6.61459879607895E+0003	 2.33693774703224E-0002
 6.61459980367551E+0003	 2.31714441238850E-0002
 6.61460081127207E+0003	 2.29748735302247E-0002
 6.61460181886864E+0003	 2.27796567156343E-0002
 6.61460282646520E+0003	 2.25857847382615E-0002
 6.61460383406176E+0003	 2.23932486892271E-0002
 6.61460484165832E+0003	 2.22020396937156E-0002
 6.61460584925488E+0003	 2.20121489120397E-0002
 6.61460685685145E+0003	 2.18235675406783E-0002
 6.61460786444801E+0003	 2.16362868132889E-0002
 6.61460887204457E+0003	 2.14502980016948E-0002
 6.61460987964113E+0003	 2.12655924168475E-0002
 6.61461088723769E+0003	 2.10821614097641E-0002
 6.61461189483426E+0003	 2.08999963724416E-0002
 6.61461290243082E+0003	 2.07190887387465E-0002
 6.61461391002738E+0003	 2.05394299852818E-0002
 6.61461491762394E+0003	 2.03610116322309E-0002
 6.61461592522050E+0003	 2.01838252441786E-0002
 6.61461693281707E+0003	 2.00078624309105E-0002
 6.61461794041363E+0003	 1.98331148481900E-0002
 6.61461894801019E+0003	 1.96595741985140E-0002
 6.61461995560675E+0003	 1.94872322318476E-0002
 6.61462096320331E+0003	 1.93160807463373E-0002
 6.61462197079988E+0003	 1.91461115890042E-0002
 6.61462297839644E+0003	 1.89773166564168E-0002
 6.61462398599300E+0003	 1.88096878953431E-0002
 6.61462499358956E+0003	 1.86432173033843E-0002
 6.61462600118612E+0003	 1.84778969295875E-0002
 6.61462700878269E+0003	 1.83137188750401E-0002
 6.61462801637925E+0003	 1.81506752934449E-0002
 6.61462902397581E+0003	 1.79887583916766E-0002
 6.61463003157237E+0003	 1.78279604303195E-0002
 6.61463103916893E+0003	 1.76682737241866E-0002
 6.61463204676550E+0003	 1.75096906428215E-0002
 6.61463305436206E+0003	 1.73522036109813E-0002
 6.61463406195862E+0003	 1.71958051091018E-0002
 6.61463506955518E+0003	 1.70404876737460E-0002
 6.61463607715174E+0003	 1.68862438980340E-0002
 6.61463708474830E+0003	 1.67330664320562E-0002
 6.61463809234487E+0003	 1.65809479832690E-0002
 6.61463909994143E+0003	 1.64298813168737E-0002
 6.61464010753799E+0003	 1.62798592561778E-0002
 6.61464111513455E+0003	 1.61308746829408E-0002
 6.61464212273111E+0003	 1.59829205377015E-0002
 6.61464313032768E+0003	 1.58359898200900E-0002
 6.61464413792424E+0003	 1.56900755891221E-0002
 6.61464514552080E+0003	 1.55451709634785E-0002
 6.61464615311736E+0003	 1.54012691217660E-0002
 6.61464716071392E+0003	 1.52583633027634E-0002
 6.61464816831049E+0003	 1.51164468056506E-0002
 6.61464917590705E+0003	 1.49755129902217E-0002
 6.61465018350361E+0003	 1.48355552770812E-0002
 6.61465119110017E+0003	 1.46965671478252E-0002
 6.61465219869673E+0003	 1.45585421452049E-0002
 6.61465320629330E+0003	 1.44214738732749E-0002
 6.61465421388986E+0003	 1.42853559975252E-0002
 6.61465522148642E+0003	 1.41501822449969E-0002
 6.61465622908298E+0003	 1.40159464043815E-0002
 6.61465723667954E+0003	 1.38826423261044E-0002
 6.61465824427611E+0003	 1.37502639223925E-0002
 6.61465925187267E+0003	 1.36188051673246E-0002
 6.61466025946923E+0003	 1.34882600968668E-0002
 6.61466126706579E+0003	 1.33586228088908E-0002
 6.61466227466235E+0003	 1.32298874631770E-0002
 6.61466328225892E+0003	 1.31020482813999E-0002
 6.61466428985548E+0003	 1.29750995470989E-0002
 6.61466529745204E+0003	 1.28490356056316E-0002
 6.61466630504860E+0003	 1.27238508641113E-0002
 6.61466731264516E+0003	 1.25995397913284E-0002
 6.61466832024173E+0003	 1.24760969176551E-0002
 6.61466932783829E+0003	 1.23535168349338E-0002
 6.61467033543485E+0003	 1.22317941963496E-0002
 6.61467134303141E+0003	 1.21109237162856E-0002
 6.61467235062797E+0003	 1.19909001701625E-0002
 6.61467335822454E+0003	 1.18717183942619E-0002
 6.61467436582110E+0003	 1.17533732855321E-0002
 6.61467537341766E+0003	 1.16358598013792E-0002
 6.61467638101422E+0003	 1.15191729594399E-0002
 6.61467738861078E+0003	 1.14033078373393E-0002
 6.61467839620735E+0003	 1.12882595724316E-0002
 6.61467940380391E+0003	 1.11740233615249E-0002
 6.61468041140047E+0003	 1.10605944605885E-0002
 6.61468141899703E+0003	 1.09479681844453E-0002
 6.61468242659359E+0003	 1.08361399064467E-0002
 6.61468343419016E+0003	 1.07251050581318E-0002
 6.61468444178672E+0003	 1.06148591288699E-0002
 6.61468544938328E+0003	 1.05053976654871E-0002
 6.61468645697984E+0003	 1.03967162718765E-0002
 6.61468746457640E+0003	 1.02888106085922E-0002
 6.61468847217297E+0003	 1.01816763924275E-0002
 6.61468947976953E+0003	 1.00753093959770E-0002
 6.61469048736609E+0003	 9.96970544718229E-0003
 6.61469149496265E+0003	 9.86486042886265E-0003
 6.61469250255921E+0003	 9.76077027822942E-0003
 6.61469351015578E+0003	 9.65743098638500E-0003
 6.61469451775234E+0003	 9.55483859780615E-0003
 6.61469552534890E+0003	 9.45298920981204E-0003
 6.61469653294546E+0003	 9.35187897201705E-0003
 6.61469754054202E+0003	 9.25150408576837E-0003
 6.61469854813859E+0003	 9.15186080356878E-0003
 6.61469955573515E+0003	 9.05294542848446E-0003
 6.61470056333171E+0003	 8.95475431353841E-0003
 6.61470157092827E+0003	 8.85728386108926E-0003
 6.61470257852483E+0003	 8.76053052219581E-0003
 6.61470358612140E+0003	 8.66449079596786E-0003
 6.61470459371796E+0003	 8.56916122890278E-0003
 6.61470560131452E+0003	 8.47453841420889E-0003
 6.61470660891108E+0003	 8.38061899111516E-0003
 6.61470761650764E+0003	 8.28739964416814E-0003
 6.61470862410421E+0003	 8.19487710251579E-0003
 6.61470963170077E+0003	 8.10304813917880E-0003
 6.61471063929733E+0003	 8.01190957030978E-0003
 6.61471164689389E+0003	 7.92145825444021E-0003
 6.61471265449045E+0003	 7.83169109171590E-0003
 6.61471366208702E+0003	 7.74260502312092E-0003
 6.61471466968358E+0003	 7.65419702969061E-0003
 6.61471567728014E+0003	 7.56646413171372E-0003
 6.61471668487670E+0003	 7.47940338792437E-0003
 6.61471769247326E+0003	 7.39301189468372E-0003
 6.61471870006982E+0003	 7.30728678515225E-0003
 6.61471970766639E+0003	 7.22222522845259E-0003
 6.61472071526295E+0003	 7.13782442882349E-0003
 6.61472172285951E+0003	 7.05408162476534E-0003
 6.61472273045607E+0003	 6.97099408817753E-0003
 6.61472373805263E+0003	 6.88855912348814E-0003
 6.61472474564920E+0003	 6.80677406677636E-0003
 6.61472575324576E+0003	 6.72563628488810E-0003
 6.61472676084232E+0003	 6.64514317454521E-0003
 6.61472776843888E+0003	 6.56529216144872E-0003
 6.61472877603544E+0003	 6.48608069937660E-0003
 6.61472978363201E+0003	 6.40750626927647E-0003
 6.61473079122857E+0003	 6.32956637835387E-0003
 6.61473179882513E+0003	 6.25225855915622E-0003
 6.61473280642169E+0003	 6.17558036865344E-0003
 6.61473381401825E+0003	 6.09952938731525E-0003
 6.61473482161482E+0003	 6.02410321818598E-0003
 6.61473582921138E+0003	 5.94929948595722E-0003
 6.61473683680794E+0003	 5.87511583603888E-0003
 6.61473784440450E+0003	 5.80154993362914E-0003
 6.61473885200106E+0003	 5.72859946278379E-0003
 6.61473985959763E+0003	 5.65626212548564E-0003
 6.61474086719419E+0003	 5.58453564071414E-0003
 6.61474187479075E+0003	 5.51341774351627E-0003
 6.61474288238731E+0003	 5.44290618407872E-0003
 6.61474388998387E+0003	 5.37299872680222E-0003
 6.61474489758044E+0003	 5.30369314937844E-0003
 6.61474590517700E+0003	 5.23498724186991E-0003
 6.61474691277356E+0003	 5.16687880579375E-0003
 6.61474792037012E+0003	 5.09936565320928E-0003
 6.61474892796668E+0003	 5.03244560581071E-0003
 6.61474993556325E+0003	 4.96611649402473E-0003
 6.61475094315981E+0003	 4.90037615611404E-0003
 6.61475195075637E+0003	 4.83522243728716E-0003
 6.61475295835293E+0003	 4.77065318881502E-0003
 6.61475396594949E+0003	 4.70666626715492E-0003
 6.61475497354606E+0003	 4.64325953308233E-0003
 6.61475598114262E+0003	 4.58043085083114E-0003
 6.61475698873918E+0003	 4.51817808724272E-0003
 6.61475799633574E+0003	 4.45649911092448E-0003
 6.61475900393230E+0003	 4.39539179141821E-0003
 6.61476001152887E+0003	 4.33485399837897E-0003
 6.61476101912543E+0003	 4.27488360076477E-0003
 6.61476202672199E+0003	 4.21547846603771E-0003
 6.61476303431855E+0003	 4.15663645937689E-0003
 6.61476404191511E+0003	 4.09835544290373E-0003
 6.61476504951168E+0003	 4.04063327492006E-0003
 6.61476605710824E+0003	 3.98346780915939E-0003
 6.61476706470480E+0003	 3.92685689405203E-0003
 6.61476807230136E+0003	 3.87079837200411E-0003
 6.61476907989792E+0003	 3.81529007869136E-0003
 6.61477008749449E+0003	 3.76032984236772E-0003
 6.61477109509105E+0003	 3.70591548318939E-0003
 6.61477210268761E+0003	 3.65204481255462E-0003
 6.61477311028417E+0003	 3.59871563245965E-0003
 6.61477411788073E+0003	 3.54592573487116E-0003
 6.61477512547730E+0003	 3.49367290111559E-0003
 6.61477613307386E+0003	 3.44195490128575E-0003
 6.61477714067042E+0003	 3.39076949366488E-0003
 6.61477814826698E+0003	 3.34011442416866E-0003
 6.61477915586354E+0003	 3.28998742580536E-0003
 6.61478016346011E+0003	 3.24038621815451E-0003
 6.61478117105667E+0003	 3.19130850686430E-0003
 6.61478217865323E+0003	 3.14275198316795E-0003
 6.61478318624979E+0003	 3.09471432341946E-0003
 6.61478419384635E+0003	 3.04719318864874E-0003
 6.61478520144292E+0003	 3.00018622413656E-0003
 6.61478620903948E+0003	 2.95369105900936E-0003
 6.61478721663604E+0003	 2.90770530585421E-0003
 6.61478822423260E+0003	 2.86222656035406E-0003
 6.61478923182916E+0003	 2.81725240094343E-0003
 6.61479023942573E+0003	 2.77278038848469E-0003
 6.61479124702229E+0003	 2.72880806596505E-0003
 6.61479225461885E+0003	 2.68533295821439E-0003
 6.61479326221541E+0003	 2.64235257164400E-0003
 6.61479426981197E+0003	 2.59986439400630E-0003
 6.61479527740854E+0003	 2.55786589417565E-0003
 6.61479628500510E+0003	 2.51635452195024E-0003
 6.61479729260166E+0003	 2.47532770787509E-0003
 6.61479830019822E+0003	 2.43478286308621E-0003
 6.61479930779478E+0003	 2.39471737917592E-0003
 6.61480031539135E+0003	 2.35512862807922E-0003
 6.61480132298791E+0003	 2.31601396198127E-0003
 6.61480233058447E+0003	 2.27737071324589E-0003
 6.61480333818103E+0003	 2.23919619436503E-0003
 6.61480434577759E+0003	 2.20148769792903E-0003
 6.61480535337415E+0003	 2.16424249661772E-0003
 6.61480636097072E+0003	 2.12745784321210E-0003
 6.61480736856728E+0003	 2.09113097062660E-0003
 6.61480837616384E+0003	 2.05525909196159E-0003
 6.61480938376040E+0003	 2.01983940057620E-0003
 6.61481039135696E+0003	 1.98486907018107E-0003
 6.61481139895353E+0003	 1.95034525495091E-0003
 6.61481240655009E+0003	 1.91626508965675E-0003
 6.61481341414598E+0003	 1.88262571222629E-0003
