-1.332073886386365658e+01 6.055077244784996537e+00
-1.324518581081060375e+01 6.667310822911554524e+00
-1.316963275775755093e+01 7.342428782789386155e+00
-1.309407970470449811e+01 8.086832585572853560e+00
-1.301852665165144529e+01 8.907549812202326223e+00
-1.294297359859839247e+01 9.812290778987371453e+00
-1.286742054554533965e+01 1.080950961664904852e+01
-1.279186749249228683e+01 1.190847008161899900e+01
-1.271631443943923401e+01 1.311931637437221276e+01
-1.264076138638618119e+01 1.445314924426205394e+01
-1.256520833333312837e+01 1.592210766349937856e+01
-1.248965528028007554e+01 1.753945635432194550e+01
-1.241410222722702272e+01 1.931967945276571186e+01
-1.233854917417396990e+01 2.127858058948531905e+01
-1.226299612112091708e+01 2.343338966246845700e+01
-1.218744306806786426e+01 2.580287656791742990e+01
-1.211189001501480789e+01 2.840747214368577289e+01
-1.203633696196175507e+01 3.126939656409020074e+01
-1.196078390890870224e+01 3.441279540529421865e+01
-1.188523085585564942e+01 3.786388357637174806e+01
-1.180967780280259660e+01 4.165109728221777630e+01
-1.173412474974954378e+01 4.580525415024479940e+01
-1.165857169669649096e+01 5.035972161287871529e+01
-1.158301864364343814e+01 5.535059359181584426e+01
-1.150746559059038532e+01 6.081687547740263255e+01
-1.143191253753733250e+01 6.680067733693688581e+01
-1.135635948448427968e+01 7.334741521875974968e+01
-1.128080643143122686e+01 8.050602034432901632e+01
-1.120525337837817403e+01 8.832915589767736719e+01
-1.112970032532512121e+01 9.687344103043716359e+01
-1.105414727227206839e+01 1.061996816006740971e+02
-1.097859421921901557e+01 1.163731070548767264e+02
-1.090304116616596275e+01 1.274636127444262570e+02
-1.082748811311290993e+01 1.395460068406109713e+02
-1.075193506005985356e+01 1.527002608757250641e+02
-1.067638200700680073e+01 1.670117627920586187e+02
-1.060082895395374791e+01 1.825715712258301551e+02
-1.052527590090069509e+01 1.994766695895553994e+02
-1.044972284784764227e+01 2.178302183444687046e+02
-1.037416979479458945e+01 2.377418036748652810e+02
-1.029861674174153663e+01 2.593276805893523829e+02
-1.022306368868848381e+01 2.827110082807968183e+02
-1.014751063563543099e+01 3.080220753782496104e+02
-1.007195758258237817e+01 3.353985125215009475e+02
-9.996404529529325345e+00 3.649854894835411869e+02
-9.920851476476272524e+00 3.969358938596413395e+02
-9.845298423423219702e+00 4.314104881357901604e+02
-9.769745370370166881e+00 4.685780417458021816e+02
-9.694192317317114060e+00 5.086154345277371362e+02
-9.618639264264061239e+00 5.517077277987247044e+02
-9.543086211211008418e+00 5.980481990854832475e+02
-9.467533158157955597e+00 6.478383363785447955e+02
-9.391980105104899224e+00 7.012877876244643858e+02
-9.316427052051846402e+00 7.586142610352653719e+02
-9.240873998998793581e+00 8.200433716814751506e+02
-9.165320945945740760e+00 8.858084297476771098e+02
-9.089767892892687939e+00 9.561501657714454723e+02
-9.014214839839635118e+00 1.031316388161303848e+03
-8.938661786786582297e+00 1.111561568300976433e+03
-8.863108733733529476e+00 1.197146348599432258e+03
-8.787555680680476655e+00 1.288336968942970998e+03
-8.712002627627423834e+00 1.385404607150620677e+03
-8.636449574574371013e+00 1.488624629231191875e+03
-8.560896521521318192e+00 1.598275745493003114e+03
-8.485343468468265371e+00 1.714639068868956656e+03
-8.409790415415212550e+00 1.837997072193452823e+03
-8.334237362362159729e+00 1.968632441606327575e+03
-8.258684309309106908e+00 2.106826823765082736e+03
-8.183131256256054087e+00 2.252859465122070105e+03
-8.107578203203001266e+00 2.407005742169493260e+03
-8.032025150149948445e+00 2.569535582272923875e+03
-7.956472097096892071e+00 2.740711775503751596e+03
-7.880919044043839250e+00 2.920788178742007858e+03
-7.805365990990786429e+00 3.110007814252281150e+03
-7.729812937937733608e+00 3.308600865934209196e+03
-7.654259884884680787e+00 3.516782577513185970e+03
-7.578706831831627966e+00 3.734751058061436197e+03
-7.503153778778575145e+00 3.962685001420182289e+03
-7.427600725725522324e+00 4.200741327323737096e+03
-7.352047672672469503e+00 4.449052753299170945e+03
-7.276494619619416682e+00 4.707725307722223988e+03
-7.200941566566363861e+00 4.976835795742150367e+03
-7.125388513513311040e+00 5.256429231134749898e+03
-7.049835460460258219e+00 5.546516248492382147e+03
-6.974282407407205397e+00 5.847070511499814529e+03
-6.898729354354152576e+00 6.158026134361746699e+03
-6.823176301301099755e+00 6.479275134727311524e+03
-6.747623248248046934e+00 6.810664937683598509e+03
-6.672070195194994113e+00 7.151995951548091398e+03
-6.596517142141937740e+00 7.503019237262507886e+03
-6.520964089088884919e+00 7.863434294160380887e+03
-6.445411036035832097e+00 8.232886985731222012e+03
-6.369857982982779276e+00 8.610967629716118608e+03
-6.294304929929726455e+00 8.997209277428033602e+03
-6.218751876876673634e+00 9.391086207575152002e+03
-6.143198823823620813e+00 9.792012660062342547e+03
-6.067645770770567992e+00 1.019934183523727552e+04
-5.992092717717515171e+00 1.061236518381872156e+04
-5.916539664664462350e+00 1.103031201228172540e+04
-5.840986611611409529e+00 1.145234942776421121e+04
-5.765433558558356708e+00 1.187758264559216150e+04
-5.689880505505300334e+00 1.230505568128590130e+04
-5.614327452452251066e+00 1.273375244740254311e+04
-5.538774399399194692e+00 1.316259827378432783e+04
-5.463221346346145424e+00 1.359046186771701286e+04
-5.387668293293089050e+00 1.401615772816168101e+04
-5.312115240240039782e+00 1.443844902560579067e+04
-5.236562187186983408e+00 1.485605095620166139e+04
-5.161009134133934140e+00 1.526763457572608968e+04
-5.085456081080877766e+00 1.567183111553052368e+04
-5.009903028027828498e+00 1.606723677906882222e+04
-4.934349974974772124e+00 1.645241801382812264e+04
-4.858796921921722856e+00 1.682591724957241240e+04
-4.783243868868666482e+00 1.718625908979221640e+04
-4.707690815815617214e+00 1.753195693918265897e+04
-4.632137762762560840e+00 1.786152004592273443e+04
-4.556584709709504466e+00 1.817346093357782593e+04
-4.481031656656455198e+00 1.846630319371042424e+04
-4.405478603603398824e+00 1.873858960688743900e+04
-4.329925550550349556e+00 1.898889055689200541e+04
-4.254372497497293182e+00 1.921581270079569003e+04
-4.178819444444243913e+00 1.941800785639042806e+04
-4.103266391391187540e+00 1.959418206866025139e+04
-4.027713338338138271e+00 1.974310481890299343e+04
-3.952160285285081898e+00 1.986361834430877934e+04
-3.876607232232032629e+00 1.995464704288247594e+04
-3.801054179178976256e+00 2.001520694930110767e+04
-3.725501126125926987e+00 2.004441528248555915e+04
-3.649948073072870613e+00 2.004150008632147001e+04
-3.574395020019821345e+00 2.000581001217294761e+04
-3.498841966966764971e+00 1.993682432675667587e+04
-3.423288913913715703e+00 1.983416327276029187e+04
-3.347735860860659329e+00 1.969759896341776039e+04
-3.272182807807610061e+00 1.952706705703775879e+04
-3.196629754754553687e+00 1.932267953384390057e+04
-3.121076701701497313e+00 1.908473898554790139e+04
-3.045523648648448045e+00 1.881375492723846764e+04
-2.969970595595391671e+00 1.851046274986816934e+04
-2.894417542542342403e+00 1.817584604707124890e+04
-2.818864489489286029e+00 1.781116316797579930e+04
-2.743311436436236761e+00 1.741797896210119143e+04
-2.667758383383180387e+00 1.699820278545875772e+04
-2.592205330330131119e+00 1.655413391871103886e+04
-2.516652277277074745e+00 1.608851559678917147e+04
-2.441099224224025477e+00 1.560459885097911501e+04
-2.365546171170969103e+00 1.510621730384590774e+04
-2.289993118117919835e+00 1.459787391804722574e+04
-2.214440065064863461e+00 1.408484046506644336e+04
-2.138887012011814193e+00 1.357327013215827719e+04
-2.063333958958757819e+00 1.307032320878014252e+04
-1.987780905905708551e+00 1.258430517158457224e+04
-1.912227852852652177e+00 1.212481570401181307e+04
-1.836674799799602908e+00 1.170290622589841951e+04
-1.761121746746546535e+00 1.133124234955002976e+04
-1.685568693693490161e+00 1.102426629153068097e+04
-1.610015640640440893e+00 1.079835260640611887e+04
-1.534462587587384519e+00 1.067194859100553367e+04
-1.458909534534335251e+00 1.066568820406772466e+04
-1.383356481481278877e+00 1.080246513924328610e+04
-1.307803428428229608e+00 1.110744642340179598e+04
-1.232250375375173235e+00 1.160800200678825422e+04
-1.156697322322123966e+00 1.233351732822869781e+04
-1.081144269269067593e+00 1.331504332461784907e+04
-1.005591216216018324e+00 1.458471999380722991e+04
-9.300381631629619505e-01 1.617488523109485868e+04
-8.544851101099126822e-01 1.811675969350244122e+04
-7.789320570568563085e-01 2.043861697242309674e+04
-7.033790040038070401e-01 2.316346842396269858e+04
-6.278259509507506664e-01 2.630646887598189278e+04
-5.522728978977013981e-01 2.987192460850566931e+04
-4.767198448446450243e-01 3.384758309586147516e+04
-4.011667917915886505e-01 3.818905652742370148e+04
-3.256137387385393822e-01 4.278410350367490901e+04
-2.500606856854830085e-01 4.739680270264389401e+04
-1.745076326324337401e-01 5.162261040887001582e+04
-9.895457957937736637e-02 5.491538363843488332e+04
-2.340152652632809804e-02 5.672804109299216361e+04
5.215152652672827571e-02 5.672241615673720662e+04
1.277045795797775440e-01 5.492030527589590929e+04
2.032576326328339178e-01 5.168719224911686615e+04
2.788106856858831861e-01 4.756344570472349733e+04
3.543637387389395599e-01 4.306484911461175216e+04
4.299167917919888282e-01 3.856582997470998816e+04
5.054698448450452020e-01 3.428781735783728800e+04
5.810228978980944703e-01 3.034394892159493611e+04
6.565759509511508440e-01 2.678673079810023046e+04
7.321290040042001124e-01 2.363685125971171146e+04
8.076820570572564861e-01 2.089612862073952783e+04
8.832351101103057545e-01 1.855335162788437810e+04
9.587881631633621282e-01 1.658810483296239181e+04
1.034341216216418502e+00 1.497397019048770017e+04
1.109894269269467770e+00 1.368113276143913754e+04
1.185447322322524144e+00 1.267832885610477751e+04
1.261000375375573412e+00 1.193421699870180601e+04
1.336553428428629786e+00 1.141830813709714857e+04
1.412106481481679054e+00 1.110157718705433035e+04
1.487659534534735428e+00 1.095684625892911026e+04
1.563212587587784697e+00 1.095900312090880107e+04
1.638765640640841070e+00 1.108509988358000010e+04
1.714318693693890339e+00 1.131436456074440503e+04
1.789871746746946712e+00 1.162814987649234718e+04
1.865424799799995981e+00 1.200983794321423738e+04
1.940977852853052354e+00 1.244471529190964247e+04
2.016530905906101623e+00 1.291982962011781819e+04
2.092083958959157997e+00 1.342383718250312631e+04
2.167637012012207265e+00 1.394684777095603749e+04
2.243190065065263639e+00 1.448027258694135526e+04
2.318743118118312907e+00 1.501667892316080906e+04
2.394296171171369281e+00 1.554965440016570938e+04
2.469849224224425654e+00 1.607368251978398439e+04
2.545402277277474923e+00 1.658403048359241075e+04
2.620955330330531297e+00 1.707664956736209933e+04
2.696508383383580565e+00 1.754808782839484775e+04
2.772061436436636939e+00 1.799541453821176401e+04
2.847614489489686207e+00 1.841615546328751225e+04
2.923167542542742581e+00 1.880823794564688797e+04
2.998720595595791849e+00 1.916994464690067252e+04
3.074273648648848223e+00 1.949987479764897216e+04
3.149826701701897491e+00 1.979691182385482171e+04
3.225379754754953865e+00 2.006019628884974009e+04
3.300932807808003133e+00 2.028910318179450405e+04
3.376485860861059507e+00 2.048322269030642565e+04
3.452038913914108775e+00 2.064234370814127396e+04
3.527591966967165149e+00 2.076643944175808792e+04
3.603145020020214417e+00 2.085565458750797552e+04
3.678698073073270791e+00 2.091029365082925142e+04
3.754251126126327165e+00 2.093081006823733696e+04
3.829804179179376433e+00 2.091779587114531387e+04
3.905357232232432807e+00 2.087197169750160538e+04
3.980910285285482075e+00 2.079417701331604985e+04
4.056463338338538449e+00 2.068536045217016726e+04
4.132016391391587717e+00 2.054657021779890783e+04
4.207569444444644091e+00 2.037894452391305822e+04
4.283122497497693359e+00 2.018370206773911195e+04
4.358675550550749733e+00 1.996213255036426199e+04
4.434228603603799002e+00 1.971558726888117235e+04
4.509781656656855375e+00 1.944546981340232378e+04
4.585334709709904644e+00 1.915322690702059481e+04
4.660887762762961017e+00 1.884033942936680978e+04
4.736440815816010286e+00 1.850831366509634972e+04
4.811993868869066659e+00 1.815867281785629530e+04
4.887546921922115928e+00 1.779294882840356513e+04
4.963099974975172302e+00 1.741267453284092335e+04
5.038653028028221570e+00 1.701937619364636339e+04
5.114206081081277944e+00 1.661456643246609019e+04
5.189759134134334317e+00 1.619973758967425420e+04
5.265312187187383586e+00 1.577635553158085531e+04
5.340865240240439960e+00 1.534585392199197850e+04
5.416418293293489228e+00 1.490962897066409278e+04
5.491971346346545602e+00 1.446903466710562316e+04
5.567524399399594870e+00 1.402537850421921576e+04
5.643077452452651244e+00 1.357991769247752200e+04
5.718630505505700512e+00 1.313385586172686817e+04
5.794183558558756886e+00 1.268834024433180821e+04
5.869736611611806154e+00 1.224445933024102305e+04
5.945289664664862528e+00 1.180324098167588818e+04
6.020842717717911796e+00 1.136565099254005509e+04
6.096395770770968170e+00 1.093259207531807806e+04
6.171948823824017438e+00 1.050490325618857969e+04
6.247501876877073812e+00 1.008335965731275064e+04
6.323054929930123080e+00 9.668672643780830185e+03
6.398607982983179454e+00 9.261490311492027104e+03
6.474161036036228722e+00 8.862398291310713830e+03
6.549714089089285096e+00 8.471920844163551010e+03
6.625267142142341470e+00 8.090522221317696676e+03
6.700820195195390738e+00 7.718608263886355417e+03
6.776373248248447112e+00 7.356528215638960319e+03
6.851926301301496380e+00 7.004576723428196601e+03
6.927479354354552754e+00 6.662995999969246441e+03
7.003032407407602022e+00 6.331978124304734592e+03
7.078585460460658396e+00 6.011667456037563170e+03
7.154138513513707665e+00 5.702163140303386172e+03
7.229691566566764038e+00 5.403521681458929379e+03
7.305244619619813307e+00 5.115759564572014824e+03
7.380797672672869680e+00 4.838855904989170085e+03
7.456350725725918949e+00 4.572755107517521537e+03
7.531903778778975322e+00 4.317369518066172532e+03
7.607456831832024591e+00 4.072582051939918983e+03
7.683009884885080965e+00 3.838248784343667921e+03
7.758562937938130233e+00 3.614201490032266975e+03
7.834115990991186607e+00 3.400250120408752082e+03
7.909669044044242980e+00 3.196185207728719888e+03
7.985222097097292249e+00 3.001780187393651431e+03
8.060775150150348622e+00 2.816793630606842271e+03
8.136328203203397891e+00 2.640971380911074903e+03
8.211881256256454265e+00 2.474048589320516840e+03
8.287434309309503533e+00 2.315751643896649057e+03
8.362987362362559907e+00 2.165799990690677987e+03
8.438540415415609175e+00 2.023907843983121211e+03
8.514093468468665549e+00 1.889785784687936484e+03
8.589646521521714817e+00 1.763142246655574581e+03
8.665199574574771191e+00 1.643684891401763934e+03
8.740752627627820459e+00 1.531121872509775585e+03
8.816305680680876833e+00 1.425162991600334635e+03
8.891858733733926101e+00 1.325520748339413331e+03
8.967411786786982475e+00 1.231911287458369770e+03
9.042964839840031743e+00 1.144055246198254281e+03
9.118517892893088117e+00 1.061678505960417624e+03
9.194070945946137385e+00 9.845128522542177052e+02
9.269623998999193759e+00 9.122965472805469744e+02
9.345177052052250133e+00 8.447748196827328684e+02
9.420730105105299401e+00 7.817002761357758800e+02
9.496283158158355775e+00 7.228332395363485148e+02
9.571836211211405043e+00 6.679420186023364749e+02
9.647389264264461417e+00 6.168031136960565846e+02
9.722942317317510685e+00 5.692013636542192216e+02
9.798495370370567059e+00 5.249300383429290378e+02
9.874048423423616327e+00 4.837908815626634578e+02
9.949601476476672701e+00 4.455941088086194100e+02
1.002515452952972197e+01 4.101583642508390426e+02
1.010070758258277834e+01 3.773106411383995464e+02
1.017626063563582761e+01 3.468861696569196056e+02
1.025181368868888399e+01 3.187282760807877366e+02
1.032736674174193325e+01 2.926882168645498723e+02
1.040291979479498963e+01 2.686249911136245032e+02
1.047847284784803890e+01 2.464051346660946535e+02
1.055402590090109527e+01 2.259024988062713817e+02
1.062957895395415164e+01 2.069980164196506678e+02
1.070513200700720091e+01 1.895794581889909693e+02
1.078068506006025729e+01 1.735411812245667704e+02
1.085623811311330655e+01 1.587838723192893440e+02
1.093179116616636293e+01 1.452142878225539846e+02
1.100734421921941220e+01 1.327449919365656683e+02
1.108289727227246857e+01 1.212940950560203248e+02
1.115845032532551784e+01 1.107849935974133757e+02
1.123400337837857421e+01 1.011461125980885214e+02
1.130955643143162348e+01 9.231065220813714234e+01
1.138510948448467985e+01 8.421633905038804357e+01
1.146066253753772912e+01 7.680518328540348705e+01
1.153621559059078550e+01 7.002324208942825123e+01
1.161176864364383476e+01 6.382039013380776993e+01
1.168732169669689114e+01 5.815009754417508958e+01
1.176287474974994041e+01 5.296921571670371520e+01
1.183842780280299678e+01 4.823777127651684538e+01
1.191398085585604605e+01 4.391876837979331327e+01
1.198953390890910242e+01 3.997799948573332074e+01
1.206508696196215880e+01 3.638386465710811279e+01
1.214064001501520806e+01 3.310719938810203189e+01
1.221619306806826444e+01 3.012111090524660995e+01
1.229174612112131371e+01 2.740082284095865361e+01
1.236729917417437008e+01 2.492352813910883924e+01
1.244285222722741935e+01 2.266825001776081905e+01
1.251840528028047572e+01 2.061571078524702472e+01
1.259395833333352499e+01 1.874820828172540743e+01
1.266951138638658136e+01 1.704949969881533178e+01
1.274506443943963063e+01 1.550469251449575303e+01
1.282061749249268701e+01 1.410014226872488408e+01
1.289617054554573627e+01 1.282335689688565061e+01
1.297172359859879265e+01 1.166290733277814340e+01
1.304727665165184192e+01 1.060834409017573066e+01
1.312282970470489829e+01 9.650119531584682164e+00
1.319838275775794756e+01 8.779515534537063459e+00
1.327393581081100393e+01 7.988576269199758606e+00
1.334948886386405320e+01 7.270045806072070960e+00
1.342504191691710957e+01 6.617310278812302826e+00
1.350059496997016595e+01 6.024344334588053407e+00
