nm	int
309.17501	-175.34567
309.1765	-114.03089
309.178	-101.50752
309.17949	-108.4911
309.18099	-33.06419
309.18251	-29.70588
309.18401	-15.90329
309.1855	19.54868
309.187	26.43369
309.18849	69.08433
309.18999	137.56934
309.19149	119.5733
309.19301	112.73526
309.19451	182.81754
309.196	194.48308
309.1975	201.36692
309.19899	182.60864
309.20049	186.52832
309.20201	128.31926
309.20351	86.39479
309.205	52.51857
309.2065	93.15036
309.208	55.96751
309.20949	37.52957
309.21099	-0.23894
309.21251	4.29526
309.21401	-5.54629
309.2155	67.58771
309.217	130.67653
309.21849	181.03534
309.21999	221.67933
309.22151	226.10467
309.22301	204.53324
309.22451	156.00223
309.226	156.29272
309.2275	114.37675
309.22899	120.59982
309.23049	79.86364
309.23201	53.24539
309.23351	-7.23434
309.235	-71.07886
309.2365	-134.88212
309.23799	-198.79282
309.23949	-203.9958
309.24102	-143.01391
309.24251	-144.80429
309.24401	-127.22338
309.2455	-106.19768
309.247	-47.72614
309.24849	-108.90347
309.24999	-91.58067
309.25151	-60.94715
309.25301	12.69079
309.2545	18.12391
309.256	60.17924
309.25749	142.24648
309.25899	157.10747
309.26049	118.56152
309.26201	130.09731
309.26351	173.03662
309.265	159.49044
309.2665	163.87663
309.26799	180.09422
309.26949	163.41312
309.27101	102.10757
309.27251	44.94014
309.274	21.46529
309.2755	128.37777
309.277	182.12595
309.27999	234.34897
309.28151	235.05946
309.28301	230.52688
309.2845	163.41206
309.286	154.13545
309.28749	128.8967
309.28899	133.61892
309.29051	155.34758
309.29201	143.71931
309.29351	76.49201
309.295	0.2491
309.2965	-13.92448
309.29799	0.6727
309.29949	-91.03272
309.30101	-93.18485
309.30251	-109.24642
309.304	-135.71007
309.3055	-152.62213
309.30699	-102.7805
309.30849	-126.17547
309.30998	-37.16009
309.31151	-36.6453
309.31301	-82.26488
309.3145	-108.73895
309.316	-70.41722
309.31749	-101.96154
309.31899	-85.58239
309.32051	-84.44184
309.32201	-83.21396
309.3235	-39.63894
309.325	-37.2133
309.32649	19.23753
309.32799	61.84109
309.32949	115.78079
309.33101	71.91229
309.33251	69.94896
309.334	50.37769
309.3355	17.28272
309.33699	-61.71707
309.33849	-102.53255
309.34001	-100.1171
309.34151	-128.38814
309.343	-69.24415
309.3445	7.00835
309.346	44.79492
309.34749	69.55552
309.34899	93.27695
309.35051	71.53976
309.35201	56.52038
309.3535	51.34657
309.355	32.63344
309.35649	24.7023
309.35799	-43.70654
309.35951	-76.11205
309.36101	-129.00654
309.36251	-86.77866
309.364	-83.32773
309.3655	-9.59417
309.36699	31.91805
309.36849	116.73509
309.37001	83.79468
309.37151	81.95342
309.373	67.78342
309.3745	73.83806
309.37599	41.71487
309.37749	-0.96145
309.37899	6.6095
309.38051	-16.97688
309.38201	0.91712
309.3835	5.87231
309.385	3.32471
309.38649	5.97746
309.38799	29.99772
309.38951	20.02508
309.39101	29.60336
309.3925	60.81239
309.394	-16.45416
309.3955	-108.9669
309.39699	-135.33433
309.39849	-159.06944
309.40001	-187.68426
309.40151	-158.52396
309.403	-75.98146
309.4045	-116.9444
309.40599	-51.04116
309.40749	-40.60126
309.40901	20.3649
309.41051	9.53165
309.41201	39.70025
309.4135	-18.86444
309.415	6.49469
309.41649	-5.91642
309.41799	-59.69704
309.41951	-88.6479
309.42101	-135.03359
309.4225	-121.79666
309.424	-148.87727
309.42549	-90.10681
309.42699	-58.16526
309.42852	-1.10691
309.43001	-29.12395
309.43151	1.13333
309.433	8.76381
309.4345	6.72324
309.43599	0.43722
309.43749	24.55573
309.43901	-6.32658
309.44051	-30.54899
309.442	12.49576
309.4435	8.22608
309.44499	-22.06595
309.44649	28.434
309.44799	22.31784
309.44951	-24.61737
309.45101	-60.61293
309.4525	-42.1172
309.454	-111.21832
309.45549	-114.14125
309.45699	-106.78447
309.45851	-53.2905
309.46001	-65.52268
309.4615	-22.9238
309.463	-18.18508
309.4645	8.66458
309.46599	-9.51418
309.46749	43.44329
309.46901	45.09448
309.47051	98.49512
309.472	85.32619
309.4735	117.01706
309.47499	35.58036
309.47649	30.19047
309.47801	-21.86075
309.47951	-37.33287
309.48101	-25.10665
309.4825	22.67036
309.484	24.30283
309.48549	64.82668
309.48699	76.18854
309.48851	93.68339
309.49001	98.40765
309.4915	109.69712
309.493	69.31065
309.49449	80.50159
309.49599	1.34676
309.49748	15.37816
309.49901	-0.94767
309.50051	28.05628
309.502	34.54637
309.5035	49.90199
309.50499	40.72314
309.50649	52.2452
309.50801	45.34409
309.50951	44.90141
309.511	43.93858
309.5125	19.61823
309.51399	11.70784
309.51549	17.74301
309.51699	-21.18803
309.51851	-2.61634
309.52001	0.2154
309.5215	15.62162
309.523	-21.5167
309.52449	6.14537
309.52599	29.30534
309.52751	24.29036
309.52901	35.34281
309.5305	86.43247
309.532	100.90871
309.5335	30.30018
309.53499	52.66587
309.53649	9.3397
309.53801	-29.92876
309.53951	-73.64626
309.541	-45.02042
309.5425	-61.32478
309.54399	-45.99372
309.54549	-26.32532
309.54701	35.88048
309.54851	46.07447
309.55001	78.59092
309.5515	90.06351
309.553	86.39157
309.55449	43.48816
309.55599	42.20344
309.55751	3.6803
309.55901	-4.84554
309.5605	19.66883
309.562	48.95363
309.56349	61.82143
309.56499	79.46874
309.56649	96.4972
309.56801	53.4281
309.56951	70.72082
309.571	51.3303
309.5725	39.1066
309.57399	37.62331
309.57549	54.03458
309.57701	28.20646
309.57851	52.93463
309.58	25.38975
309.5815	-13.94313
309.583	14.51765
309.58449	18.61515
309.58599	22.54947
309.58751	52.02634
309.58901	117.17989
309.5905	117.99816
309.592	104.56743
309.59349	89.52545
309.59499	128.0708
309.59651	105.7019
309.59801	80.17518
309.59951	93.12249
309.601	83.03307
309.6025	51.73935
309.60399	17.80567
309.60549	48.45512
309.60701	20.00249
309.60851	26.69306
309.61	2.28868
309.6115	8.18568
309.61299	10.90682
309.61449	5.69475
309.61602	2.99343
309.61751	37.61017
309.61901	89.07935
309.6205	69.41744
309.622	39.2746
309.62349	30.80127
309.62499	29.89652
309.62651	-17.19117
309.62801	-26.27071
309.6295	88.89541
309.631	110.03177
309.63249	90.29518
309.63399	109.41788
309.63549	127.42417
309.63701	64.8123
309.63851	42.43002
309.64	40.75043
309.6415	30.26219
309.64299	-6.52062
309.64449	-6.9156
309.64601	30.57269
309.64751	32.26082
309.649	47.4928
309.6505	50.16265
309.652	65.22558
309.65349	65.07581
309.65499	70.38093
309.65651	79.03905
309.65801	116.75696
309.6595	62.95452
309.661	7.1235
309.66249	-11.45989
309.66399	-41.22664
309.66551	-72.41908
309.66701	-39.03652
309.66851	6.29536
309.67	11.11668
309.6715	20.79006
309.67299	57.88313
309.67449	49.72966
309.67601	3.35046
309.67751	-14.92274
309.679	-48.35027
309.6805	-104.38725
309.68199	-92.95151
309.68349	-57.21367
309.68498	-44.79029
309.68651	-35.33165
309.68801	8.67581
309.6895	22.17097
309.691	8.60928
309.69249	19.14796
309.69399	12.3813
309.69551	-64.41151
309.69701	-107.51723
309.6985	-100.81888
309.7	-121.59209
309.70149	-110.03923
309.70299	-58.07312
309.70449	-33.73421
309.70601	-26.87274
309.70751	25.68677
309.709	36.87789
309.7105	56.125
309.71199	45.8375
309.71349	23.38901
309.71501	-22.33462
309.71651	-63.57608
309.718	-119.21491
309.7195	-150.87298
309.721	-105.46923
309.72249	-66.34175
309.72399	-38.08487
309.72551	-50.76172
309.72701	-0.66129
309.7285	-12.73706
309.73	-28.76964
309.73149	-7.41485
309.73299	44.06117
309.73451	10.27849
309.73601	-16.80867
309.73751	-47.80062
309.739	-59.60342
309.7405	-64.00758
309.74199	-29.26617
309.74349	-69.38307
309.74501	-69.6732
309.74651	-42.58742
309.748	-39.41925
309.7495	-8.29822
309.75099	54.27784
309.75249	89.92105
309.75399	31.46494
309.75551	-30.39229
309.75701	-86.07965
309.7585	-105.30553
309.76	-102.46907
309.76149	-116.81013
309.76299	-112.10076
309.76451	-71.69092
309.76601	-104.68428
309.769	-106.1223
309.7705	-57.30516
309.77199	2.62693
309.77349	-24.25984
309.77501	6.48939
309.77651	-5.79465
309.778	-5.8007
309.7795	-70.26468
309.78099	-102.3052
309.78249	-112.21385
309.78401	-133.61742
309.78551	-159.06436
309.78701	-96.31925
309.7885	-67.59382
309.79	-35.29428
309.79149	0.60436
309.79299	33.96583
309.79451	39.49533
309.79601	60.36461
309.7975	22.18962
309.799	26.86397
309.80049	30.20004
309.80199	50.6827
309.80352	8.09827
309.80501	48.70808
309.80651	27.09621
309.808	27.26027
309.8095	-23.35161
309.81099	-57.38119
309.81249	-59.59248
309.81401	-11.02245
309.81551	-30.76675
309.817	-45.61415
309.8185	10.66742
309.81999	-13.6261
309.82149	-57.06571
309.82299	-70.05492
309.82451	-62.1268
309.82601	-89.94551
309.8275	-104.85234
309.829	-109.03756
309.83049	-62.03609
309.83199	-35.25636
309.83351	28.06191
309.83501	32.34857
309.8365	63.88739
309.838	30.96056
309.8395	39.37349
309.84099	-12.45772
309.84249	0.79388
309.84401	-25.04244
309.84551	-20.3798
309.847	-13.74912
309.8485	8.86839
309.84999	30.46176
309.85149	58.38387
309.85301	68.65549
309.85451	84.91618
309.85601	93.34864
309.8575	69.63168
309.859	21.83406
309.86049	-18.70788
309.86199	-43.46047
309.86351	-81.29796
309.86501	-67.08698
309.8665	-53.85348
309.868	-14.03094
309.86949	5.85734
309.87099	50.38209
309.87248	92.7836
309.87401	126.23911
309.87551	134.02792
309.877	122.64427
309.8785	131.62311
309.87999	66.86189
309.88149	41.27638
309.88301	26.98889
309.88451	21.26286
309.886	1.24636
309.8875	24.27081
309.88899	35.94155
309.89049	56.56317
309.89199	56.95208
309.89351	79.70037
309.89501	110.79777
309.8965	117.77297
309.898	120.47252
309.89949	112.66032
309.90099	61.41627
309.90251	32.92995
309.90401	41.2712
309.9055	24.95513
309.907	37.26864
309.9085	66.50915
309.90999	70.18517
309.91149	70.07779
309.91301	84.95377
309.91451	81.21046
309.916	60.3798
309.9175	54.5811
309.91899	32.16568
309.92049	25.279
309.92201	9.0975
309.92351	46.68524
309.92501	15.99495
309.9265	-7.59628
309.928	-36.09571
309.92949	-43.70713
309.93099	-50.96255
309.93251	-20.73677
309.93401	33.0561
309.9355	37.13565
309.937	75.68666
309.93849	62.36882
309.93999	44.86613
309.94149	2.05342
309.94301	2.28281
309.94451	-36.51524
309.946	-35.61976
309.9475	-45.3582
309.94899	-21.46947
309.95049	-34.05822
309.95201	-51.37451
309.95351	-53.76287
309.955	-40.28414
309.9565	-36.21599
309.958	11.16291
309.95949	25.18632
309.96099	-20.91332
309.96251	-34.24165
309.96401	-97.46449
309.9655	-124.45537
309.967	-104.53476
309.96849	-51.64415
309.96999	-30.27592
309.97151	25.79343
309.97301	29.54472
309.97451	37.09112
309.976	31.11045
309.9775	29.28193
309.97899	25.41742
309.98049	27.29439
309.98201	26.92646
309.98351	7.29093
309.985	-7.62554
309.9865	-43.45411
309.98799	-56.03173
309.98949	-72.58904
309.99102	-60.86212
309.99251	-57.20868
309.99401	-18.10989
309.9955	-2.62266
309.997	17.67274
309.99849	-5.30417
309.99999	22.52934
310.00151	30.04813
310.00301	23.25176
310.0045	-5.43648
310.006	16.11611
310.00749	-16.81578
310.00899	-88.11665
310.01049	-83.38411
310.01201	-85.26149
310.01351	-72.24351
310.015	-55.40255
310.0165	-3.0755
310.01799	-8.33884
310.01949	3.98232
310.02101	9.94203
310.02251	-8.05918
310.024	-4.84622
310.0255	4.03073
310.027	-35.35634
310.02849	-39.5407
310.02999	-60.44093
310.03151	-57.59982
310.03301	-73.01309
310.0345	-26.97931
310.036	-14.88986
310.03749	24.63245
310.03899	38.65863
310.04051	53.22491
310.04201	48.86921
310.04351	17.38597
310.045	6.74637
310.0465	-8.43161
310.04799	-18.49031
310.04949	-14.23195
310.05101	-8.41213
310.05251	4.66987
310.054	21.93285
310.0555	24.84412
310.05699	44.62754
310.05849	55.87453
310.05998	22.30286
310.06151	-4.27495
310.06301	1.67594
310.0645	-25.05671
310.066	-16.8159
310.06749	-18.57401
310.06899	-60.17204
310.07051	-100.89158
310.07201	-101.67838
310.0735	-124.99645
310.075	-89.25816
310.07649	-69.49221
310.07799	-23.41366
310.07949	2.44738
310.08101	16.58398
310.08251	21.35593
310.084	30.08314
310.0855	9.32225
310.08699	15.30488
310.08849	5.02517
310.09001	-2.49737
310.09151	-1.79691
310.093	-8.32247
310.0945	-33.59972
310.096	-20.32453
310.09749	4.7817
310.09899	22.24731
310.10051	52.13995
310.10201	61.40038
310.1035	60.43828
310.105	44.35678
310.10649	37.13209
310.10799	-19.56842
310.10951	-20.84876
310.11101	-52.91656
310.11251	-76.597
310.114	-81.88601
310.1155	-54.86922
310.11699	-18.92463
310.11849	35.99435
310.12001	72.44637
310.12151	88.00357
310.123	106.32742
310.1245	93.12858
310.12599	85.10026
310.12749	56.45248
310.12899	51.29016
310.13051	48.29638
310.13201	33.03562
310.1335	5.68783
310.135	25.50516
310.13649	37.42915
310.13799	57.93723
310.13951	56.8207
310.14101	75.25017
310.1425	91.5291
310.144	96.99389
310.1455	67.47114
310.14699	62.59402
310.14849	41.43276
310.15001	-14.7554
310.15151	-28.12847
310.153	-8.73847
310.1545	-33.44877
310.15599	-27.5072
310.15749	-2.04223
310.15901	31.6472
310.16051	33.36299
310.16201	56.01468
310.1635	79.96058
310.165	100.39578
310.16649	58.72597
310.16799	18.77194
310.16951	21.21742
310.17101	17.17604
310.1725	0.51307
310.174	3.61335
310.17549	34.96777
310.17699	53.66604
310.17852	61.97559
310.18001	71.96009
310.18151	85.70284
310.183	85.6541
310.1845	51.14872
310.18599	46.41168
310.18749	20.86136
310.18901	11.27251
310.19051	-1.68415
310.192	16.02783
310.1935	8.85942
310.19499	52.25551
310.19649	49.77873
310.19799	72.79775
310.19951	59.68269
310.20101	72.09126
310.2025	74.46706
310.204	71.64259
310.20549	73.47767
310.20699	86.27882
310.20851	64.70105
310.21001	37.221
310.2115	40.86936
310.213	16.6092
310.2145	1.59635
310.21599	-18.70655
310.21749	-6.65003
310.21901	9.78744
310.22051	28.05089
310.222	51.293
310.2235	58.60222
310.22499	20.25815
310.22649	-25.63508
310.22801	1.08442
310.22951	-35.69836
310.23101	-46.03471
310.2325	-4.49385
310.234	17.25381
310.23549	-31.95433
310.23699	-25.08732
310.23851	3.68331
310.24001	16.56097
310.2415	49.41953
310.243	84.12856
310.24449	115.15765
310.24599	115.0171
310.24748	82.501
310.24901	67.55185
310.25051	48.07479
310.252	-10.79459
310.2535	-15.42223
310.25499	-18.19224
310.25649	-27.41568
310.25801	-41.42953
310.25951	2.64057
310.261	10.44562
310.2625	15.31415
310.26399	11.24895
310.26549	18.58848
310.26699	27.32343
310.26851	13.02982
310.27001	-30.51624
310.2715	-9.64322
310.273	-17.02703
310.27449	-73.55499
310.27599	-131.18669
310.27751	-103.06299
310.27901	-108.29406
310.2805	-118.13939
310.282	-64.95
310.2835	13.11394
310.28499	58.0111
310.28649	26.07154
310.28801	64.25564
310.28951	40.66354
310.291	3.83313
310.2925	-37.99951
310.29399	-46.14924
310.29549	-102.67406
310.29701	-107.5458
310.29851	-87.85621
310.30001	-73.08161
310.3015	-35.82221
310.303	-1.89259
310.30449	-1.04853
310.30599	-16.9671
310.30751	-37.41088
310.30901	-54.07662
310.3105	-67.68627
310.312	-73.4293
310.31349	-62.41472
310.31499	-48.81679
310.31649	-55.94736
310.31801	-64.49674
310.31951	-60.3592
310.321	-51.63887
310.3225	-68.18108
310.32399	-29.47633
310.32549	15.93577
310.32701	35.33804
310.32851	35.2995
310.33	50.60559
310.3315	1.3271
310.333	-39.30178
310.33449	-41.83245
310.33599	-55.06049
310.33751	-61.75281
310.33901	-47.99984
310.3405	-11.50593
310.342	-10.65556
310.34349	-5.15051
310.34499	21.11564
310.34651	70.19888
310.34801	60.9018
310.34951	69.44241
310.351	74.60382
310.3525	61.62191
310.35399	47.1315
310.35549	52.71298
310.35701	44.08717
310.35851	34.36084
310.36	41.89064
310.3615	18.17802
310.36299	0.07567
310.36449	-24.29915
310.36602	-5.25751
310.36751	-18.28008
310.36901	-17.59362
310.3705	0.55917
310.372	37.38078
310.37349	11.88832
310.37499	12.65872
310.37651	15.34673
310.37801	13.9704
310.3795	21.36329
310.381	18.29149
310.38249	27.13361
310.38399	39.91772
310.38549	25.87543
310.38701	24.42693
310.38851	51.2713
310.39	56.35194
310.3915	35.57701
310.39299	50.86575
310.39449	23.29396
310.39601	8.69051
310.39751	-11.79099
310.399	1.24298
310.4005	6.77113
310.402	26.42756
310.40349	55.10962
310.40499	78.47016
310.40651	53.80529
310.40801	48.05767
310.4095	58.33659
310.411	45.16274
310.41249	49.49567
310.41399	69.46314
310.41551	56.33822
310.41701	22.70232
310.41851	32.42834
310.42	28.22119
310.4215	16.97971
310.42299	26.46493
310.42449	53.0699
310.42601	51.63374
310.42751	45.70248
310.429	61.31534
310.4305	59.43514
310.43199	63.98749
310.43349	63.19398
310.43498	42.01486
310.43651	39.94395
310.43801	24.78271
310.4395	-12.7757
310.441	-30.8059
310.44249	-20.44489
310.44399	-28.70203
310.44551	-15.45016
310.44701	25.2863
310.4485	60.06684
310.45	80.74216
310.45149	122.95728
310.45299	127.8432
310.45449	119.98289
310.45601	63.03776
310.45751	35.35396
310.459	3.38439
310.4605	8.38784
310.46199	0.22321
310.46349	-4.0624
310.46501	26.70442
310.46651	35.25367
310.468	27.6686
310.4695	22.16028
310.471	61.64791
310.47249	55.34004
310.47399	23.62703
310.47551	34.10493
310.47701	28.56225
310.4785	7.40372
310.48	-9.68419
310.48149	-12.64653
310.48299	-38.65533
310.48451	-32.28952
310.48601	-34.90589
310.48751	10.23228
310.489	36.22379
310.4905	51.43969
310.49199	41.44361
310.49349	59.07745
310.49501	23.72753
310.49651	5.75251
310.498	-0.09756
310.4995	13.15973
310.50099	26.14705
310.50249	19.20793
310.50399	43.55327
310.50551	47.11126
310.50701	32.45246
310.5085	2.89619
310.51	2.41388
310.51149	-20.22037
310.51299	-8.03948
310.51451	14.59239
310.51601	-1.07311
310.5175	-17.06927
310.519	-4.50529
310.5205	-16.88989
310.52199	-68.05431
310.52349	-63.68514
310.52501	-46.84507
310.52651	-41.75773
310.528	-34.95121
310.5295	16.67791
310.53099	38.93418
310.53249	32.19691
310.53401	44.11623
310.53551	48.22906
310.53701	15.84916
310.5385	22.80054
310.54	43.36389
310.54149	39.56426
310.54299	23.31951
310.54451	65.64054
310.54601	40.91415
310.5475	1.00246
310.549	-2.57892
310.55049	-6.05579
310.55199	-20.9062
310.55352	1.11298
310.55501	53.4803
310.55651	40.15274
310.558	26.46686
310.5595	0.34861
310.56099	-20.17846
310.56249	-90.93135
310.56401	-94.47176
310.56551	-90.31957
310.567	-64.88302
310.5685	-39.02944
310.56999	-8.20584
310.57149	-13.32534
310.57299	-6.86315
310.57451	12.23971
310.57601	-16.95161
310.5775	-2.74025
310.579	0.96533
310.58049	-5.96512
310.58199	-22.93774
310.58351	0.36575
310.58501	10.35988
310.5865	32.44898
310.588	45.38598
310.5895	41.65823
310.59099	36.12972
310.59249	43.16053
310.59401	31.86219
310.59551	34.15556
310.597	52.56356
310.5985	47.17933
310.59999	1.2173
310.60149	-2.60583
310.60301	-16.88252
310.60451	-47.99145
310.60601	-51.59319
310.6075	-24.98993
310.609	-26.47651
310.61049	-14.45835
310.61199	-10.19555
310.61351	7.42343
310.61501	22.0983
310.6165	23.80864
310.618	34.78032
310.61949	26.7298
310.62099	3.23591
310.62248	-6.31349
310.62401	-20.27407
310.62551	-34.67201
310.627	-9.5283
310.6285	18.31916
310.62999	-4.06166
310.63149	18.62888
310.63301	27.3212
310.63451	19.26765
310.636	6.22164
310.6375	17.13008
310.63899	17.10713
310.64049	30.34806
310.64199	24.97497
310.64351	12.33934
310.64501	30.63477
310.6465	55.63393
310.648	39.93934
310.64949	68.33425
310.65099	127.35087
310.65251	156.96492
310.65401	175.92445
310.6555	236.50303
310.657	277.67109
310.6585	270.44066
310.65999	272.54951
310.66149	254.57994
310.66301	224.34483
310.66451	181.12863
310.666	162.12681
310.6675	147.81025
310.66899	152.62074
310.67049	116.85317
310.67201	127.15299
310.67351	119.6179
310.67501	123.46161
310.6765	112.17357
310.678	157.06316
310.67949	137.70031
310.68099	147.87595
310.68251	109.85211
310.68401	68.55852
310.6855	30.5821
310.687	23.81671
310.68849	29.56611
310.68999	33.33336
310.69149	71.09426
310.69301	101.72919
310.69451	94.19302
310.696	67.7957
310.6975	75.32416
310.69899	73.77263
310.70049	35.60727
310.70201	38.51048
310.70351	39.81596
310.705	35.60401
310.7065	-19.38936
310.708	1.39911
310.70949	3.2461
310.71099	2.19494
310.71251	7.8438
310.71401	44.24035
310.7155	32.18087
310.717	29.74937
310.71849	54.80326
310.71999	46.58677
310.72151	29.43503
310.72301	33.27435
310.72451	42.09057
310.726	-0.49342
310.7275	-7.36286
310.72899	-28.53397
310.73049	-25.40437
310.73201	-31.80037
310.73351	-19.49489
310.735	0.17917
310.7365	38.85118
310.73799	29.33518
310.73949	36.59296
310.74102	30.10757
310.74251	27.3529
310.74401	20.38509
310.7455	15.72822
310.747	1.84877
310.74849	3.42347
310.74999	0.03847
310.75151	-2.45739
310.75301	22.33486
310.7545	24.56141
310.756	40.04095
310.75749	53.67795
310.75899	66.53885
310.76049	64.58623
310.76201	68.66588
310.76351	51.29026
310.765	38.88278
310.7665	17.32173
310.76799	0.45932
310.76949	15.56768
310.77101	12.63105
310.77251	-2.42817
310.774	13.10334
310.7755	6.98058
310.777	-6.47553
310.77849	19.01668
310.77999	22.34267
310.78151	30.88051
310.78301	34.93701
310.7845	29.84432
310.786	25.09635
310.78749	45.98751
310.78899	31.91252
310.79051	34.57806
310.79201	35.65306
310.79351	34.80693
310.795	20.42649
310.7965	17.89472
310.79799	39.13026
310.79949	26.65097
310.80101	28.70038
310.80251	11.68765
310.804	5.7478
310.8055	-35.43616
310.80699	-38.7193
310.80849	-46.38394
310.80998	-46.84135
310.81151	-40.36474
310.81301	-28.80365
310.8145	-30.41506
310.816	-52.92695
310.81749	-30.70523
310.81899	-10.97597
310.82051	5.11656
310.82201	4.92746
310.8235	23.44962
310.825	6.29398
310.82649	-23.6933
310.82799	-31.42044
310.82949	1.80974
310.83101	-5.66672
310.83251	10.73715
310.834	23.01303
310.8355	5.54298
310.83699	0.43829
310.83849	13.22097
310.84001	10.57096
310.84151	27.28884
310.843	53.43675
310.8445	41.47174
310.846	5.2265
310.84749	3.29535
310.84899	-34.2106
310.85051	-41.09195
310.85201	-25.45517
310.8535	18.1518
310.855	18.07898
310.85649	46.89968
310.85799	23.81712
310.85951	-14.38024
310.86101	-37.66543
310.86251	-25.26396
310.864	-24.13357
310.8655	2.39009
310.86699	5.70952
310.86849	-8.39115
310.87001	-39.82617
310.87151	-67.49115
310.873	-64.95727
310.8745	-63.77033
310.87599	-47.18065
310.87749	-32.4573
310.87899	-27.12204
310.88051	-34.457
310.88201	-31.07335
310.8835	-29.72975
310.885	-33.49066
310.88649	-26.57547
310.88799	-41.88333
310.88951	-39.13821
310.89101	-40.82126
310.8925	-46.16008
310.894	-57.86386
310.8955	-64.56628
310.89699	-67.94967
310.89849	-77.29786
310.90001	-73.76436
310.90151	-67.51552
310.903	-44.65527
310.9045	-15.17112
310.90599	-0.38499
310.90749	6.02278
310.90901	-13.27501
310.91051	-15.69004
310.91201	-35.28925
310.9135	-38.95979
310.915	-29.21645
310.91649	11.83897
310.91799	14.50753
310.91951	1.19742
310.92101	7.51818
310.9225	11.23527
310.924	0.39633
310.92549	3.65161
310.92699	31.4752
310.92852	20.63829
310.93001	-3.08851
310.93151	40.18259
310.933	51.68622
310.9345	51.04323
310.93599	92.43287
310.93749	92.6528
310.93901	51.70158
310.94051	53.35295
310.942	51.8801
310.9435	33.04697
310.94499	46.17258
310.94649	32.91204
310.94799	4.69379
310.94951	-10.33374
310.95101	-37.33481
310.9525	-39.854
310.954	-34.59563
310.95549	-28.71599
310.95699	-23.40729
310.95851	-23.00842
310.96001	-19.10416
310.9615	-5.31573
310.963	-10.8659
310.9645	6.60278
310.96599	34.78486
310.96749	15.38292
310.96901	29.75509
310.97051	29.18791
310.972	15.07721
310.9735	7.45443
310.97499	27.62777
310.97649	-13.32814
310.97801	-9.8231
310.97951	-2.2706
310.98101	-2.39051
310.9825	-7.87501
310.984	3.81745
310.98549	-18.27655
310.98699	-38.07801
310.98851	-58.63372
310.99001	-55.75422
310.9915	-58.73093
310.993	-23.92783
310.99449	-18.24086
310.99599	-38.13846
310.99748	-51.9176
310.99901	-60.72218
311.00051	-64.37911
311.002	-67.37339
311.0035	-41.53122
311.00499	-31.77776
311.00649	-10.05426
311.00801	-2.03684
311.00951	17.1036
311.011	36.95003
311.0125	37.94273
311.01399	52.18011
311.01549	29.33852
311.01699	21.9499
311.01851	25.44757
311.02001	25.72072
311.0215	34.29943
311.023	58.4933
311.02449	47.69569
311.02599	34.91957
311.02751	10.62685
311.02901	-7.21836
311.0305	-12.44013
311.032	-11.01379
311.0335	3.25342
311.03499	26.6985
311.03649	11.9655
311.03801	18.11853
311.03951	37.04983
311.041	20.2033
311.0425	52.74092
311.04399	60.68721
311.04549	61.9753
311.04701	61.26808
311.04851	70.77585
311.05001	71.18553
311.0515	58.15244
311.053	49.99016
311.05449	32.05954
311.05599	31.96507
311.05751	2.09065
311.05901	16.14125
311.0605	29.37126
311.062	57.42223
311.06349	81.58564
311.06499	86.82083
311.06649	80.707
311.06801	71.73488
311.06951	63.94799
311.071	37.00737
311.0725	34.10846
311.07399	42.08428
311.07549	32.12384
311.07701	5.74807
311.07851	8.15136
311.08	17.65278
311.0815	16.93361
311.083	29.20984
311.08449	53.44086
311.08599	53.11216
311.08751	43.17819
311.08901	40.05222
311.0905	16.94476
311.092	1.43086
311.09349	-17.96742
311.09499	-14.55076
311.09651	-16.38361
311.09801	-13.46172
311.09951	-8.09975
311.101	-19.48963
311.1025	-19.79728
311.10399	-25.30415
311.10549	4.9088
311.10701	22.35818
311.10851	53.08509
311.11	67.06689
311.1115	88.9774
311.11299	83.15358
311.11449	88.41253
311.11602	91.94013
311.11751	103.33179
311.11901	127.45533
311.1205	158.14998
311.122	151.27431
311.12349	183.55089
311.12499	196.42946
311.12651	193.37523
311.12801	196.43481
311.1295	226.3898
311.131	239.17102
311.13249	216.33456
311.13399	241.63867
311.13549	235.5026
311.13701	242.13053
311.13851	251.39524
311.14	298.77211
311.1415	308.18023
311.14299	327.56354
311.14449	348.74329
311.14601	361.20585
311.14751	342.15166
311.149	343.25104
311.1505	326.97913
311.152	289.7103
311.15349	257.43291
311.15499	245.75768
311.15651	233.35232
311.15801	220.66317
311.1595	231.24424
311.161	255.28668
311.16249	259.9344
311.16399	247.82977
311.16551	252.85947
311.16701	219.12242
311.16851	165.5654
311.17	143.35052
311.1715	105.48238
311.17299	65.08942
311.17449	74.57917
311.17601	74.13422
311.17751	55.79824
311.179	51.72169
311.1805	63.73
311.18199	36.1061
311.18349	26.34283
311.18498	23.87262
311.18651	47.57976
311.18801	26.85589
311.1895	24.63125
311.191	32.4984
311.19249	44.68113
311.19399	6.49916
311.19551	14.87373
311.19701	9.44424
311.1985	-4.38065
311.2	-3.90143
311.20149	4.8543
311.20299	-12.55492
311.20449	-7.18123
311.20601	-9.76476
311.20751	-15.20128
311.209	-32.24004
311.2105	-12.77327
311.21199	-17.11755
311.21349	-37.07794
311.21501	-32.60712
311.21651	-19.68695
311.218	-15.08699
311.2195	7.30566
311.221	50.67252
311.22249	47.73576
311.22399	48.34559
311.22551	48.10287
311.22701	37.03218
311.2285	28.28771
311.23	12.16941
311.23149	14.1727
311.23299	5.92422
311.23451	9.45236
311.23601	-6.86423
311.23751	27.5765
311.239	32.6607
311.2405	44.59616
311.24199	50.89529
311.24349	82.61796
311.24501	58.84927
311.24651	90.81481
311.248	89.60105
311.2495	87.52343
311.25099	67.31593
311.25249	81.71564
311.25399	56.25672
311.25551	38.61727
311.25701	17.0435
311.2585	3.8982
311.26	-15.46398
311.26149	-10.80307
311.26299	16.33748
311.26451	42.71859
311.26601	73.3329
311.2675	90.08294
311.269	89.12022
311.2705	69.81638
311.27199	70.90353
311.27349	54.9151
311.27501	37.46698
311.27651	31.33714
311.278	37.13804
311.2795	23.27893
311.28099	7.65546
311.28249	43.94662
311.28401	19.61844
311.28551	31.83265
311.28701	38.82806
311.2885	49.43384
311.29	29.8468
311.29149	54.50565
311.29299	40.02738
311.29451	31.74732
311.29601	19.73745
311.2975	26.25681
311.299	35.32304
311.30049	44.66312
311.30199	41.87533
311.30352	48.13719
311.30501	31.8762
311.30651	21.96126
311.308	28.4552
311.3095	30.42807
311.31099	35.10387
311.31249	17.95982
311.31401	20.00242
311.31551	-10.23118
311.317	-6.10489
311.3185	-5.53695
311.31999	-12.54367
311.32149	6.3699
311.32299	42.90467
311.32451	50.59617
311.32601	52.21833
311.3275	63.32602
311.329	37.43136
311.33049	24.69891
311.33199	21.80188
311.33351	11.12607
311.33501	17.51767
311.3365	19.91362
311.338	1.40841
311.3395	-19.06677
311.34099	-29.4448
311.34249	-22.55095
311.34401	-28.27945
311.34551	-6.79683
311.347	27.01305
311.3485	49.07069
311.34999	50.74956
311.35149	52.41304
311.35301	41.93989
311.35451	28.86996
311.35601	30.65453
311.3575	27.64972
311.359	40.23108
311.36049	44.73442
311.36199	20.40981
311.36351	28.09782
311.36501	38.5628
311.3665	40.28065
311.368	42.4919
311.36949	47.39594
311.37099	40.94101
311.37248	23.09354
311.37401	17.11796
311.37551	-13.94655
311.377	-21.91267
311.3785	-40.1292
311.37999	-39.16824
311.38149	-69.22489
311.38301	-52.88121
311.38451	-19.1611
311.386	7.01192
311.3875	26.19299
311.38899	61.52934
311.39049	74.92704
311.39199	61.52059
311.39351	38.88782
311.39501	8.40149
311.3965	-22.20556
311.398	-29.50374
311.39949	-28.03273
311.40099	-27.47665
311.40251	-6.13051
311.40401	1.14724
311.4055	17.61135
311.407	37.15372
311.4085	49.34374
311.40999	52.3579
311.41149	63.8811
311.41301	51.88457
311.41451	14.70044
311.416	-2.50923
311.4175	-14.52346
311.41899	-10.82922
311.42049	-39.8656
311.42201	-24.01749
311.42351	-7.60152
311.42501	-1.90537
311.4265	-10.32522
311.428	27.95816
311.42949	34.79683
311.43099	32.72872
311.43251	45.73243
311.43401	37.79142
311.4355	23.85475
311.437	-0.1441
311.43849	-9.56712
311.43999	-26.09968
311.44149	-27.35426
311.44301	-28.67325
311.44451	-19.80821
311.446	-14.46275
311.4475	-13.57708
311.44899	-0.38401
311.45049	-19.08127
311.45201	-9.65047
311.45351	8.42234
311.455	-8.58874
311.4565	-12.98153
311.458	-3.01559
311.45949	-8.66265
311.46099	-44.93305
311.46251	-24.7769
311.46401	-27.30688
311.4655	-14.44228
311.467	-44.92243
311.46849	-19.78464
311.46999	-29.42682
311.47151	-14.08414
311.47301	-4.69248
311.47451	25.29282
311.476	31.39149
311.4775	36.67384
311.47899	22.4212
311.48049	1.10207
311.48201	0.95109
311.48351	-16.08157
311.485	-12.34159
311.4865	8.52671
311.48799	28.94668
311.48949	32.1629
311.49102	35.41535
311.49251	52.9219
311.49401	44.33596
311.4955	48.10659
311.497	40.43929
311.49849	40.997
311.49999	34.24319
311.50151	30.85481
311.50301	18.5097
311.5045	19.80545
311.506	10.32433
311.50749	5.45888
311.50899	11.67075
311.51049	11.29444
311.51201	44.96554
311.51351	59.25133
311.515	70.21334
311.5165	88.29013
311.51799	100.73461
311.51949	75.2871
311.52101	83.26166
311.52251	88.78237
311.524	80.38663
311.5255	98.464
311.527	103.47345
311.52849	123.63586
311.52999	156.53591
311.53151	165.72034
311.53301	176.99124
311.5345	207.0364
311.536	220.55752
311.53749	225.48941
311.53899	248.1939
311.54051	251.07887
311.54201	254.29172
311.54351	276.75095
311.545	275.90728
311.5465	295.40433
311.54799	306.61195
311.54949	330.57523
311.55101	318.81395
311.55251	326.19013
311.554	338.79516
311.5555	326.80105
311.55699	338.73329
311.55849	341.11899
311.55998	311.62007
311.56151	244.96705
311.56301	252.53971
311.5645	221.08776
311.566	217.07183
311.56749	220.8249
311.56899	247.43468
311.57051	210.40578
311.57201	197.25725
311.5735	178.77263
311.575	173.01337
311.57649	168.38426
311.57799	183.50769
311.57949	176.77253
311.58101	175.2795
311.58251	144.80913
311.584	125.86149
311.5855	101.56539
311.58699	102.01579
311.58849	79.13126
311.59001	90.40671
311.59151	92.49869
311.593	90.5649
311.5945	93.6123
311.596	107.07782
311.59749	97.89525
311.59899	86.5888
311.60051	90.09315
311.60201	86.26834
311.6035	78.65805
311.605	57.79066
311.60649	49.90537
311.60799	49.95595
311.60951	28.79334
311.61101	12.0095
311.61251	32.17428
311.614	22.98292
311.6155	19.56406
311.61699	10.44786
311.61849	10.12505
311.62001	-4.48202
311.62151	11.05772
311.623	14.6256
311.6245	20.40421
311.62599	18.85161
311.62749	44.08642
311.62899	25.6994
311.63051	-0.80568
311.63201	10.39827
311.6335	6.46488
311.635	1.03977
311.63649	6.80965
311.63799	17.66394
311.63951	27.45809
311.64101	33.16639
311.6425	8.80955
311.644	19.07468
311.6455	13.5669
311.64699	-21.21274
311.64849	-16.99053
311.65001	-9.91025
311.65151	-1.54361
311.653	11.93458
311.6545	27.39502
311.65599	26.86739
311.65749	44.01348
311.65901	41.99585
311.66051	54.01737
311.66201	62.92801
311.6635	59.97029
311.665	40.30261
311.66649	31.20911
311.66799	1.85544
311.66951	-9.96008
311.67101	-0.87141
311.6725	0.68636
311.674	7.12503
311.67549	24.17615
311.67699	29.50973
311.67852	42.93312
311.68001	46.60107
311.68151	46.77858
311.683	59.59934
311.6845	42.28463
311.68599	20.68062
311.68749	13.46429
311.68901	1.41472
311.69051	2.9685
311.692	8.05404
311.6935	9.43047
311.69499	-0.14378
311.69649	5.79823
311.69799	-2.60282
311.69951	4.26381
311.70101	-0.77835
311.7025	24.66919
311.704	35.69377
311.70549	26.18135
311.70699	15.00476
311.70851	19.09069
311.71001	15.93959
311.7115	4.70543
311.713	2.95652
311.7145	-3.83975
311.71599	-4.39622
311.71749	-5.5167
311.71901	-13.82941
311.72051	-11.65395
311.722	12.36089
311.7235	-1.75501
311.72499	-5.69961
311.72649	-0.56453
311.72801	11.63047
311.72951	-5.46843
311.73101	-1.57388
311.7325	-6.21883
311.734	-16.30476
311.73549	-36.93778
311.73699	-24.90508
311.73851	-25.63254
311.74001	-28.86591
311.7415	-1.90362
311.743	19.2504
311.74449	8.95746
311.74599	8.07462
311.74748	-9.7778
311.74901	-19.95663
311.75051	-47.42555
311.752	-39.02074
311.7535	-32.77932
311.75499	-2.7804
311.75649	-16.13746
311.75801	-15.63493
311.75951	-36.77436
311.761	-22.32515
311.7625	-19.02866
311.76399	-1.69817
311.76549	7.08359
311.76699	36.15754
311.76851	31.20859
311.77001	13.54441
311.7715	3.03795
311.773	-8.08806
311.77449	-22.15605
311.77599	-20.33815
311.77751	-24.96209
311.77901	-14.87383
311.7805	12.2967
311.782	38.44257
311.7835	41.92798
311.78499	54.62561
311.78649	62.47573
311.78801	52.44257
311.78951	49.10905
311.791	26.93198
311.7925	41.63054
311.79399	20.35924
311.79549	30.17713
311.79701	18.79742
311.79851	34.96917
311.80001	24.47471
311.8015	34.69548
311.803	31.62689
311.80449	16.53738
311.80599	11.84741
311.80751	14.31351
311.80901	17.81432
311.8105	26.09634
311.812	17.40207
311.81349	11.92562
311.81499	17.00196
311.81649	-0.45798
311.81801	-19.24975
311.81951	3.43411
311.821	-0.03307
311.8225	3.95595
311.82399	17.94777
311.82549	16.25508
311.82701	12.76841
311.82851	28.76407
311.83	24.19122
311.8315	13.2711
311.833	31.00782
311.83449	21.29684
311.83599	8.95675
311.83751	-16.61185
311.83901	-17.4079
311.8405	-26.88485
311.842	-20.29378
311.84349	-10.85941
311.84499	17.85055
311.84651	26.26271
311.84801	28.55866
311.84951	41.25901
311.851	48.2302
311.8525	34.25613
311.85399	32.25916
311.85549	44.5075
311.85701	39.90818
311.85851	25.27654
311.86	28.09642
311.8615	18.41941
311.86299	-0.09225
311.86449	-8.06398
311.86602	-0.80256
311.86751	2.07889
311.86901	20.94271
311.8705	29.96732
311.872	39.889
311.87349	39.6202
311.87499	33.33637
311.87651	23.36552
311.87801	14.57953
311.8795	15.84111
311.881	3.52695
311.88249	0.00468
311.88399	2.24541
311.88549	5.44702
311.88701	4.68594
311.88851	11.8666
311.89	25.6936
311.8915	26.92066
311.89299	15.39082
311.89449	3.39561
311.89601	-4.47568
311.89751	-17.88242
311.899	-11.22568
311.9005	-19.00786
311.902	-36.57246
311.90349	-23.27216
311.90499	-16.1933
311.90651	-37.45116
311.90801	-2.25726
311.9095	30.31276
311.911	48.62931
311.91249	61.59072
311.91399	79.60213
311.91551	63.51556
311.91701	55.26532
311.91851	10.89931
311.92	-15.85228
311.9215	-25.41808
311.92299	-27.68508
311.92449	-29.84113
311.92601	-10.80818
311.92751	-11.22751
311.929	2.42166
311.9305	-1.44619
311.93199	5.50241
311.93349	-4.89603
311.93498	9.70759
311.93651	-0.5299
311.93801	-1.66418
311.9395	-21.05885
311.941	-8.28451
311.94249	-27.86909
311.94399	-26.83715
311.94551	-21.85259
311.94701	-1.27382
311.9485	6.18989
311.95	26.97287
311.95149	46.31215
311.95299	61.49013
311.95449	62.42905
311.95601	53.13877
311.95751	52.05465
311.959	21.85948
311.9605	5.75291
311.96199	4.75476
311.96349	1.20237
311.96501	-17.43314
311.96651	-3.00272
311.968	-14.51048
311.9695	-23.47954
311.971	-13.44007
311.97249	10.42796
311.97399	15.51653
311.97551	30.00383
311.97701	21.68621
311.9785	21.18054
311.98	4.83598
311.98149	-6.48604
311.98299	-7.74517
311.98451	-9.2041
311.98601	-2.83374
311.98751	2.80962
311.989	-8.3655
311.9905	-4.96616
311.99199	29.44775
311.99349	19.74009
311.99501	24.8331
311.99651	36.96518
311.998	34.13856
311.9995	-4.58407
312.00099	-7.73116
312.00249	-19.86607
312.00399	-20.77124
312.00551	-32.68896
312.00701	-9.28862
312.0085	-27.12847
312.01	-29.03196
312.01149	-32.13499
312.01299	-22.68216
312.01451	-27.08676
312.01601	-15.62972
312.0175	-3.43074
312.019	-1.75909
312.0205	-6.78934
312.02199	-5.5512
312.02349	-16.04192
312.02501	-38.51746
312.02651	-40.84246
312.028	-38.52352
312.0295	-50.64547
312.03099	-36.1236
312.03249	-16.88668
312.03401	-25.29927
312.03551	-11.76104
312.03701	4.54732
312.0385	15.55974
312.04	4.83271
312.04149	17.37079
312.04299	-10.85279
312.04451	-14.0736
312.04601	-26.7213
312.0475	-23.38317
312.049	-28.49594
312.05049	-14.94071
312.05199	-32.88656
312.05352	-34.16289
312.05501	-30.04004
312.0555	17.01555
312.05699	16.58497
312.05849	23.17434
312.05998	46.10346
312.06151	57.90811
312.06301	53.14592
312.0645	54.61214
312.066	49.00334
312.06749	27.4372
312.06899	28.4294
312.07051	28.61155
312.07201	18.42103
312.0735	17.12701
312.075	38.92806
312.07649	28.9443
312.07799	24.32898
312.07949	40.84712
312.08101	45.46383
312.08251	20.8263
312.084	16.51323
312.0855	16.7806
312.08699	13.80093
312.08849	5.23878
312.09001	18.01434
312.09151	9.64443
312.093	6.22335
312.0945	5.10498
312.096	10.07375
312.09749	3.83857
312.09899	18.01832
312.10051	27.69602
312.10201	30.89159
312.1035	28.62369
312.105	32.25566
312.10649	27.54103
312.10799	16.59153
312.10951	15.62866
312.11101	17.48707
312.11251	27.20857
312.114	24.06133
312.1155	32.00282
312.11699	30.40284
312.11849	43.16013
312.12001	33.69462
312.12151	42.39537
312.123	31.93445
312.1245	28.67642
312.12599	12.06259
312.12749	14.4252
312.12899	20.44597
312.13051	33.79144
312.13201	26.11533
312.1335	32.53947
312.135	39.89331
312.13649	40.85599
312.13799	48.45913
312.13951	62.3374
312.14101	66.91513
312.1425	60.1072
312.144	54.28969
312.1455	55.29625
312.14699	54.30255
312.14849	50.31681
312.15001	47.85278
312.15151	44.3063
312.153	26.30229
312.1545	22.02681
312.15599	42.17309
312.15749	55.12359
312.15901	62.39165
312.16051	84.79444
312.16201	102.81319
312.1635	95.98542
312.165	78.28676
312.16649	67.79388
312.16799	56.51736
312.16951	56.9885
312.17101	36.90945
312.1725	38.11071
312.174	30.95296
312.17549	20.35648
312.17699	6.07767
312.17852	10.64672
312.18001	5.12216
312.18151	13.33198
312.183	17.68281
312.1845	14.07238
312.18599	13.40484
312.18749	16.80909
312.18901	30.29673
312.19051	32.59273
312.192	35.44144
312.1935	33.55796
312.19499	24.24836
312.19649	13.46994
312.19799	13.61101
312.19951	11.24754
312.20101	11.2241
312.2025	29.64929
312.204	21.25311
312.20549	24.52683
312.20699	39.49822
312.20851	41.18913
312.21001	34.38376
312.2115	43.06134
312.213	47.90187
312.2145	24.81216
312.21599	35.57207
312.21749	50.39207
312.21901	76.77608
312.22051	94.28236
312.222	114.48077
312.2235	99.58463
312.22499	85.46126
312.22649	57.30353
312.22801	19.53759
312.22951	5.60207
312.23101	11.03111
312.2325	19.32813
312.234	19.14811
312.23549	29.91664
312.23699	40.66086
312.23851	33.22099
312.24001	17.1469
312.2415	23.11073
312.243	27.66191
312.24449	29.02304
312.24599	36.07678
312.24748	33.75982
312.24901	19.1475
312.25051	12.35041
312.252	-3.0377
312.2535	-14.85552
312.25499	-14.58616
312.25649	-5.35898
312.25801	-4.22864
312.25951	-8.91484
312.261	2.92322
312.2625	23.50877
312.26399	27.80404
312.26549	20.86403
312.26699	21.30322
312.26851	20.39651
312.27001	8.4713
312.2715	2.4721
312.273	5.73397
312.27449	9.28136
312.27599	11.80546
312.27751	8.52032
312.27901	8.03681
312.2805	-3.83922
312.282	-0.82287
312.2835	-2.65798
312.28499	3.39285
312.28649	3.91634
312.28801	14.41125
312.28951	14.67598
312.291	15.62265
312.2925	11.73536
312.29399	16.46026
312.29549	23.02874
312.29701	15.6229
312.29851	23.58162
312.30001	20.17056
312.3015	3.60754
312.303	8.8188
312.30449	4.88256
312.30599	3.80065
312.30751	19.40498
312.30901	14.50632
312.3105	8.39909
312.312	23.30443
312.31349	4.24415
312.31499	0.92113
312.31649	12.78903
312.31801	13.79003
312.31951	12.03717
312.321	28.68984
312.3225	25.75051
312.32399	24.51007
312.32549	34.44813
312.32701	27.44461
312.32851	37.73619
312.33	32.67723
312.3315	28.37456
312.333	15.79295
312.33449	23.12358
312.33599	17.97634
312.33751	16.84044
312.33901	37.82064
312.3405	37.83152
312.342	34.08115
312.34349	38.27773
312.34499	43.80705
312.34651	38.77372
312.34801	38.27761
312.34951	37.38803
312.351	36.8797
312.3525	32.91366
312.35399	30.89476
312.35549	38.32056
312.35701	43.47734
312.35851	37.35969
312.36	28.17125
312.3615	20.92073
312.36299	10.6148
312.36449	25.05745
312.36602	14.97911
312.36751	16.51248
312.36901	10.16817
312.3705	27.03149
312.372	16.71076
312.37349	24.61051
312.37499	45.91473
312.37651	45.05525
312.37801	42.51421
312.3795	38.72616
312.381	33.01451
312.38249	28.90528
312.38399	39.58945
312.38549	29.5304
312.38701	18.86748
312.38851	11.68814
312.39	2.0859
312.3915	-5.98341
312.39299	-6.22008
312.39449	10.23335
312.39601	22.04888
312.39751	21.43601
312.399	49.28778
312.4005	61.3503
312.402	51.40262
312.40349	44.57402
312.40499	39.0653
312.40651	17.73083
312.40801	7.40018
312.4095	11.16658
312.411	3.79586
312.41249	13.91656
312.41399	15.07185
312.41551	17.06102
312.41701	21.35572
312.41851	34.11462
312.42	32.45478
312.4215	27.35222
312.42299	24.14333
312.42449	19.93583
312.42601	20.87567
312.42751	13.89995
312.429	15.08589
312.4305	20.11194
312.43199	25.19867
312.43349	4.71031
312.43498	14.43059
312.43651	23.01742
312.43801	27.06631
312.4395	30.35392
312.441	40.74711
312.44249	38.85849
312.44399	30.40006
312.44551	16.35943
312.44701	0.88801
312.4485	1.33767
312.45	10.23174
312.45149	15.94412
312.45299	28.1851
312.45449	33.19947
312.45601	43.7698
312.45751	53.13104
312.459	52.61166
312.4605	46.71954
312.46199	46.64098
312.46349	43.94725
312.46501	20.62103
312.46651	6.31074
312.468	0.50724
312.4695	-11.5337
312.471	-17.30023
312.47249	0.14558
312.47399	14.38896
312.47551	21.40668
312.47701	33.5922
312.4785	31.10655
312.48	33.12669
312.48149	31.66053
312.48299	25.5502
312.48451	14.29806
312.48601	25.52244
312.48751	17.46206
312.489	8.15187
312.4905	10.79667
312.49199	15.22324
312.49349	11.88312
312.49501	-9.13291
312.49651	-3.84816
312.498	-9.91309
312.4995	-3.07231
312.50099	3.78364
312.50249	18.56304
312.50399	19.98916
312.50551	22.91827
312.50701	21.71349
312.5085	12.70128
312.51	14.32476
312.51149	9.16865
312.51299	15.69018
312.51451	16.66837
312.51601	19.03585
312.5175	19.05723
312.519	24.03409
312.5205	36.55196
312.52199	39.10892
312.52349	39.36919
312.52501	28.6208
312.52651	28.52595
312.528	21.5741
312.5295	30.87444
312.53099	24.99685
312.53249	28.26875
312.53401	22.81081
312.53551	13.37822
312.53701	-4.1805
312.5385	1.1172
312.54	-3.96366
312.54149	12.58434
312.54299	11.31014
312.54451	19.66991
312.54601	13.25831
312.5475	17.58019
312.549	11.09591
312.55049	7.81297
312.55199	1.82579
312.55352	12.58455
312.55501	21.52173
312.55651	13.38474
312.558	26.71099
312.5595	36.59834
312.56099	30.01753
312.56249	22.79157
312.56401	11.0759
312.56551	8.21415
312.567	-10.72867
312.5685	-12.12159
312.56999	-4.01261
312.57149	24.23088
312.57299	21.99442
312.57451	48.26974
312.57601	62.42523
312.5775	64.96805
312.579	62.14564
312.58049	59.11898
312.58199	52.06094
312.58351	36.91031
312.58501	40.21658
312.5865	35.18721
312.588	43.35083
312.5895	31.78726
312.59099	30.31296
312.59249	19.3729
312.59401	14.31245
312.59551	11.02624
312.597	5.46975
312.5985	7.94269
312.59999	4.53371
312.60149	13.32905
312.60301	8.03615
312.60451	25.59652
312.60601	25.58659
312.6075	22.22926
312.609	21.02423
312.61049	31.33293
312.61199	30.74319
312.61351	38.22937
312.61501	53.04943
312.6165	43.96577
312.618	35.83672
312.61949	32.71461
312.62099	40.01867
312.62248	32.4238
312.62401	48.52454
312.62551	54.24544
312.627	40.99491
312.6285	27.26102
312.62999	22.72393
312.63149	6.09445
312.63301	-2.82883
312.63451	0.37738
312.636	1.95909
312.6375	-1.23202
312.63899	9.59752
312.64049	-3.43212
312.64199	-5.19193
312.64351	2.11779
312.64501	4.21448
312.6465	-2.85337
312.648	4.18925
312.64949	21.92462
312.65099	19.43063
312.65251	32.88007
312.65401	28.13652
312.6555	34.95474
312.657	33.1624
312.6585	23.2958
312.65999	27.01661
312.66149	41.01641
312.66301	47.76087
312.66451	43.82679
312.666	45.03746
312.6675	28.60332
312.66899	18.87375
312.67049	16.68255
312.67201	19.66795
312.67351	17.20629
312.67501	15.94379
312.6765	10.57407
312.678	8.41083
312.67949	1.24537
312.68099	12.20353
312.68251	15.47489
312.68401	13.2727
312.6855	14.56915
312.687	15.7734
312.68849	4.44586
312.68999	5.58263
312.69149	4.68825
312.69301	-12.40222
312.69451	-12.89269
312.696	-18.17177
312.6975	-21.28081
312.69899	-18.37039
312.70049	2.99583
312.70201	4.63359
312.70351	17.50635
312.705	28.35015
312.7065	33.48262
312.708	21.43418
312.70949	20.80973
312.71099	16.84591
312.71251	8.08705
312.71401	22.20517
312.7155	19.83048
312.717	15.39337
312.71849	9.22718
312.71999	14.21322
312.72151	7.08241
312.72301	16.31581
312.72451	26.23823
312.726	34.67148
312.7275	35.35581
312.72899	29.40967
312.73049	33.16866
312.73201	20.62335
312.73351	3.60153
312.735	4.0032
312.7365	-0.62998
312.73799	-14.44728
312.73949	-11.62776
312.74102	-1.4887
312.74251	-16.95693
312.74401	-11.04546
312.7455	1.90528
312.747	7.65388
312.74849	5.68507
312.74999	19.15503
312.75151	22.89691
312.75301	13.22585
312.7545	14.88077
312.756	29.50007
312.75749	24.28203
312.75899	27.6493
312.76049	34.93259
312.76201	38.07057
312.76351	24.36026
312.765	32.91229
312.7665	28.91695
312.76799	25.72011
312.76949	19.99339
312.77101	23.05641
312.77251	34.68877
312.774	32.82304
312.7755	51.17046
312.777	48.19397
312.77849	61.25153
312.77999	45.78819
312.78151	30.65858
312.78301	11.81687
312.7845	23.4278
312.786	28.10379
312.78749	38.50802
312.78899	54.36309
312.79051	60.77231
312.79201	60.65648
312.79351	48.22341
312.795	48.53119
312.7965	45.22218
312.79799	52.7122
312.79949	43.55247
312.80101	48.18254
312.80251	49.50616
312.804	42.36674
312.8055	34.77681
312.80699	40.57004
312.80849	36.08268
312.80998	28.47105
312.81151	29.5392
312.81301	27.24524
312.8145	25.23171
312.816	29.1703
312.81749	23.50261
312.81899	16.11832
312.82051	1.23193
312.82201	-6.13234
312.8235	-6.45013
312.825	-10.18604
312.82649	5.97588
312.82799	26.4637
312.82949	30.07201
312.83101	27.76872
312.83251	34.26344
312.834	29.69458
312.8355	13.1275
312.83699	10.90946
312.83849	6.731
312.85149	22.96764
312.85301	22.48744
312.85451	20.69205
312.85601	13.94935
312.8575	7.57663
312.859	10.9711
312.86049	1.92031
312.86199	-5.24701
312.86351	-15.11127
312.86501	-20.10925
312.8665	-25.71893
312.868	-19.81869
312.86949	-5.41043
312.87099	4.9433
312.87248	13.76807
312.87401	10.63811
312.87551	18.87646
312.877	15.99796
312.8785	23.35747
312.87999	17.79774
312.88149	25.95177
312.88301	16.69219
312.88451	10.45441
312.886	3.45636
312.8875	7.87685
312.88899	3.0453
312.89049	7.77178
312.89199	6.53923
312.89351	10.79242
312.89501	1.29498
312.8965	-1.43648
312.898	-10.1924
312.89949	-17.51218
312.90099	-11.70826
312.90251	-10.90582
312.90401	-11.22011
312.9055	-8.60745
312.907	-4.73153
312.9085	-15.43325
312.90999	-14.99217
312.91149	-13.44908
312.91301	-11.81491
312.91451	2.83652
312.916	19.46674
312.9175	39.0469
312.91899	62.39572
312.92049	68.29081
312.92201	70.2188
312.92351	56.81784
312.92501	51.90004
312.9265	43.86619
312.928	52.0942
312.92949	49.29581
312.93099	42.10051
312.93251	35.72531
312.93401	26.9535
312.9355	7.87688
312.937	-0.51058
312.93849	10.48262
312.93999	-0.47239
312.94149	-7.17886
312.94301	-2.51571
312.94451	-9.12004
312.946	-11.15438
312.9475	-8.01029
312.94899	-0.37925
312.95049	2.65109
312.95201	12.346
312.95351	18.4008
312.955	25.17665
312.9565	25.22171
312.958	26.81237
312.95949	25.20385
312.96099	24.23795
312.96251	21.39097
312.96401	22.7342
312.9655	22.92428
312.967	30.39292
312.96849	22.13891
312.96999	25.37574
312.97151	18.86824
312.97301	17.1057
312.97451	-0.72914
312.976	-6.71929
312.9775	-20.81534
312.97899	-19.73996
312.98049	-21.42476
312.98201	-14.79166
312.98351	-3.87919
312.985	7.5873
312.9865	3.30144
312.98799	2.192
312.98949	-2.73505
312.99102	-2.23991
312.99251	-0.01774
312.99401	13.05784
312.9955	10.77174
312.997	19.17748
312.99849	24.83922
312.99999	19.84157
313.00151	3.98929
313.00301	13.69515
313.0045	4.96539
313.006	-10.21486
313.00749	-8.30574
313.00899	-0.73285
313.01049	-6.41547
313.01201	6.08086
313.01351	15.59648
313.015	25.50109
313.0165	29.49556
313.01799	31.91702
313.01949	32.40935
313.02101	33.59697
313.02251	35.69779
313.024	32.13099
313.0255	37.99728
313.027	43.331
313.02849	46.02133
313.02999	38.37548
313.03151	42.67848
313.03301	46.35328
313.0345	31.56654
313.036	26.73922
313.03749	18.91288
313.03899	19.17703
313.04051	7.74744
313.04201	10.58205
313.04351	16.91013
313.045	19.95982
313.0465	19.39539
313.04799	26.87872
313.04949	34.26836
313.05101	21.75686
313.05251	25.44191
313.054	21.91791
313.0555	13.30364
313.05699	-3.40842
313.05849	-3.58039
313.05998	-6.25461
313.06151	-1.21043
313.06301	9.01677
313.0645	16.25246
313.066	22.70009
313.06749	20.49382
313.06899	17.78634
313.07051	9.62279
313.07201	19.69207
313.0735	24.65621
313.075	25.43168
313.07649	24.33698
313.07799	27.99366
313.07949	20.9128
313.08101	18.79112
313.08251	20.96411
313.084	15.67873
313.0855	9.36011
313.08699	14.42068
313.08849	11.17937
313.09001	5.86377
313.09151	8.5769
313.093	12.5391
313.0945	6.46452
313.096	17.80542
313.09749	24.01449
313.09899	22.9827
313.10051	20.82999
313.10201	29.71261
313.1035	12.65414
313.105	7.56852
313.10649	7.89125
313.10799	-0.99977
313.10951	-3.33171
313.11101	5.04573
313.11251	20.60271
313.114	29.40147
313.1155	44.2534
313.11699	39.85513
313.11849	48.1793
313.12001	46.50423
313.12151	33.43352
313.123	29.10903
313.1245	32.29558
313.12599	20.773
313.12749	18.49282
313.12899	32.58266
313.13051	28.27592
313.13201	24.52357
313.1335	23.59215
313.135	15.70649
313.13649	12.76505
313.13799	19.30358
313.13951	21.99349
313.14101	29.46888
313.1425	32.69187
313.144	34.85635
313.1455	41.69534
313.14699	48.2993
313.14849	34.51707
313.15001	39.8125
313.15151	32.65293
313.153	28.25549
313.1545	30.55215
313.15599	43.96174
313.15749	32.23244
313.15901	29.1654
313.16051	13.57902
313.16201	-3.25399
313.1635	-6.07877
313.165	1.68947
313.16649	10.42997
313.16799	18.0852
313.16951	20.95177
313.17101	20.15616
313.1725	18.12586
313.174	11.80456
313.17549	8.99977
313.17699	11.07349
313.17852	9.51987
313.18001	5.3372
313.18151	8.30185
313.183	8.78359
313.1845	8.60945
313.18599	8.78262
313.18749	7.66655
313.18901	10.11536
313.19051	14.63708
313.192	5.64174
313.1935	-5.66848
313.19499	-7.33506
313.19649	-14.40073
313.19799	-21.13389
313.19951	-16.6939
313.20101	-15.21529
313.2025	-7.37098
313.204	-6.9296
313.20549	-1.21922
313.20699	4.65304
313.20851	22.06659
313.21001	18.96351
313.2115	19.10837
313.213	21.47686
313.2145	18.46102
313.21599	2.58934
313.21749	3.87083
313.21901	6.57793
313.22051	-1.8166
313.222	1.02956
313.2235	7.61665
313.22499	4.46541
313.22649	3.39055
313.22801	14.26437
313.22951	15.2465
313.23101	21.77037
313.2325	32.95082
313.234	31.77385
313.23549	27.6537
313.23699	35.44935
313.23851	36.45426
313.24001	21.79288
313.2415	16.57098
313.243	15.26447
313.24449	7.43142
313.24599	-4.43221
313.24748	0.78004
313.24901	7.244
313.25051	10.77622
313.252	12.66592
313.2535	18.20477
313.25499	24.71319
313.25649	30.59849
313.25801	31.46565
313.25951	33.74189
313.261	34.9415
313.2625	24.06989
313.26399	20.6123
313.26549	20.30219
313.26699	16.92777
313.26851	13.44784
313.27001	13.55774
313.2715	4.75443
313.273	2.51847
313.27449	2.8736
313.27599	-4.62274
313.27751	2.72829
313.27901	5.89132
313.2805	16.92837
313.282	20.9223
313.2835	41.24704
313.28499	47.97765
313.28649	44.66617
313.28801	33.81915
313.28951	33.69439
313.291	16.64786
313.2925	5.88641
313.29399	10.86396
313.29549	9.25448
313.29701	-1.53986
313.29851	5.38352
313.30001	3.31052
313.3015	4.64239
313.303	3.55613
313.30449	7.62357
313.30599	4.92005
313.30751	4.79715
313.30901	-9.67283
313.3105	-11.22228
313.312	-3.5891
313.31349	2.94653
313.31499	16.18612
313.31649	26.1368
313.31801	29.13694
313.31951	25.58845
313.321	19.60032
313.3225	14.32803
313.32399	11.55162
313.32549	10.79322
313.32701	11.56217
313.32851	12.34254
313.33	8.99336
313.3315	17.67767
313.333	22.11886
313.33449	22.8502
313.33599	22.30298
313.33751	21.80616
313.33901	24.34648
313.3405	26.79918
313.342	21.90404
313.34349	28.37299
313.34499	26.03758
313.34651	25.69251
313.34801	16.07697
313.34951	10.16139
313.351	1.4748
313.3525	-2.39251
313.35399	-9.77248
313.35549	6.77702
313.35701	17.37161
313.35851	15.29773
313.36	21.30789
313.3615	28.72652
313.36299	18.23545
313.36449	3.56938
313.36602	6.88363
313.36751	1.18524
313.36901	-0.77365
313.3705	0.42141
313.372	12.29643
313.37349	12.69346
313.37499	22.25928
313.37651	23.8105
313.37801	23.1959
313.3795	30.71895
313.381	43.89159
313.38249	36.22701
313.38399	35.3627
313.38549	35.34219
313.38701	28.81264
313.38851	20.00219
313.39	20.91938
313.3915	29.01121
313.39299	38.32274
313.39449	37.17864
313.39601	30.41312
313.39751	36.91853
313.399	23.33513
313.4005	7.38457
313.402	11.28699
313.40349	21.90246
313.40499	18.47009
313.40651	30.22258
313.40801	28.81696
313.4095	20.19451
313.411	21.83296
313.41249	23.94434
313.41399	13.17002
313.41551	11.61098
313.41701	16.13393
313.41851	5.37269
313.42	10.36261
313.4215	17.64374
313.42299	23.08589
313.42449	31.05615
313.42601	38.55112
313.42751	20.65504
313.429	18.13236
313.4305	18.89068
313.43199	14.84989
313.43349	20.32389
313.43498	38.6877
313.43651	38.08007
313.43801	34.50838
313.4395	29.19636
313.441	21.11318
313.44249	21.87916
313.44399	16.59248
313.44551	18.92179
313.44701	15.84063
313.4485	1.68195
313.45	-8.36218
313.45149	-3.57847
313.45299	-1.27648
313.45449	5.01624
313.45601	17.56027
313.45751	17.95397
313.459	15.59143
313.4605	18.25121
313.46199	19.99327
313.46349	22.59526
313.46501	21.12696
313.46651	20.30049
313.468	10.17968
313.4695	7.04795
313.471	8.97609
313.47249	10.60655
313.47399	8.62583
313.47551	8.04142
313.47701	9.80191
313.4785	2.58269
313.48	9.39608
313.48149	14.53965
313.48299	26.68173
313.48451	22.85901
313.48601	32.905
313.48751	24.51529
313.489	22.41614
313.4905	9.31606
313.49199	7.21543
313.49349	3.99907
313.49501	1.56983
313.49651	-1.51201
313.498	2.27325
313.4995	-3.22224
313.50099	-20.34752
313.50249	-20.91296
313.50399	-23.30847
313.50551	-23.31195
313.50701	-10.44648
313.5085	3.52209
313.51	5.464
313.51149	5.22007
313.51299	3.4788
313.51451	-0.46122
313.51601	3.78877
313.5175	10.35731
313.519	11.03443
313.5205	15.41999
313.52199	12.61309
313.52349	9.80317
313.52501	4.96773
313.52651	5.68003
313.528	-5.81879
313.5295	-12.72375
313.53099	-14.41758
313.53249	-9.08888
313.53401	-7.65569
313.53551	-4.61751
313.53701	9.49395
313.5385	4.36877
313.54	0.72811
313.54149	11.25591
313.54299	23.79423
313.54451	10.13624
313.54601	19.14209
313.5475	10.84982
313.549	10.32728
313.55049	9.11408
313.55199	16.7546
313.55352	16.21802
313.55501	19.16107
313.55651	8.30637
313.558	8.17697
313.5595	6.42508
313.56099	0.273
313.56249	10.37025
313.56401	17.29805
313.56551	30.42216
313.567	33.9485
313.5685	42.97928
313.56999	41.23916
313.57149	39.19637
313.57299	24.69914
313.57451	25.41168
313.57601	22.34946
313.5775	10.64147
313.579	4.95511
313.58049	3.54673
313.58199	1.18475
313.58351	-4.62539
313.58501	6.39521
313.5865	16.76439
313.588	13.1415
313.5895	21.18864
313.59099	32.67779
313.59249	33.20307
313.59401	26.44981
313.59551	35.37778
313.597	27.81832
313.5985	27.43836
313.59999	27.54165
313.60149	36.35833
313.60301	36.82717
313.60451	37.45548
313.60601	27.89219
313.6075	20.55685
313.609	25.54662
313.61049	13.91099
313.61199	14.16606
313.61351	20.38995
313.61501	35.68954
313.6165	22.60284
313.618	37.3615
313.61949	29.57194
313.62099	34.38062
313.62248	19.15127
313.62401	17.23939
313.62551	12.25285
313.627	22.16661
313.6285	12.42586
313.62999	23.37451
313.63149	25.38871
313.63301	22.90244
313.63451	22.83178
313.636	31.49883
313.6375	29.63698
313.63899	30.42792
313.64049	27.80032
313.64199	25.93356
313.64351	19.7439
313.64501	17.81963
313.6465	19.64039
313.648	25.56086
313.64949	26.51005
313.65099	20.93231
313.65251	20.90869
313.65401	27.46498
313.6555	35.03694
313.657	33.66371
313.6585	29.92305
313.65999	25.78598
313.66149	21.55799
313.66301	17.47774
313.66451	16.59174
313.666	19.48633
313.6675	21.01296
313.66899	19.77333
313.67049	12.29314
313.67201	3.3986
313.67351	11.45411
313.67501	17.53637
313.6765	20.90939
313.678	19.80672
313.67949	31.00717
313.68099	23.78411
313.68251	25.99526
313.68401	19.42777
313.6855	28.22334
313.687	26.76101
313.68849	24.52259
313.68999	26.03229
313.69149	26.45657
313.69301	20.31036
313.69451	25.73978
313.696	35.28216
313.6975	25.82851
313.69899	36.53881
313.70049	47.7839
313.70201	36.5404
313.70351	30.38021
313.705	32.23975
313.7065	21.39352
313.708	5.05877
313.70949	20.55644
313.71099	14.30641
313.71251	14.6609
313.71401	8.01121
313.7155	20.06668
313.717	11.41308
313.71849	17.57568
313.71999	15.01647
313.72151	22.48875
313.72301	20.92061
313.72451	19.98361
313.726	29.76395
313.7275	31.06841
313.72899	22.59214
313.73049	21.85353
313.73201	21.20783
313.73351	11.04896
313.735	7.14418
313.7365	13.41484
313.73799	8.91047
313.73949	6.69506
313.74102	2.99019
313.74251	8.69421
313.74401	13.99731
313.7455	12.49222
313.747	20.51465
313.74849	31.77085
313.74999	36.67463
313.75151	33.95969
313.75301	40.1707
313.7545	33.50956
313.756	29.45538
313.75749	18.72409
313.75899	15.9494
313.76049	3.45347
313.76201	6.65246
313.76351	6.74189
313.765	13.52992
313.7665	19.70449
313.76799	31.82837
313.76949	33.52863
313.77101	43.31193
313.77251	41.52138
313.774	42.13014
313.7755	32.13337
313.777	41.62614
313.77849	34.01375
313.77999	38.31971
313.78151	33.0643
313.78301	36.00093
313.7845	22.00755
313.786	21.34174
313.78749	18.35822
313.78899	27.50789
313.79051	27.74242
313.79201	23.59317
313.79351	10.71442
313.795	9.62737
313.7965	-0.32731
313.79799	8.76452
313.79949	8.87317
313.80101	15.96402
313.80251	11.84358
313.804	5.3333
313.8055	0.45387
313.80699	-1.59542
313.80849	5.09727
313.80998	10.06774
313.81151	12.06145
313.81301	0.97519
313.8145	8.55542
313.816	-0.5684
313.81749	-0.14132
313.81899	8.84551
313.82051	11.86419
313.82201	17.25157
313.8235	16.7069
313.825	17.35339
313.82649	16.36772
313.82799	21.93701
313.82949	17.64351
313.83101	23.69888
313.83251	18.51661
313.834	22.54231
313.8355	27.25421
313.83699	27.34324
313.83849	30.54442
313.84001	29.51548
313.84151	20.69542
313.843	23.30201
313.8445	30.75342
313.846	26.02925
313.84749	32.419
313.84899	39.64317
313.85051	35.45852
313.85201	32.24441
313.8535	26.29286
313.855	27.2766
313.85649	23.3983
313.85799	28.73277
313.85951	20.14176
313.86101	23.76657
313.86251	14.5693
313.864	17.56227
313.8655	9.70235
313.86699	12.77937
313.86849	14.25306
313.87001	19.09365
313.87151	9.97495
313.873	-1.04276
313.8745	-9.61678
313.87599	-4.31649
313.87749	-5.96288
313.87899	-6.88051
313.88051	4.83327
313.88201	9.97404
313.8835	6.11034
313.885	2.12762
313.88649	13.68467
313.88799	15.02012
313.88951	28.52048
313.89101	28.08
313.8925	38.06902
313.894	36.05534
313.8955	45.15934
313.89699	33.82004
313.89849	38.86052
313.90001	35.43173
313.90151	28.40175
313.903	21.19126
313.9045	17.01045
313.90599	12.23557
313.90749	14.94553
313.90901	17.78401
313.91051	16.68997
313.91201	29.99788
313.9135	29.20618
313.915	19.68904
313.91649	10.45639
313.91799	5.18989
313.91951	-7.0432
313.92101	-3.36673
313.9225	4.8449
313.924	16.90569
313.92549	14.42283
313.92699	21.66107
313.92852	26.76331
313.93001	30.42049
313.93151	28.86512
313.933	29.68955
313.9345	25.43769
313.93599	29.97467
313.93749	26.04728
313.93901	28.36771
313.94051	36.2893
313.942	42.37291
313.9435	33.62461
313.94499	28.73384
313.94649	36.10816
313.94799	35.78511
313.94951	31.96226
313.95101	28.73243
313.9525	38.24006
313.954	34.03024
313.95549	28.81415
313.95699	35.49301
313.95851	44.67457
313.96001	39.55313
313.9615	33.76754
313.963	36.99688
313.9645	37.11045
313.96599	39.79669
313.96749	35.60621
313.96901	37.47717
313.97051	36.97576
313.972	38.2019
313.9735	38.70239
313.97499	39.60611
313.97649	40.42189
313.97801	41.30045
313.97951	29.59562
313.98101	12.89504
313.9825	28.62497
313.984	23.26139
313.98549	24.64925
313.98699	28.31883
313.98851	38.22202
313.99001	22.9311
313.9915	35.68605
313.993	34.41515
313.99449	34.34715
313.99599	23.02381
313.99748	24.55747
313.99901	17.77666
314.00051	12.35308
314.002	13.58989
314.0035	25.03588
314.00499	29.91518
314.00649	32.38614
314.00801	38.17589
314.00951	35.35627
314.011	39.36677
314.0125	37.65001
314.01399	32.33544
314.01549	34.64985
314.01699	42.76988
314.01851	31.33064
314.02001	26.84041
314.0215	25.04891
314.023	26.18918
314.02449	18.24817
314.02599	23.26507
314.02751	30.21219
314.02901	32.07251
314.0305	31.08863
314.032	32.56308
314.0335	38.63694
314.03499	46.44925
314.03649	43.14457
314.03801	43.02251
314.03951	36.10167
314.041	26.9047
314.0425	16.45986
314.04399	21.3268
314.04549	18.544
314.04701	26.39274
314.04851	28.56439
314.05001	25.37289
314.0515	27.76208
314.053	28.89488
314.05449	27.45733
314.05599	27.6758
314.05751	25.33308
314.05901	10.97347
314.0605	14.08817
314.062	7.82663
314.06349	3.93917
314.06499	6.57023
314.06649	15.50398
314.06801	4.94852
314.06951	19.20596
314.071	17.93164
314.0725	21.11122
314.07399	21.16947
314.07549	30.21596
314.07701	21.19936
314.07851	14.11559
314.08	8.36442
314.0815	0.46133
314.083	-6.98204
314.08449	-11.36441
314.08599	-4.17309
314.08751	1.53815
314.08901	7.60095
314.0905	5.1508
314.092	9.06954
314.09349	6.8941
314.09499	5.96764
314.09651	3.72493
314.09801	3.99892
314.09951	-2.67187
314.101	-4.55343
314.1025	-4.99881
314.10399	3.1324
314.10549	8.62738
314.10701	3.49027
314.10851	9.34458
314.11	8.59956
314.1115	-2.06154
314.11299	-5.75713
314.11449	4.34473
314.11602	4.638
314.11751	-0.11399
314.11901	10.42548
314.1205	18.2646
314.122	21.76617
314.12349	17.7969
314.12499	21.44531
314.12651	17.59259
314.12801	3.67621
314.1295	2.06658
314.131	7.94578
314.13249	11.92816
314.13399	7.70446
314.13549	5.11581
314.13701	6.0301
314.13851	-1.59776
314.14	-12.51193
314.1415	-7.31622
314.14299	0.10442
314.14449	-8.20747
314.14601	-3.60108
314.14751	2.28678
314.149	2.76372
314.1505	9.78155
314.152	13.78781
314.15349	14.35898
314.15499	8.07297
314.15651	10.1898
314.15801	10.1865
314.1595	19.11203
314.161	20.1218
314.16249	35.7569
314.16399	38.64115
314.16551	41.5425
314.16701	43.1412
314.16851	43.3757
314.17	38.91912
314.1715	34.40716
314.17299	28.14397
314.17449	29.79663
314.17601	31.07689
314.17751	27.27208
314.179	28.24692
314.1805	31.35518
314.18199	32.36208
314.18349	42.47305
314.18498	51.50262
314.18651	62.14571
314.18801	76.08421
314.1895	76.73912
314.191	74.12165
314.19249	78.90176
314.19399	76.29227
314.19551	65.94552
314.19701	62.28881
314.1985	56.54475
314.2	46.85741
314.20149	41.93476
314.20299	39.39445
314.20449	42.79946
314.20601	37.68845
314.20751	37.74517
314.209	43.32318
314.2105	40.99546
314.21199	36.30267
314.21349	36.436
314.21501	41.91504
314.21651	37.9886
314.218	48.1875
314.2195	51.36309
314.221	55.58381
314.22249	51.13432
314.22399	51.00871
314.22551	40.40689
314.22701	34.42079
314.2285	33.89441
314.23	33.4346
314.23149	35.56462
314.23299	30.31503
314.23451	29.99421
314.23601	35.33984
314.23751	34.14909
314.239	29.78377
314.2405	29.67455
314.24199	31.60549
314.24349	22.24512
314.24501	17.33109
314.24651	8.88683
314.248	14.794
314.2495	11.98092
314.25099	14.80598
314.25249	20.76186
314.25399	28.7842
314.25551	31.53691
314.25701	29.19046
314.2585	28.75441
314.26	30.98254
314.26149	26.3401
314.26299	18.22562
314.26451	23.76917
314.26601	34.17847
314.2675	28.60139
314.269	29.17728
314.2705	33.38246
314.27199	29.82331
314.27349	15.1958
314.27501	17.16136
314.27651	13.16798
314.278	17.97104
314.2795	22.42207
314.28099	29.73793
314.28249	38.84309
314.28401	48.32182
314.28551	47.90125
314.28701	49.56441
314.2885	49.20421
314.29	34.42409
314.29149	30.06045
314.29299	26.18045
314.29451	16.74191
314.29601	19.18862
314.2975	31.10291
314.299	38.94564
314.30049	48.59762
314.30199	60.59291
314.30352	59.52546
314.30501	53.35258
314.30651	48.63069
314.308	40.54882
314.3095	38.73501
314.31099	34.3245
314.31249	31.32052
314.31401	25.92173
314.31551	29.06316
314.317	19.70631
314.3185	28.33278
314.31999	34.74431
314.32149	44.42066
314.32299	41.77791
314.32451	43.96148
314.32601	32.42059
314.3275	23.22834
314.329	10.88538
314.33049	9.71784
314.33199	9.7538
314.33351	11.22533
314.33501	20.54537
314.3365	25.59984
314.338	24.95458
314.3395	28.70449
314.34099	29.90037
314.34249	21.18765
314.34401	16.72963
314.34551	24.89665
314.347	28.05526
314.3485	28.03258
314.34999	30.98494
314.35149	36.71843
314.35301	19.46049
314.35451	9.55695
314.35601	14.03882
314.3575	24.28038
314.359	22.31043
314.36049	26.1696
314.36199	22.54677
314.36351	16.26312
314.36501	9.11227
314.3665	15.16787
314.368	23.38605
314.36949	31.81265
314.37099	39.62713
314.37248	41.46963
314.37401	42.43968
314.37551	44.12457
314.377	48.82122
314.3785	51.64228
314.37999	50.82313
314.38149	43.04147
314.38301	45.2668
314.38451	39.25952
314.386	32.46578
314.3875	29.69732
314.38899	39.82121
314.39049	46.69652
314.39199	47.46152
314.39351	57.36876
314.39501	68.91341
314.3965	68.51939
314.398	62.15797
314.39949	65.14731
314.40099	62.80162
314.40251	60.96097
314.40401	57.26514
314.4055	60.06407
314.407	57.74455
314.4085	48.87811
314.40999	48.02748
314.41149	55.45572
314.41301	50.91903
314.41451	56.9208
314.416	64.82571
314.4175	58.64803
314.41899	59.71706
314.42049	58.84007
314.42201	61.73408
314.42351	63.70943
314.42501	61.649
314.4265	56.20184
314.428	62.57958
314.42949	53.43019
314.43099	41.46395
314.43251	37.96363
314.43401	33.10413
314.4355	23.00201
314.437	21.28395
314.43849	21.9216
314.43999	25.95072
314.44149	21.1431
314.44301	21.30559
314.44451	15.57968
314.446	13.99124
314.4475	18.57624
314.44899	32.5673
314.45049	33.16526
314.45201	40.16789
314.45351	43.75907
314.455	26.66676
314.4565	11.34423
314.458	1.36677
314.45949	-2.88638
314.46099	1.22511
314.46251	16.13077
314.46401	23.01951
314.4655	31.86139
314.467	35.73931
314.46849	28.42255
314.46999	24.15807
314.47151	23.18538
314.47301	22.22573
314.47451	16.08942
314.476	11.40645
314.4775	5.36405
314.47899	-1.14758
314.48049	-0.18042
314.48201	7.53495
314.48351	6.42667
314.485	9.4647
314.4865	15.7037
314.48799	8.80127
314.48949	6.98796
314.49102	14.21137
314.49251	15.61071
314.49401	15.99076
314.4955	21.65292
314.497	29.16247
314.49849	36.76725
314.49999	30.13665
314.50151	31.6031
314.50301	33.2559
314.5045	20.90189
314.506	9.74982
314.50749	15.02622
314.50899	5.33454
314.51049	-2.59171
314.51201	-0.70609
314.51351	-0.20349
314.515	-1.64283
314.5165	2.5235
314.51799	7.96133
314.51949	11.20363
314.52101	15.11236
314.52251	18.64882
314.524	18.61844
314.5255	24.53181
314.527	23.54488
314.52849	24.27304
314.52999	30.2679
314.53151	34.24055
314.53301	30.86554
314.5345	33.33447
314.536	33.64691
314.53749	21.70646
314.53899	12.23072
314.54051	17.26748
314.54201	10.96795
314.54351	1.9196
314.545	4.00895
314.5465	7.0767
314.54799	5.18978
314.54949	14.08615
314.55101	28.21417
314.55251	36.21997
314.554	40.97445
314.5555	40.45837
314.55699	39.53599
314.55849	28.96699
314.55998	22.90945
314.56151	23.90666
314.56301	23.9692
314.5645	28.70039
314.566	33.43524
314.56749	40.88298
314.56899	39.82291
314.57051	36.65097
314.57201	32.43177
314.5735	33.78405
314.575	26.54293
314.57649	23.11748
314.57799	19.5637
314.57949	12.46584
314.58101	10.85312
314.58251	17.63398
314.5855	12.58554
314.58699	3.68382
314.59151	3.69187
314.596	-11.51685
314.59749	-27.18351
314.59899	-34.32601
314.60051	-29.7467
314.60201	-29.34753
314.605	-22.01774
314.60649	-18.44122
314.60799	-9.07217
314.60951	-11.1395
314.61101	-7.19491
314.61251	-11.58171
314.614	-4.05369
314.6155	2.27418
314.61699	8.62434
314.61849	4.94999
314.62001	12.71744
314.62151	14.15729
314.623	9.00428
314.6245	11.54744
314.62599	14.25026
314.62749	17.08294
314.62899	10.99696
314.63051	12.6688
314.63201	5.52281
314.6335	-0.34138
314.635	-5.92805
314.63649	-18.83912
314.63799	-17.68794
314.63951	-15.02151
314.64101	-16.18361
314.6425	-9.93038
314.644	5.92323
314.6455	11.57883
314.64699	15.42215
314.64849	19.25395
314.65001	17.44181
314.65151	20.28401
314.653	9.73506
314.6545	10.38094
314.65599	16.54737
314.65749	11.64919
314.65901	4.50101
314.66051	7.47548
314.66201	13.47866
314.6635	14.52397
314.665	20.3722
314.66649	19.27153
314.66799	24.95529
314.66951	19.13665
314.67101	16.84032
314.6725	10.50739
314.674	13.82769
314.67549	11.28366
314.67699	10.55808
314.67852	1.70546
314.68001	14.75825
314.68151	17.77227
314.683	22.31241
314.6845	21.8352
314.68599	29.41911
314.68749	27.47395
314.68901	25.5834
314.69051	20.73606
314.692	24.2406
314.6935	18.28209
314.69499	10.05635
314.69649	9.80239
314.69799	5.8076
314.69951	3.08541
314.70101	3.85679
314.7025	3.84293
314.704	6.07351
314.70549	13.3493
314.70699	6.13845
314.70851	9.23079
314.71001	6.52604
314.7115	4.22661
314.713	-1.62738
314.7145	-1.36301
314.71599	-2.84965
314.71749	9.34916
314.71901	7.76987
314.72051	12.16302
314.722	21.5478
314.7235	24.93482
314.72499	17.76008
314.72649	19.33912
314.72801	15.48456
314.72951	20.25061
314.73101	19.10309
314.7325	23.90012
314.734	23.44159
314.73549	28.00087
314.73699	24.49407
314.73851	26.80292
314.74001	27.64539
314.7415	34.59208
314.743	39.98193
314.74449	39.26126
314.74599	40.05085
314.74748	32.31353
314.74901	31.80229
314.75051	22.7866
314.752	22.54171
314.7535	11.42727
314.75499	15.23373
314.75649	7.23117
314.75801	5.92728
314.75951	8.80319
314.761	14.25056
314.7625	16.70248
314.76399	20.46338
314.76549	28.37381
314.76699	24.31389
314.76851	31.48887
314.77001	28.42362
314.7715	27.64688
314.773	25.33146
314.77449	25.02478
314.77599	14.33756
314.77751	14.41711
314.77901	15.19458
314.7805	12.95341
314.782	7.98564
314.7835	21.9444
314.78499	18.81923
314.78649	18.95716
314.78801	13.05302
314.78951	20.39876
314.791	12.16772
314.7925	19.69566
314.79399	23.60001
314.79549	29.35635
314.79701	23.86312
314.79851	22.50141
314.80001	18.74358
314.8015	18.98409
314.803	23.90304
314.80449	28.05224
314.80599	36.72861
314.80751	41.48339
314.80901	34.2642
314.8105	28.56034
314.812	30.58952
314.81349	22.34775
314.81499	16.47129
314.81649	13.95166
314.81801	14.49512
314.81951	6.10953
314.821	7.37881
314.8225	7.85452
314.82399	10.34797
314.82549	5.6761
314.82701	12.82819
314.82851	10.94475
314.83	5.77644
314.8315	7.39385
314.833	5.53172
314.83449	-0.83619
314.83599	2.71303
314.83751	1.49827
314.83901	-1.11657
314.8405	2.26731
314.842	8.36705
314.84349	8.53701
314.84499	9.67354
314.84651	12.75216
314.84801	3.39054
314.84951	5.07706
314.851	-1.58536
314.8525	1.29875
314.85399	6.38776
314.85549	18.38864
314.85701	2.7861
314.85851	6.84557
314.86	0.76612
314.8615	-10.82955
314.86299	-14.05938
314.86449	-11.04934
314.86602	-22.40442
314.86751	-18.42416
314.86901	-17.81479
314.8705	-18.71572
314.872	-11.2129
314.87349	-7.39006
314.87499	-2.0209
314.87651	1.78598
314.87801	3.67609
314.8795	2.60162
314.881	7.55477
314.88249	4.7697
314.88399	5.56093
314.88549	-2.53808
314.88701	-1.41809
314.88851	-12.56353
314.89	-16.52008
314.8915	-22.43342
314.89299	-17.37132
314.89449	-17.79415
314.89601	-12.35051
314.89751	-9.39776
314.899	-5.39974
314.9005	-4.75186
314.902	-8.04455
314.90349	0.97852
314.90499	-3.64446
314.90651	-8.18104
314.90801	-9.25607
314.9095	-11.79021
314.911	-12.8663
314.91249	-6.76582
314.91399	-0.74402
314.91551	-6.69298
314.91701	-0.49438
314.91851	-3.35368
314.92	-7.58681
314.9215	-7.93219
314.92299	-2.31501
314.92449	-9.55244
314.92601	-10.44224
314.92751	-11.34208
314.929	-7.17846
314.9305	1.64784
314.93199	13.4434
314.93349	11.62135
314.93498	17.75003
314.93651	11.89053
314.93801	11.65149
314.9395	4.62207
314.941	7.06096
314.94249	11.07155
314.94399	12.71415
314.94551	11.85516
314.94701	13.25855
314.9485	17.5753
314.95	16.50772
314.95149	18.36466
314.95299	12.35437
314.95449	14.4663
314.95601	10.64087
314.95751	10.86705
314.959	10.8641
314.9605	17.40459
314.96199	22.76682
314.96349	34.18368
314.96501	36.96334
314.96651	47.16955
314.968	52.90286
314.9695	43.40419
314.971	34.49282
314.97249	29.43746
314.97399	22.54426
314.97551	21.66314
314.97701	23.18449
314.9785	27.68979
314.98	29.45879
314.98149	19.81283
314.98299	3.54553
314.98451	1.6469
314.98601	-13.99268
314.98751	-15.78497
314.989	-9.56921
314.9905	-5.2484
314.99199	-6.93274
314.99349	3.87961
314.99501	-3.62216
314.99651	-0.11276
314.998	5.24899
314.9995	10.18902
315.00099	9.41302
315.00249	13.58003
315.00399	12.79319
315.00551	11.46455
315.00701	11.71139
315.0085	19.0649
315.01	25.44296
315.01149	25.54617
315.01299	17.20918
315.01451	15.46352
315.01601	11.32745
315.0175	11.45135
315.019	13.05958
315.0205	22.30571
315.02199	26.26179
315.02349	22.76361
315.02501	31.01277
315.02651	25.20845
315.028	23.02445
315.0295	20.31081
315.03099	21.26242
315.03249	2.64991
315.03401	4.36658
315.03551	11.42832
315.03701	11.54079
315.0385	9.17671
315.04	9.90055
315.04149	13.62017
315.04299	2.59124
315.04451	-0.8618
315.04601	-6.22538
315.0475	-3.9833
315.049	-6.1817
315.05049	-7.7853
315.05199	-3.35754
315.05352	4.96086
315.05501	7.57889
315.05651	5.83814
315.058	16.15978
315.0595	18.31289
315.06099	18.39657
315.06249	17.80396
315.06401	17.90688
315.06551	12.75324
315.067	7.24356
315.0685	7.49218
315.06999	9.63108
315.07149	14.31088
315.07299	16.02267
315.07451	15.55096
315.07601	17.48379
315.0775	11.9166
315.079	13.44837
315.08049	4.27707
315.08199	6.8913
315.08351	1.79241
315.08501	5.85151
315.0865	3.99157
315.088	13.15498
315.0895	7.73536
315.09099	13.56098
315.09249	23.08145
315.09401	24.98987
315.09551	24.65431
315.097	20.73003
315.0985	11.18635
315.09999	-0.81617
315.10149	-3.87454
315.10301	-0.95416
315.10451	11.96279
315.10601	21.38847
315.1075	28.87209
315.109	26.17341
315.11049	26.82951
315.11199	24.93744
315.11351	24.31693
315.11501	13.37079
315.1165	19.42264
315.118	18.9119
315.11949	22.69376
315.12099	25.98504
315.12248	36.65775
315.12401	34.88438
315.12551	24.97679
315.127	18.1751
315.1285	16.77808
315.12999	14.93208
315.13149	12.83191
315.13301	20.81604
315.13451	20.21421
315.136	17.93208
315.1375	20.41777
315.13899	17.3749
315.14049	7.82285
315.14199	2.7624
315.14351	0.6967
315.14501	-12.5822
315.1465	-15.10325
315.148	-14.16111
315.14949	-9.33494
315.15099	-7.95015
315.15251	-8.03739
315.15401	4.78261
315.1555	12.41054
315.157	20.93258
315.1585	13.88097
315.15999	19.22648
315.16149	11.05497
315.16301	9.13976
315.16451	2.41078
315.166	0.82132
315.1675	12.20787
315.16899	14.4524
315.17049	14.00418
315.17201	12.75142
315.17351	22.58055
315.17501	12.70435
315.1765	-0.77136
315.178	-3.76416
315.17949	0.87168
315.18099	-5.94619
315.18251	-11.66167
315.18401	-0.44776
315.1855	2.94287
315.187	-8.02491
315.18849	-1.49383
315.18999	1.21786
315.19149	-7.95616
315.19301	2.50884
315.19451	5.03006
315.196	5.90947
315.1975	5.28103
315.19899	11.84913
315.20049	-3.07498
315.20201	-2.44563
315.20351	-5.02733
315.205	-1.5428
315.2065	-3.52732
315.208	4.53527
315.20949	9.82657
315.21099	9.63169
315.21251	6.32597
315.21401	9.4128
315.2155	5.20316
315.217	9.37027
315.21849	3.24493
315.21999	5.42133
315.22151	-0.22756
315.22301	0.04472
315.22451	-9.87226
315.226	-0.66838
315.2275	-0.94326
315.22899	1.79104
315.23049	3.1018
315.23201	7.16686
315.23351	0.989
315.235	-0.07741
315.2365	-1.41997
315.23799	-2.84442
315.23949	-3.56079
315.24102	-15.42171
315.24251	-4.44379
315.24401	-0.79058
315.2455	4.73384
315.247	1.6136
315.24849	13.49941
315.24999	8.19999
315.25151	4.7246
315.25301	-2.05613
315.2545	3.18945
315.256	8.6976
315.25749	-2.22718
315.25899	-4.19023
315.26049	-4.3406
315.26201	-0.53361
315.26351	-9.85742
315.265	6.26301
315.2665	6.81425
315.26799	10.62636
315.26949	6.68099
315.27101	19.43921
315.27251	10.80903
315.274	17.99979
315.2755	17.62246
315.277	21.58552
315.27849	20.56205
315.27999	26.07097
315.28151	26.48924
315.28301	25.38288
315.2845	13.89823
315.286	7.00731
315.28749	8.44381
315.28899	9.68906
315.29051	16.83473
315.29201	34.16336
315.29351	46.95561
315.295	54.23944
315.2965	62.47572
315.29799	65.7422
315.29949	66.0033
315.30101	60.24414
315.30251	59.71246
315.304	65.24232
315.3055	77.74496
315.30699	88.80229
315.30849	112.48159
315.30998	139.75707
315.31151	159.90017
315.31301	176.06459
315.3145	204.81876
315.316	234.17485
315.31749	262.64191
315.31899	291.91099
315.32051	336.23782
315.32201	377.41407
315.3235	422.84895
315.325	472.18107
315.32649	528.5919
315.32799	589.71288
315.32949	666.07976
315.33101	723.5026
315.33251	787.65376
315.334	865.60758
315.3355	943.53052
315.33699	1040.10681
315.33849	1157.01505
315.34001	1264.66478
315.34151	1387.47287
315.343	1496.44741
315.3445	1594.2289
315.346	1669.5825
315.34749	1771.82921
315.34899	1868.45156
315.35051	1958.53742
315.35201	2041.58658
315.3535	2108.84002
315.355	2161.13351
315.35649	2156.60941
315.35799	2188.10271
315.35951	2203.16338
315.36101	2222.94857
315.36251	2214.7654
315.364	2208.67721
315.3655	2126.22627
315.36699	2037.48918
315.36849	1956.02637
315.37001	1836.5343
315.37151	1757.82775
315.373	1684.06771
315.3745	1568.23005
315.37599	1461.13575
315.37749	1361.86875
315.37899	1223.98529
315.38051	1121.04059
315.38201	1047.87036
315.3835	947.3968
315.385	880.54049
315.38649	817.94949
315.38799	748.23087
315.38951	673.92933
315.39101	625.22521
315.3925	563.22129
315.394	500.61518
315.3955	444.93206
315.39699	399.28791
315.39849	351.96666
315.40001	326.41355
315.40151	317.10958
315.403	299.66712
315.4045	292.03259
315.40599	264.1369
315.40749	235.0574
315.40901	195.94454
315.41051	175.89931
315.41201	147.33879
315.4135	147.69513
315.415	139.16539
315.41649	133.66111
315.41799	119.53693
315.41951	103.39627
315.42101	84.78693
315.4225	75.9288
315.424	79.20491
315.42549	72.17946
315.42699	81.42422
315.42852	87.57806
315.43001	86.14518
315.43151	78.48892
315.433	77.33933
315.4345	72.32208
315.43599	66.0828
315.43749	62.61359
315.43901	70.54447
315.44051	68.30198
315.442	67.84262
315.4435	67.03343
315.44499	65.24158
315.44649	68.27516
315.44799	83.61616
315.44951	90.88816
315.45101	104.06613
315.4525	115.25404
315.454	120.57297
315.45549	120.65898
315.45699	133.3138
315.45851	138.43535
315.46001	156.63993
315.4615	165.24665
315.463	186.44283
315.4645	194.35932
315.46599	209.49183
315.46749	219.92946
315.46901	230.21244
315.47051	242.53405
315.472	247.02606
315.4735	254.83543
315.47499	259.71655
315.47649	257.11346
315.47801	250.67302
315.47951	254.20987
315.48101	256.09955
315.4825	251.6764
315.484	264.43957
315.48549	259.66708
315.48699	257.82805
315.48851	247.6457
315.49001	242.56355
315.4915	236.77451
315.493	235.84613
315.49449	231.48454
315.49599	215.35991
315.49748	209.70428
315.49901	185.95661
315.50051	166.83496
315.502	146.61312
315.5035	142.48753
315.50499	130.45927
315.50649	118.45643
315.50801	110.05308
315.50951	103.02675
315.511	91.67935
315.5125	69.21789
315.51399	67.78493
315.51549	69.11201
315.51699	57.74278
315.51851	54.42724
315.52001	51.4679
315.5215	42.75022
315.523	37.26803
315.52449	36.57752
315.52599	31.74669
315.52751	24.32471
315.52901	22.20483
315.5305	12.38289
315.532	8.00329
315.5335	1.17191
315.53499	13.56064
315.53649	11.23296
315.53801	10.47761
315.53951	14.01051
315.541	20.23978
315.5425	11.70678
315.54399	13.93861
315.54549	18.89963
315.54701	15.50374
315.54851	20.34355
315.55001	23.60904
315.5515	26.19692
315.553	18.93997
315.55449	22.51253
315.55599	19.38927
315.55751	19.52859
315.55901	22.08788
315.5605	20.56068
315.562	25.15996
315.56349	22.53131
315.56499	22.26025
315.56649	18.95602
315.56801	20.93562
315.56951	14.73162
315.571	24.12976
315.5725	34.25014
315.57399	37.24496
315.57549	38.16799
315.57701	35.61361
315.57851	30.7939
315.58	17.27127
315.5815	15.5416
315.583	20.62358
315.58449	25.72334
315.58599	20.33832
315.58751	27.11912
315.58901	24.47741
315.5905	27.07552
315.592	31.05959
315.59349	38.4029
315.59499	40.48545
315.59651	45.79225
315.59801	50.14292
315.59951	53.57215
315.601	53.13254
315.6025	57.31429
315.60399	57.21915
315.60549	56.21562
315.60701	62.76837
315.60851	68.80576
315.61	72.5069
315.6115	79.25386
315.61299	86.69609
315.61449	75.00183
315.61602	74.60875
315.61751	67.48603
315.61901	62.98016
315.6205	61.70074
315.622	64.80185
315.62349	60.04298
315.62499	64.34751
315.62651	64.11779
315.62801	59.17378
315.6295	56.84421
315.631	56.23839
315.63249	62.81797
315.63399	63.50712
315.63549	54.98828
315.63701	56.78499
315.63851	69.87756
315.64	66.21019
315.6415	60.71268
315.64299	64.64407
315.64449	64.66227
315.64601	46.95782
315.64751	39.16625
315.649	27.65024
315.6505	36.42592
315.652	27.21079
315.65349	18.72787
315.65499	13.96846
315.65651	33.75634
315.65801	22.34866
315.6595	25.00952
315.661	29.45397
315.66249	32.86727
315.66399	30.92331
315.66551	30.33316
315.66701	34.13815
315.66851	34.56894
315.67	32.84359
315.6715	22.6865
315.67299	20.48186
315.67449	19.92647
315.67601	23.80647
315.67751	18.14559
315.679	18.28899
315.6805	16.4197
315.68199	16.84008
315.68349	20.83772
315.68498	33.09782
315.68651	42.91926
315.68801	48.07701
315.6895	33.34668
315.691	30.53561
315.69249	19.947
315.69399	8.45238
315.69551	-3.75319
315.69701	14.71461
315.6985	8.56156
315.7	10.5093
315.70149	13.32953
315.70299	17.92874
315.70449	13.62181
315.70601	24.51347
315.70751	24.10894
315.709	19.7864
315.7105	23.60131
315.71199	22.79979
315.71349	16.96845
315.71501	13.25441
315.71651	13.6563
315.718	17.96832
315.7195	22.16103
315.721	18.74208
315.72249	18.83076
315.72399	25.37484
315.72551	17.66194
315.72701	12.18146
315.7285	19.08878
315.73	24.53877
315.73149	20.00617
315.73299	17.38216
315.73451	9.96683
315.73601	2.17722
315.73751	2.86546
315.739	5.05837
315.7405	3.94806
315.74199	8.96133
315.74349	14.12051
315.74501	15.72927
315.74651	18.71891
315.748	29.77092
315.7495	31.32986
315.75099	22.26748
315.75249	14.01032
315.75399	-1.50798
315.75551	-5.73927
315.75701	-4.52695
315.7585	5.99986
315.76	16.78324
315.76149	34.6844
315.76299	25.62865
315.76451	29.46762
315.76601	32.06502
315.7675	17.36528
315.769	14.34864
315.7705	17.79554
315.77199	13.80478
315.77349	13.15484
315.77501	12.27592
315.77651	7.72435
315.778	15.70871
315.7795	11.32399
315.78099	8.58523
315.78249	15.19962
315.78401	21.37107
315.78551	13.63886
315.78701	6.39351
315.7885	-2.67333
315.79	-3.65878
315.79149	-13.89137
315.79299	-16.76841
315.79451	-19.52318
315.79601	-15.53089
315.7975	-20.41316
315.799	-20.88203
315.80049	-17.81884
315.80199	-10.93896
315.80352	-7.65393
315.80501	-3.20854
315.80651	-0.99514
315.808	-1.05142
315.8095	1.52991
315.81099	0.37756
315.81249	-1.80466
315.81401	-4.73858
315.81551	-5.59483
315.817	-6.76879
315.8185	-3.85426
315.81999	6.24182
315.82149	16.54255
315.82299	25.67643
315.82451	27.08749
315.82601	23.80798
315.8275	20.8362
315.829	19.33774
315.83049	7.82633
315.83199	8.20973
315.83351	16.52027
315.83501	7.65716
315.8365	1.86059
315.838	11.45499
