wno	int
31695.72108	1091.9718
31695.4207	1393.41736
31695.11731	1353.38318
31694.81695	1411.55115
31694.51659	1360.56921
31694.21322	1405.46497
31693.91186	1379.50598
31693.61152	1395.23022
31693.31118	1395.90564
31693.00783	1377.57483
31692.70751	1382.63611
31692.40719	1367.80225
31692.10386	1395.04419
31691.80355	1386.34241
31691.50324	1384.66931
31691.19993	1388.70422
31690.89964	1423.56897
31690.59935	1445.31189
31690.29807	1510.70813
31689.99478	1488.75671
31689.69451	1461.30713
31689.39425	1468.66309
31689.09098	1477.04468
31688.79072	1488.17102
31688.49048	1532.53662
31688.18722	1516.35278
31687.88699	1490.40283
31687.58676	1476.63953
31687.28352	1534.79089
31686.9823	1532.67676
31686.68209	1502.34546
31686.38188	1499.88269
31686.07867	1512.39868
31685.77847	1495.82471
31685.47828	1524.07666
31685.17509	1481.43298
31684.87491	1490.69385
31684.57474	1481.50867
31684.27156	1501.8551
31683.9714	1490.40747
31683.67024	1526.93445
31683.37009	1523.83936
31683.06693	1532.8075
31682.76679	1527.26709
31682.46666	1504.97473
31682.16352	1579.18018
31681.8634	1553.20947
31681.56328	1543.2854
31681.26016	1563.43933
31680.96006	1510.81372
31680.65996	1550.5542
31680.35585	1512.7926
31680.05577	1456.18262
31679.75569	1481.20825
31679.45561	1538.96362
31679.15253	1538.46838
31678.85247	1525.76563
31678.55241	1496.70227
31678.24934	1516.19055
31677.9493	1544.76831
31677.64925	1503.24121
31677.34621	1530.0769
31677.04618	1543.37036
31676.74515	1495.01782
31676.44513	1504.2251
31676.14211	1504.27783
31675.8421	1512.51709
31675.5421	1492.68152
31675.23909	1511.28711
31674.9391	1499.94165
31674.63912	1530.9425
31674.33613	1504.89722
31674.03616	1533.35205
31673.73619	1524.72791
31673.43623	1498.58008
31673.13226	1481.9342
31672.83231	1546.17236
31672.53237	1525.2428
31672.22942	1514.1156
31671.92949	1514.89648
31671.62956	1470.68408
31671.32663	1575.97754
31671.02671	1523.948
31670.7268	1523.95764
31670.42389	1505.83569
31670.12399	1545.07263
31669.82309	1488.48547
31669.5232	1504.05701
31669.22031	1545.46924
31668.92044	1521.59424
31668.62057	1497.87024
31668.31769	1495.31433
31668.01784	1538.18762
31667.71798	1543.25549
31667.41513	1538.32678
31667.11528	1555.54578
31666.81545	1511.77844
31666.51461	1513.15247
31666.21178	1526.05127
31665.91196	1486.01379
31665.61215	1523.81128
31665.30933	1525.06763
31665.00953	1496.35217
31664.70973	1501.27686
31664.40694	1529.8634
31664.10715	1502.49512
31663.80737	1504.32666
31663.50459	1525.63013
31663.20382	1557.41394
31662.90406	1604.10706
31662.6043	1527.02991
31662.30154	1572.3811
31662.0018	1569.12756
31661.70206	1582.47778
31661.39932	1566.8446
31661.09959	1525.61194
31660.79987	1551.34888
31660.49714	1517.02258
31660.19743	1469.56628
31659.89773	1511.65698
31659.59703	1501.24121
31659.29433	1541.32886
31658.99464	1514.15479
31658.69495	1566.39038
31658.39227	1534.40881
31658.0926	1524.84961
31657.79293	1545.24988
31657.49027	1532.57336
31657.19061	1492.95117
31656.89097	1525.93518
31656.58832	1472.52917
31656.28768	1534.84424
31655.98805	1533.01343
31655.68842	1555.95557
31655.3858	1553.09985
31655.08618	1537.69666
31654.78657	1533.58569
31654.48396	1551.48694
31654.18437	1583.42834
31653.88478	1604.48767
31653.58218	1581.14148
31653.2826	1617.89038
31652.98303	1586.15649
31652.68246	1618.20728
31652.37989	1604.47314
31652.08033	1593.28589
31651.78078	1617.47412
31651.47823	1535.67578
31651.17869	1548.06519
31650.87916	1541.40442
31650.57662	1530.90027
31650.2771	1553.52417
31649.97758	1578.3252
31649.67506	1581.67126
31649.37456	1556.74768
31649.07506	1610.7074
31648.77556	1644.35254
31648.47307	1674.46826
31648.17358	1681.40356
31647.87411	1655.32813
31647.57163	1691.52942
31647.27216	1687.37439
31646.9727	1664.31921
31646.67024	1724.3479
31646.37079	1763.21289
31646.07035	1781.97205
31645.77091	1762.79224
31645.46847	1741.8219
31645.16905	1740.35254
31644.86963	1735.38867
31644.56721	1773.68933
31644.2678	1803.15186
31643.9684	1786.23572
31643.66599	1775.63159
31643.3666	1761.00171
31643.06721	1771.89209
31642.76383	1766.32092
31642.46445	1828.41577
31642.16508	1861.70728
31641.86572	1827.35681
31641.56336	1864.42285
31641.26401	1835.40381
31640.96466	1798.72913
31640.66231	1851.79016
31640.36298	1827.19312
31640.06365	1901.23926
31639.76132	1811.20056
31639.462	1827.68689
31639.16169	1791.59265
31638.86238	1860.02014
31638.56008	1776.97668
31638.26078	1813.73975
31637.96149	1800.95935
31637.6592	1789.68347
31637.35993	1797.0116
31637.06065	1790.57483
31636.75838	1831.20984
31636.45912	1814.73608
31636.15986	1818.58667
31635.86061	1924.63708
31635.55737	1933.52197
31635.25813	1879.70178
31634.95889	1885.33167
31634.65666	1838.4873
31634.35744	1848.94348
31634.05823	1894.4541
31633.75601	1857.94421
31633.45681	1874.5531
31633.15761	1823.76807
31632.85541	1817.53662
31632.55623	1879.77258
31632.25604	1841.74805
31631.95687	1907.24121
31631.6547	1976.88318
31631.35553	1989.18799
31631.05637	2062.37524
31630.75422	2018.71167
31630.45507	2049.90454
31630.15592	2049.06372
31629.85379	2006.21716
31629.55466	2057.18359
31629.25553	2081.9917
31628.95541	2147.24829
31628.6533	2140.62158
31628.35419	2169.09058
31628.05508	2103.58228
31627.75299	2089.50024
31627.4539	2144.82617
31627.15481	2060.74268
31626.85273	2076.08423
31626.55365	2093.43311
31626.25459	2110.94116
31625.95252	2145.2561
31625.65246	2149.0979
31625.35341	2163.16504
31625.05437	2110.77856
31624.75233	2052.11133
31624.45329	2171.98608
31624.15426	2147.42822
31623.85224	2190.52466
31623.55322	2195.14624
31623.25421	2178.08081
31622.9522	2236.2749
31622.6532	2335.64966
31622.35421	2406.53442
31622.05422	2326.07495
31621.75224	2385.81372
31621.45326	2430.63257
31621.15429	2366.271
31620.85232	2390.22461
31620.55336	2468.51025
31620.2544	2583.87744
31619.95246	2579.4624
31619.65351	2680.61816
31619.35457	2716.47876
31619.05264	2853.22656
31618.75272	2836.29419
31618.45379	3021.52588
31618.15488	2958.24829
31617.85297	3176.10547
31617.55407	3256.92041
31617.25517	3312.49829
31616.95328	3278.75293
31616.65439	3171.4209
31616.35551	3660.19189
31616.05363	3633.7832
31615.75476	3891.24292
31615.4559	3668.09033
31615.15604	3709.54517
31614.85419	3714.09619
31614.55534	3609.95654
31614.2565	3996.78955
31613.95467	3695.42407
31613.65583	3906.57886
31613.35701	3986.44556
31613.05519	4230.1792
31612.75638	4318.75684
31612.45757	4534.83691
31612.15577	4783.8457
31611.85598	5066.81055
31611.55719	5150.55469
31611.2584	5410.6167
31610.95662	5951.90039
31610.65785	5457.24951
31610.35908	5975.20752
31610.05732	6078.01221
31609.75856	6145.37549
31609.45981	5955.7373
31609.15807	5918.78125
31608.85933	5520.31934
31608.5596	5420.84668
31608.26087	5712.97021
31607.95915	5348.75635
31607.66043	5085.60156
31607.36172	5033.06641
31607.06002	4683.16602
31606.76132	4668.39697
31606.46262	4373.7168
31606.16094	4213.93311
31605.86226	4001.30566
31605.56358	3746.36011
31605.26091	3516.45825
31604.96224	3571.51758
31604.66358	3383.66357
31604.36493	3362.10645
31604.06328	3412.89526
31603.76464	3137.61987
31603.466	3250.60376
31603.16437	2856.35962
31602.86575	2872.82593
31602.56713	3029.36938
31602.26552	2807.24634
31601.96691	2707.30322
31601.6673	2843.60522
31601.36871	2721.4939
31601.06712	2629.88135
31600.76853	2737.12793
31600.46995	2777.427
31600.16838	2750.46606
31599.86981	2834.1731
31599.57124	2997.68628
31599.26969	2743.45239
31598.97114	2834.82617
31598.67259	2663.04272
31598.37405	2760.41309
31598.07152	2861.59009
31597.77299	2891.05566
31597.47446	2883.38599
31597.17295	3008.11255
31596.87444	2759.25317
31596.57593	2902.34424
31596.27443	2787.7063
31595.97594	2929.26563
31595.67745	2850.35791
31595.37597	2848.198
31595.07749	2982.97314
31594.77802	2852.53564
31594.47955	2860.3999
31594.17809	2935.6106
31593.87963	3031.66382
31593.58118	3117.22314
31593.27974	3369.82617
31592.9813	3350.89282
31592.68287	3361.89795
31592.38145	3369.521
31592.08302	3531.33813
31591.78461	4039.87109
31591.4852	4310.12939
31591.1838	4556.94434
31590.8854	4745.9375
31590.587	4784.34521
31590.28562	4790.25488
31589.98724	4550.76221
31589.68886	4678.79492
31589.38749	4952.61377
31589.08913	4968.42188
31588.79077	5516.93848
31588.48942	5615.77002
31588.19007	5726.80029
31587.89173	5354.40625
31587.59339	5634.3457
31587.29207	5897.8335
31586.99374	5993.11865
31586.69542	5799.29346
31586.39411	5599.33008
31586.0958	5899.79053
31585.7975	5291.99463
31585.49621	5352.32861
31585.19791	5084.06152
31584.89963	4886.86816
31584.60035	4882.5
31584.29908	4951.13477
31584.00081	4830.25293
31583.70254	4686.62158
31583.40129	4459.62598
31583.10304	4441.94434
31582.80479	4107.03662
31582.50356	4044.48413
31582.20532	3983.61426
31581.90709	3782.61963
31581.60587	3641.28931
31581.30666	3429.70605
31581.00844	3405.92285
31580.71024	3309.47168
31580.40904	3328.09033
31580.11085	3328.35962
31579.81266	3353.7002
31579.51148	3383.12085
31579.2133	3485.71826
31578.91512	3505.13745
31578.61396	3833.61426
31578.3158	4007.11157
31578.01765	4407.25439
31577.7185	4565.22119
31577.41736	4497.56396
31577.11922	4549.09229
31576.82109	4561.96484
31576.51996	4710.30762
31576.22184	4685.47754
31575.92372	4725.50635
31575.62262	4493.09473
31575.32452	4538.69385
31575.02641	4417.44629
31574.72533	4480.95068
31574.42624	4604.06787
31574.12816	4853.01904
31573.83008	4638.31787
31573.52902	4698.74805
31573.23095	4530.104
31572.93289	4900.44629
31572.63185	4561.86426
31572.3338	4704.74951
31572.03575	4398.76514
31571.73472	4278.60498
31571.43669	4194.68799
31571.13767	4065.4248
31570.83964	4055.06079
31570.53864	3835.08594
31570.24063	3777.27417
31569.94262	3538.35742
31569.64164	3505.20288
31569.34364	3470.08618
31569.04565	3394.22388
31568.74468	3331.04712
31568.44671	3245.17822
31568.14874	3151.61768
31567.84678	3277.52856
31567.54882	3300.23877
31567.25087	3145.9021
31566.95292	3302.9458
31566.65199	3154.43555
31566.35405	3195.23193
31566.05612	3008.57129
31565.75521	2872.04321
31565.45729	2893.68433
31565.15937	2839.42358
31564.85848	2763.85083
31564.56057	2728.54663
31564.26168	2730.45801
31563.96379	2675.59058
31563.66291	2623.91895
31563.36503	2600.62646
31563.06716	2607.76465
31562.7663	2567.1748
31562.46844	2509.13452
31562.17058	2536.27661
31561.86974	2509.40942
31561.57189	2565.66821
31561.27405	2565.25928
31560.97622	2448.46826
31560.6744	2558.32495
31560.37658	2501.08789
31560.07876	2501.87158
31559.77796	2443.88354
31559.48015	2512.80176
31559.18235	2464.10889
31558.88157	2445.25684
31558.58378	2483.95313
31558.28599	2398.74097
31557.98523	2528.83154
31557.68745	2655.43823
31557.38869	2666.18628
31557.09093	2546.56592
31556.79018	2559.71973
31556.49243	2641.82397
31556.19469	2595.67261
31555.89396	2681.33716
31555.59623	2554.49219
31555.2985	2513.75415
31554.99779	2622.4314
31554.70007	2567.48584
31554.40236	2600.35132
31554.10366	2489.71631
31553.80297	2563.09448
31553.50528	2526.57666
31553.20759	2569.95776
31552.90692	2532.35425
31552.60924	2523.14185
31552.31157	2461.35986
31552.01092	2532.68945
31551.71326	2441.60278
31551.4156	2447.75122
31551.11497	2463.8811
31550.81633	2442.44165
31550.51869	2458.45605
31550.22106	2499.31519
31549.92045	2457.26978
31549.62282	2543.93677
31549.32521	2432.54834
31549.02461	2387.94995
31548.72701	2392.74341
31548.42941	2440.95557
31548.12883	2357.58228
31547.83124	2451.64917
31547.53366	2396.18262
31547.23509	2375.89551
31546.93454	2335.40015
31546.63697	2377.98169
31546.33941	2468.77759
31546.03887	2401.60669
31545.74132	2298.39404
31545.44378	2339.04028
31545.14326	2322.19312
31544.84573	2221.11133
31544.5482	2241.7522
31544.2477	2245.12451
31543.94919	2263.0354
31543.65168	2264.2085
31543.35418	2317.43945
31543.0537	2299.43384
31542.75621	2245.68018
31542.45872	2152.8313
31542.15826	2193.40698
31541.86078	2158.54785
31541.56331	2204.73706
31541.26286	2126.50317
31540.96541	2134.83325
31540.66795	2083.18042
31540.36951	2034.4574
31540.06909	1936.76636
31539.77165	1965.59338
31539.47422	1947.49915
31539.17381	1938.23022
31538.8764	2010.90283
31538.57898	1968.3949
31538.27859	1982.19177
31537.98119	2050.52539
31537.68379	1988.55811
31537.38342	2054.50952
31537.08504	2040.75098
31536.78766	1977.53625
31536.49029	2067.60547
31536.18994	1963.7229
31535.89258	1990.63232
31535.59522	1962.86621
31535.29489	1918.6814
31534.99754	1926.1543
31534.7002	1996.91382
31534.39988	1942.01624
31534.10256	2032.41614
31533.80424	1871.44189
31533.50692	1922.2417
31533.20663	1946.65088
31532.90932	1934.99915
31532.61202	1909.40222
31532.31174	1960.08154
31532.01445	1882.87061
31531.71717	1895.57983
31531.41691	1888.52637
31531.11964	1864.30005
31530.82237	1827.4231
31530.52113	1772.25391
31530.22388	1874.90613
31529.92663	1743.26746
31529.62939	1795.52588
31529.32917	1789.8446
31529.03193	1836.44238
31528.73471	1797.94385
31528.4345	1816.02295
31528.13729	1823.43994
31527.84008	1793.05591
31527.53989	1778.03601
31527.24269	1813.06372
31526.9445	1808.38269
31526.64732	1796.60474
31526.34715	1811.19861
31526.04998	1779.11694
31525.7528	1771.49902
31525.45266	1799.06177
31525.1555	1813.11743
31524.85834	1789.06348
31524.55821	1783.04419
31524.26107	1840.90723
31523.96393	1818.49426
31523.6668	1861.0658
31523.3657	1890.8468
31523.06858	1871.849
31522.77147	1912.47754
31522.47138	1920.78662
31522.17427	1923.40369
31521.87718	1946.83691
31521.5771	1939.7655
31521.28002	1887.12061
31520.98294	1960.65381
31520.68288	1927.04236
31520.38581	1909.85547
31520.08775	1886.69958
31519.79069	1874.9375
31519.49066	1889.72253
31519.19361	1841.74207
31518.89657	1844.56641
31518.59656	1860.88062
31518.29952	1858.23914
31518.0025	1870.22473
31517.7025	1868.42761
31517.40549	1860.4469
31517.10848	1868.77722
31516.81048	1922.62939
31516.51051	1985.74402
31516.21352	1970.53357
31515.91653	2012.21472
31515.61657	1968.12366
31515.3196	2045.77441
31515.02263	2100.97778
31514.72269	2149.03345
31514.42573	2318.61182
31514.12878	2304.45093
31513.82885	2271.49707
31513.53092	2237.31421
31513.23398	2227.81885
31512.93705	2297.96826
31512.63715	2220.53735
31512.34023	2205.06665
31512.04332	2133.66235
31511.74343	2128.23242
31511.44653	2101.02783
31511.14964	2089.95679
31510.84977	2075.26538
31510.55288	2097.78467
31510.25601	2032.82788
31509.95814	2047.80164
31509.65829	2076.28931
31509.36143	1978.2981
31509.06457	1980.25879
31508.76475	1955.51172
31508.4679	1959.75305
31508.17106	1960.16272
31507.87125	1943.81604
31507.57442	1895.03296
31507.2776	1911.19629
31506.9778	1907.21912
31506.68	1936.72937
31506.38319	1873.65259
31506.08639	1871.24731
31505.78662	1902.21179
31505.48983	1935.62134
31505.19305	1845.65503
31504.89329	1846.01587
31504.59652	1866.47559
31504.29975	1904.32117
31504.00002	1905.53979
31503.70326	1837.60986
31503.40651	1853.81238
31503.10877	1815.28833
31502.80906	1874.03076
31502.51233	1838.66516
31502.2156	1833.31543
31501.9159	1838.65576
31501.61918	1802.06079
31501.32247	1829.04395
31501.02279	1803.13574
31500.72609	1774.13977
31500.4294	1754.27917
31500.12973	1833.15356
31499.83206	1859.16064
31499.53538	1822.68408
31499.23871	1824.32483
31498.93907	1776.08374
31498.64241	1778.93347
31498.34575	1825.91956
31498.04613	1770.56934
31497.74949	1824.72998
31497.45285	1815.07739
31497.15324	1751.52026
31496.85661	1799.12793
31496.559	1805.48535
31496.26239	1795.0686
31495.9628	1864.23743
31495.6662	1829.96936
31495.3696	1815.98059
31495.07003	1779.64722
31494.77344	1797.90259
31494.47686	1789.06458
31494.17731	1845.76099
31493.88074	1821.06653
31493.58417	1831.11682
31493.28365	1813.0686
31492.98709	1825.05688
31492.69055	1836.72021
31492.394	1835.65955
31492.09449	1835.63171
31491.79796	1785.16089
31491.50144	1782.28589
31491.20194	1836.93359
31490.90543	1873.81287
31490.60892	1847.28564
31490.30944	1767.02747
31490.01294	1814.25513
31489.71546	1775.87854
31489.41897	1702.87231
31489.11952	1766.88757
31488.82304	1676.01978
31488.52657	1721.80469
31488.22713	1696.66797
31487.93068	1710.29919
31487.63422	1658.79761
31487.3348	1642.79248
31487.03836	1657.95251
31486.74192	1709.16113
31486.44549	1674.70618
31486.1451	1666.81824
31485.84869	1771.19104
31485.55227	1731.60181
31485.25289	1770.8241
31484.95649	1791.02307
31484.66009	1734.74414
31484.36073	1723.25403
31484.06434	1761.73425
31483.76796	1762.36646
31483.46861	1721.67957
31483.17224	1678.40381
31482.87489	1722.25562
31482.57853	1694.6582
31482.27921	1726.41089
31481.98286	1718.0271
31481.68652	1748.30432
31481.38721	1703.00903
31481.09088	1670.52905
31480.79456	1697.96533
31480.49527	1688.91541
31480.19895	1724.62683
31479.90265	1760.00842
31479.60536	1688.43567
31479.30609	1698.02808
31479.0098	1703.91064
31478.71351	1720.4812
31478.41426	1708.40784
31478.11799	1707.22437
31477.82172	1747.6344
31477.52248	1715.77454
31477.22623	1691.91833
31476.92998	1699.38013
31476.63076	1665.21729
31476.33353	1701.14392
31476.03729	1702.32056
31475.74106	1672.05872
31475.44187	1677.18896
31475.14565	1713.71631
31474.84944	1720.22302
31474.55026	1688.18176
31474.25406	1658.02136
31473.95786	1685.9967
31473.6587	1691.21875
31473.36252	1721.01904
31473.06634	1652.17432
31472.76918	1646.57178
31472.47004	1713.08057
31472.17388	1748.70007
31471.87772	1711.31677
31471.5786	1717.7832
31471.28245	1666.09985
31470.98632	1742.28333
31470.68721	1677.07495
31470.39108	1701.71191
31470.09496	1704.33777
31469.79587	1692.37
31469.49877	1661.3822
31469.20266	1741.5271
31468.90656	1667.80542
31468.6075	1697.48303
31468.31141	1672.41931
31468.01533	1709.34998
31467.71628	1684.75171
31467.42021	1683.19177
31467.12414	1685.76099
31466.82511	1650.15002
31466.52905	1678.76892
31466.233	1682.57471
31465.93597	1714.41431
31465.63696	1695.98523
31465.34093	1670.50391
31465.0449	1695.42847
31464.74591	1729.43713
31464.44989	1701.13574
31464.15388	1659.41589
31463.85491	1692.60449
31463.55891	1699.58582
31463.26291	1701.90857
31462.96395	1678.75806
31462.66698	1630.84058
31462.371	1703.07336
31462.07503	1685.22278
31461.7761	1727.15186
31461.48014	1741.16052
31461.18418	1713.6521
31460.88526	1740.64136
31460.58932	1706.64075
31460.29338	1703.64807
31459.99448	1731.35999
31459.69855	1740.71887
31459.40164	1717.45654
31459.10573	1698.17029
31458.80685	1790.98645
31458.51094	1713.78613
31458.21504	1714.82935
31457.91618	1732.07751
31457.62029	1736.71106
31457.32441	1715.6947
31457.02557	1771.61279
31456.7297	1717.24744
31456.43383	1748.85986
31456.13401	1754.88306
31455.83816	1772.1532
31455.54231	1782.06018
31455.24647	1846.65405
31454.94766	1757.22571
31454.65183	1794.75024
31454.356	1789.38062
31454.05721	1735.04431
31453.7614	1777.7688
31453.46559	1741.70044
31453.16682	1723.30591
31452.87102	1794.24658
31452.57424	1725.34241
31452.27845	1719.94214
31451.9797	1766.76099
31451.68392	1688.81055
31451.38815	1712.16406
31451.08942	1737.4519
31450.79366	1718.29053
31450.49791	1695.00122
31450.19919	1734.80371
31449.90345	1723.84998
31449.60771	1715.92407
31449.31198	1706.28015
31449.0123	1691.54871
31448.71658	1708.59949
31448.42086	1722.08362
31448.12219	1708.30237
31447.82648	1723.33875
31447.53079	1742.30835
31447.23213	1700.2937
31446.93644	1684.99512
31446.64076	1716.48157
31446.34212	1684.0033
31446.04645	1732.4137
31445.74979	1674.10095
31445.45413	1688.73047
31445.15551	1679.22253
31444.85987	1638.54553
31444.56422	1658.17224
31444.26562	1665.69397
31443.96999	1649.87048
31443.67436	1668.33374
31443.37578	1655.17773
31443.08016	1642.53003
31442.78456	1666.95154
31442.48796	1691.60327
31442.1894	1664.78088
31441.89381	1686.98157
31441.59822	1674.45679
31441.29968	1648.98291
31441.0041	1700.84473
31440.70853	1630.63245
31440.41	1656.37585
31440.11444	1650.31946
31439.81889	1657.91455
31439.52038	1644.8833
31439.22385	1669.30066
31438.92831	1636.15698
31438.63278	1625.31824
31438.33429	1615.20764
31438.03877	1642.19116
31437.74326	1650.58398
31437.44478	1628.65967
31437.14928	1652.34314
31436.85378	1620.00256
31436.55533	1638.02637
31436.25984	1608.79395
31435.96436	1610.74744
31435.6679	1612.92346
31435.36946	1661.25793
31435.074	1639.43616
31434.77854	1607.15918
31434.48012	1653.66211
31434.18468	1621.13525
31433.88923	1589.33728
31433.59083	1627.87988
31433.2954	1663.67517
31432.99998	1617.3468
31432.7016	1585.88013
31432.40519	1616.87952
31432.10979	1605.68018
31431.81438	1623.1521
31431.51602	1604.28516
31431.22063	1604.11304
31430.92525	1640.81665
31430.6269	1598.89661
31430.33153	1599.51379
31430.03616	1624.51953
31429.73783	1616.72229
31429.44247	1664.19031
31429.14712	1646.03284
31428.85079	1628.26465
31428.55248	1629.79761
31428.25715	1620.60437
31427.96182	1643.51233
31427.66353	1612.8634
31427.36821	1592.40417
31427.0729	1586.24756
31426.77463	1610.82361
31426.47932	1584.43677
31426.18403	1668.95007
31425.88577	1640.23767
31425.5895	1632.90601
31425.29422	1599.03528
31424.99894	1643.21802
31424.70071	1603.82922
31424.40545	1636.41858
31424.11019	1580.20752
31423.81198	1598.72241
31423.51673	1629.23669
31423.22149	1599.09009
31422.92329	1598.89246
31422.62806	1593.29456
31422.33185	1619.01025
31422.03663	1594.10583
31421.73846	1573.42529
31421.44325	1602.50708
31421.14805	1609.97632
31420.84989	1627.1731
31420.5547	1595.26904
31420.25951	1605.04614
31419.96137	1618.61877
31419.6662	1586.63074
31419.37103	1566.93188
31419.07192	1558.22229
31418.77676	1559.25073
31418.48161	1568.3822
31418.18646	1570.82959
31417.88836	1583.61157
31417.59322	1573.56299
31417.29809	1585.18469
31417.00001	1566.76953
31416.70489	1566.00208
31416.40978	1592.09387
31416.11171	1579.57153
31415.81661	1553.7428
31415.52052	1570.03638
31415.22543	1587.57764
31414.92739	1528.25342
31414.63231	1605.12561
31414.33723	1584.5387
31414.0392	1575.93127
31413.74414	1599.48267
31413.44908	1544.8855
31413.15107	1572.13318
31412.85603	1608.57349
31412.56098	1555.48547
31412.26595	1613.22998
31411.96697	1573.78894
31411.67195	1591.1062
31411.37693	1604.93384
31411.07896	1603.70398
31410.78395	1557.59937
31410.48895	1569.61047
31410.19099	1581.26221
31409.896	1601.21912
31409.60102	1561.02087
31409.30308	1588.0365
31409.0081	1591.17383
31408.71215	1566.20532
31408.41719	1557.49146
31408.11927	1615.8197
31407.82432	1578.90332
31407.52937	1611.91492
31407.23147	1574.51917
31406.93654	1648.32532
31406.64161	1557.66101
31406.34372	1543.49048
31406.0488	1597.67847
31405.75389	1579.0929
31405.458	1549.76892
31405.16014	1547.36304
31404.86524	1589.00391
31404.57035	1589.65063
31404.27251	1592.20874
31403.97763	1588.90369
31403.68275	1595.65991
31403.38493	1574.98792
31403.09006	1589.60266
31402.79521	1571.82666
31402.4974	1561.09082
31402.20156	1564.80029
31401.90672	1528.30225
31401.61189	1541.53381
31401.3141	1539.19983
31401.01928	1549.38147
31400.72446	1582.17407
31400.42669	1548.14478
31400.13188	1560.39856
31399.83708	1541.90356
31399.53932	1555.72144
31399.24453	1523.99548
31398.94975	1546.43799
31398.65398	1508.47327
31398.35625	1555.84448
31398.06148	1551.90234
31397.76672	1566.97827
31397.46901	1569.81482
31397.17425	1557.92603
31396.87951	1549.63416
31396.58181	1561.05688
31396.28708	1588.7179
31395.99235	1547.42542
31395.69466	1595.37195
31395.39896	1548.89319
31395.10425	1612.35876
31394.80954	1592.39783
31394.51188	1643.18262
31394.21719	1651.33936
31393.92249	1667.70557
31393.62485	1619.47485
31393.33017	1682.79968
31393.0355	1674.88953
31392.73787	1659.36108
31392.44321	1663.97534
31392.14855	1638.44983
31391.85292	1595.72327
31391.55531	1641.62427
31391.26067	1613.776
31390.96604	1618.34387
31390.66845	1659.81067
31390.37383	1700.39697
31390.07921	1722.6759
31389.78164	1881.20178
31389.48703	1867.96216
31389.19243	1890.25879
31388.89488	1878.55493
31388.5993	1920.84363
31388.30472	1912.34912
31388.01014	1902.08643
31387.71261	1925.53943
31387.41804	1988.97961
31387.12348	1942.5083
31386.82596	1865.55652
31386.53141	1840.17566
31386.23687	1829.48486
31385.93937	1849.00293
31385.64483	1778.99194
31385.34932	1745.69727
31385.05479	1725.92749
31384.75732	1700.52014
31384.46281	1726.04077
31384.1683	1745.03674
31383.87084	1696.14722
31383.57635	1685.17871
31383.28186	1720.17163
31382.98442	1649.96912
31382.68994	1659.58533
31382.39546	1662.62744
31382.09705	1654.66321
31381.80259	1663.61157
31381.50813	1683.37537
31381.21368	1661.93457
31380.91628	1686.91309
31380.62184	1653.88562
31380.3274	1644.90186
31380.03002	1599.53271
31379.73559	1649.04712
31379.44118	1607.62268
31379.14381	1624.44666
31378.8494	1643.49475
31378.55401	1626.66296
31378.25962	1571.20886
31377.96227	1595.11414
31377.66789	1609.74377
31377.37351	1606.88391
31377.07618	1585.89136
31376.78181	1565.70532
31376.48745	1577.93335
31376.19013	1616.12427
31375.89578	1606.22339
31375.60143	1591.70789
31375.30709	1586.74097
31375.00882	1629.32629
31374.71449	1562.92151
31374.42017	1532.59985
31374.12289	1581.62939
31373.82858	1549.96216
31373.53427	1579.73413
31373.23702	1563.4906
31372.94272	1539.42871
31372.64843	1535.36377
31372.35119	1536.96167
31372.05691	1548.59692
31371.76165	1544.56042
31371.46738	1557.01147
31371.17016	1540.12256
31370.87591	1533.67688
31370.58165	1528.87476
31370.28445	1558.99426
31369.99021	1529.07117
31369.69598	1548.37927
31369.39879	1533.92725
31369.10457	1524.87244
31368.81035	1515.77551
31368.51515	1557.88428
31368.21799	1511.09326
31367.92379	1522.67749
31367.62959	1544.66687
31367.33245	1558.59827
31367.03826	1540.44739
31366.74408	1552.17834
31366.44695	1545.7489
31366.15278	1525.09363
31365.85862	1486.09839
31365.56151	1531.95435
31365.26637	1515.47363
31364.97223	1528.26953
31364.67808	1546.31848
31364.381	1528.02795
31364.08687	1503.96631
31363.79274	1523.65723
31363.49567	1504.87207
31363.20156	1514.45898
31362.90745	1533.90295
31362.61039	1548.77795
31362.3163	1540.021
31362.0222	1517.57959
31361.72713	1541.92065
31361.4301	1536.03271
31361.13603	1513.81409
31360.84196	1510.27136
31360.54494	1497.99731
31360.25088	1538.3158
31359.95683	1583.052
31359.65983	1565.00708
31359.36579	1499.28625
31359.07175	1518.9657
31358.77477	1538.0448
31358.47976	1507.43579
31358.18574	1462.96814
31357.89173	1507.32373
31357.59477	1543.47571
31357.30076	1502.66602
31357.00677	1490.16956
31356.70982	1494.69617
31356.41584	1483.33325
31356.12185	1508.98694
31355.82493	1502.1947
31355.53096	1509.19482
31355.23699	1533.31628
31354.94205	1541.85803
31354.64515	1472.18738
31354.3512	1480.25732
31354.05726	1516.49829
31353.76037	1515.07153
31353.46644	1488.43677
31353.17251	1495.00586
31352.87564	1522.0752
31352.58173	1500.20142
31352.28782	1490.65002
31351.99097	1516.91516
31351.69608	1511.3186
31351.40219	1471.40649
31351.1083	1506.60938
31350.81147	1503.69019
31350.5176	1471.64221
31350.22373	1503.09253
31349.92691	1488.09399
31349.63305	1497.40149
31349.3392	1493.77905
31349.0424	1495.38684
31348.74856	1498.86169
31348.45374	1527.03528
31348.15991	1498.57507
31347.86313	1524.44336
31347.56931	1527.13562
31347.27549	1538.49463
31346.97874	1524.27307
31346.68493	1525.62805
31346.39113	1501.0813
31346.09439	1498.29883
31345.8006	1516.86633
31345.50682	1534.91382
31345.20911	1496.20044
31344.91534	1493.75073
31344.62158	1463.56616
31344.32782	1486.80859
31344.03111	1505.91235
31343.73736	1513.13916
31343.44362	1492.16528
31343.14694	1511.03308
31342.8532	1478.48462
31342.55948	1499.55701
31342.26281	1482.46912
31341.96909	1484.36646
31341.6744	1512.13721
31341.38069	1513.66223
31341.08405	1534.69995
31340.79035	1497.79663
31340.49666	1498.51013
31340.20003	1478.58496
31339.90636	1505.71887
31339.61268	1478.9093
31339.31607	1520.87463
31339.02241	1545.61584
31338.72876	1549.44775
31338.43511	1523.92249
31338.13753	1581.82861
31337.84389	1547.67371
31337.55026	1563.35999
31337.25369	1588.22534
31336.96006	1527.86804
31336.66645	1548.99292
31336.36989	1564.61316
31336.07628	1576.00269
31335.78268	1553.82043
31335.48614	1498.78882
31335.19255	1497.19873
31334.89799	1511.7832
31334.60441	1496.10278
31334.30789	1524.37732
31334.01433	1503.41565
31333.72076	1500.88916
31333.42426	1539.02637
31333.13071	1524.31274
31332.83717	1515.86145
31332.54068	1515.57239
31332.24715	1514.86548
31331.95362	1518.28259
31331.65912	1524.54248
31331.36265	1495.54504
31331.06914	1573.64648
31330.77564	1517.37817
31330.47919	1546.47351
31330.18569	1535.1947
31329.8922	1534.28979
31329.59578	1524.90112
31329.3023	1537.71643
31329.00882	1557.72717
31328.71241	1552.36865
31328.41797	1530.2666
31328.12451	1529.91797
31327.83106	1539.07361
31327.53467	1515.77283
31327.24123	1514.45862
31326.94779	1555.63257
31326.65142	1555.9928
31326.358	1531.01563
31326.06458	1529.78076
31325.76822	1540.42383
31325.47482	1581.06213
31325.18141	1534.89319
31324.88704	1549.14856
31324.5907	1609.14917
31324.29732	1558.86108
31324.00394	1587.85144
31323.70762	1563.5769
31323.41425	1546.7439
31323.12089	1586.21484
31322.82459	1581.16443
31322.53124	1603.44678
31322.23789	1570.61096
31321.94161	1556.4342
31321.64729	1593.49744
31321.35396	1587.51807
31321.06064	1569.21887
31320.76437	1538.82764
31320.47106	1582.70813
31320.17775	1549.17651
31319.88151	1514.14648
31319.58821	1545.54211
31319.29492	1540.22253
31318.99869	1555.41199
31318.70541	1547.63794
31318.41214	1502.45386
31318.11789	1547.42468
31317.82168	1561.16882
31317.52842	1560.83154
31317.23517	1500.64978
31316.93898	1534.52417
31316.64574	1511.5
31316.3525	1488.68066
31316.05633	1534.2915
31315.7631	1503.77527
31315.46988	1547.63159
31315.17373	1501.65601
31314.87954	1487.901
31314.58633	1510.09094
31314.29314	1516.80347
31313.997	1552.61377
31313.70382	1575.8064
31313.41064	1497.54895
31313.11452	1549.74622
31312.82135	1556.82056
31312.52818	1509.05542
31312.23208	1533.64893
31311.93893	1500.07788
31311.6448	1516.41003
31311.35166	1507.8324
31311.05558	1516.01062
31310.76245	1537.22534
31310.46932	1519.60803
31310.17326	1494.08289
31309.88015	1499.89746
31309.58704	1513.85571
31309.29099	1472.29395
31308.99789	1501.07629
31308.7048	1483.47229
31308.40779	1493.31287
31308.11471	1509.30212
31307.82163	1485.86816
31307.52856	1487.4425
31307.23256	1522.30835
31306.9395	1525.7511
31306.64644	1599.22632
31306.35045	1558.68774
31306.05741	1537.69653
31305.76437	1550.90051
31305.4684	1602.19507
31305.17537	1576.46692
31304.88137	1592.4248
31304.58835	1556.53479
31304.2924	1583.52478
31303.9994	1603.44275
31303.7064	1577.92114
31303.41047	1599.81006
31303.11748	1598.55591
31302.82449	1560.13818
31302.52858	1549.75684
31302.23561	1567.05896
31301.94264	1624.69543
31301.64968	1613.50732
31301.3528	1562.16199
31301.05985	1592.78052
31300.76691	1637.43323
31300.47103	1635.51355
31300.1781	1626.91528
31299.88517	1605.25183
31299.58931	1602.91663
31299.29639	1582.65405
31299.00348	1616.76245
31298.70764	1554.58105
31298.41474	1601.33118
31298.12086	1560.47632
31297.82797	1566.74695
31297.53215	1558.10315
31297.23927	1614.99475
31296.9464	1590.0304
31296.65059	1611.93433
31296.35773	1621.55029
31296.06487	1637.02197
31295.76908	1575.98254
31295.47624	1594.14258
31295.1834	1599.43359
31294.88959	1592.48962
31294.59382	1602.33557
31294.30099	1571.88818
31294.00818	1589.24036
31293.71243	1576.20129
31293.41962	1544.99133
31293.12682	1627.22278
31292.83108	1601.91345
31292.53829	1601.39587
31292.24551	1607.73169
31291.94979	1579.97095
31291.65604	1608.17639
31291.36327	1600.77856
31291.07051	1586.62585
31290.77481	1604.70825
31290.48206	1611.57959
31290.18931	1592.70837
31289.89364	1624.54968
31289.6009	1610.83435
31289.30817	1604.60706
31289.01251	1611.68506
31288.71979	1593.19336
31288.42708	1629.7959
31288.13339	1661.60706
31287.83775	1631.80737
31287.54505	1613.98523
31287.25236	1673.24487
31286.95674	1626.09668
31286.66406	1608.48633
31286.37138	1669.60193
31286.07578	1645.53943
31285.78311	1618.41577
31285.49046	1642.22461
31285.19487	1616.09534
31284.90124	1635.49316
31284.6086	1664.72839
31284.31596	1706.82532
31284.02039	1743.96741
31283.72777	1755.13586
31283.43515	1777.73999
31283.1396	1811.77612
31282.84699	1870.93066
31282.55439	1845.16785
31282.25885	1841.41455
31281.96626	1791.93225
31281.67367	1764.06653
31281.38011	1747.96423
31281.0846	1793.48901
31280.79203	1809.71472
31280.49946	1828.90393
31280.20397	1792.62024
31279.91142	1805.63782
31279.61887	1798.15076
31279.32339	1761.55261
31279.03085	1751.20032
31278.73832	1744.85535
31278.44286	1730.05383
31278.14936	1783.74512
31277.85684	1810.08398
31277.56433	1833.69153
31277.26889	1824.13428
31276.97639	1758.06714
31276.6839	1763.92078
31276.38848	1770.07104
31276.09599	1798.3042
31275.80352	1808.69177
31275.50811	1774.18445
31275.21564	1821.8595
31274.9222	1792.76343
31274.62975	1798.37524
31274.33436	1808.63232
31274.04192	1793.05127
31273.74948	1793.17896
31273.45411	1812.83289
31273.16169	1793.50073
31272.86926	1828.80884
31272.57391	1773.22131
31272.2815	1813.05762
31271.98909	1763.82678
31271.69278	1759.30957
31271.40039	1740.84741
31271.108	1755.21643
31270.81561	1765.15588
31270.5203	1799.70654
31270.22793	1752.40942
31269.93556	1730.9679
31269.64027	1755.89453
31269.34791	1897.73401
31269.05556	2040.8252
31268.76028	2092.68652
31268.46794	2104.7644
31268.17463	2038.91125
31267.8823	2034.71997
31267.58704	2011.32068
31267.29472	2076.25732
31267.00241	2020.16931
31266.70717	1990.25659
31266.41487	2008.74011
31266.12257	2040.28735
31265.82735	1952.57849
31265.53506	1971.12878
31265.24278	1968.70874
31264.95051	1986.25134
31264.65433	1955.28198
31264.36207	1930.66248
31264.06981	1886.87903
31263.77462	1878.37341
31263.48238	1933.31091
31263.19014	1893.30737
31262.89497	1924.99219
31262.60274	1921.9325
31262.31051	1958.65295
31262.01536	1907.4718
31261.72315	1889.19006
31261.42996	1918.07227
31261.13776	1952.89661
31260.84263	2038.89221
31260.55044	2103.92065
31260.25825	2247.08325
31259.96314	2340.84009
31259.67096	2326.37134
31259.37879	2269.08057
31259.08369	2250.76221
31258.79154	2235.92212
31258.49938	2273.56372
31258.20626	2168.13965
31257.91118	2091.35962
31257.61904	2135.43115
31257.32691	2059.75781
31257.03186	1929.25806
31256.73973	1946.06226
31256.44762	1917.02942
31256.15258	1968.59424
31255.86047	1977.07117
31255.56837	2011.77563
31255.27335	2058.64136
31254.98029	2015.65283
31254.6882	2046.65576
31254.39613	2045.9624
31254.10112	2131.90942
31253.80906	2071.19312
31253.517	2114.43262
31253.22201	2132.90112
31252.92996	2107.65039
31252.63792	2173.1438
31252.34295	2079.32056
31252.05092	2108.42334
31251.75889	2073.09399
31251.46589	2035.30981
31251.17094	2005.8894
31250.87893	2053.49487
31250.58693	2052.04077
31250.29199	2005.11707
31250	2010.51196
31249.70801	1988.28381
31249.4131	2030.88855
31249.12112	2028.11377
31248.82915	2060.19824
31248.53425	2149.74829
31248.24131	2191.38867
31247.94935	2235.71631
31247.6574	2301.43994
31247.36253	2209.99048
31247.07059	2279.8877
31246.77865	2241.83081
31246.48379	2257.57666
31246.19187	2191.59424
31245.89995	2280.71167
31245.60511	2193.71338
31245.3132	2239.22534
31245.0213	2192.84399
31244.72843	2200.21484
31244.43361	2219.02808
31244.14172	2188.98291
31243.84984	2246.11426
31243.55504	2246.36304
31243.26317	2233.90503
31242.97131	2276.73071
31242.67652	2331.00049
31242.38467	2290.91162
31242.09282	2238.4668
31241.79805	2361.7793
31241.50524	2357.97729
31241.21341	2442.02441
31240.92158	2390.41943
31240.62684	2334.28442
31240.33502	2366.52905
31240.04321	2416.7356
31239.74848	2350.74707
31239.45668	2299.85962
31239.16489	2297.94629
31238.87018	2289.08789
31238.57839	2301.61084
31238.28564	2279.87012
31237.99387	2298.95801
31237.69918	2299.98242
31237.40742	2406.04688
31237.11567	2538.84619
31236.82099	2700.55566
31236.52925	2695.19214
31236.23751	2650.62012
31235.94285	2754.57275
31235.65112	2759.4873
31235.3594	2830.03711
31235.06378	2874.07031
31234.77207	2991.38599
31234.48037	3084.75342
31234.18867	2906.74731
31233.89405	2835.19824
31233.60236	2912.95874
31233.31068	3023.40894
31233.01607	2975.24243
31232.7244	2951.02783
31232.43273	2956.16943
31232.13814	3047.32959
31231.84649	2922.72363
31231.55386	2971.87207
31231.26222	3009.37305
31230.96765	3066.35522
31230.67602	3040.65186
31230.38439	2982.72607
31230.08984	3019.49878
31229.79822	3026.92798
31229.50661	3104.86987
31229.21208	3117.58472
31228.92048	3055.06958
31228.62888	3257.2229
31228.33729	3152.68994
31228.04181	3288.11182
31227.75023	3259.31714
31227.45865	3463.71875
31227.16416	3428.26587
31226.8726	3331.9502
31226.58104	3556.15894
31226.28656	3506.32471
31225.99502	3679.85718
31225.70348	3692.83521
31225.40901	3787.42603
31225.11748	3749.68872
31224.82498	3927.74951
31224.53347	4000.03027
31224.23903	3869.69653
31223.94752	4213.94629
31223.65602	3983.66211
31223.36159	4228.83984
31223.0701	4526.1084
31222.77862	4424.97998
31222.48421	4422.2085
31222.19273	4596.12646
31221.90126	4541.89111
31221.60883	4736.99658
31221.31444	4952.65576
31221.02299	4813.58154
31220.73154	4609.70898
31220.43717	5186.25537
31220.14574	4882.60303
31219.8543	5205.81104
31219.55995	5445.87305
31219.26853	5935.21338
31218.97712	5963.17285
31218.68278	6316.15918
31218.3904	6458.24658
31218.09901	7300.93994
31217.80761	7333.29736
31217.5133	8111.59131
31217.22192	8575.79492
31216.93054	9120.9541
31216.63624	9745.63867
31216.34488	11064.20801
31216.05352	11017.22363
31215.75924	12189.09766
31215.46789	12157.82227
31215.17654	13622.54785
31214.88423	13717.75195
31214.58997	14448.80566
31214.29865	14734.94727
31214.00732	14570.66211
31213.71308	15575.04492
31213.42177	14646.13574
31213.13047	14498.06055
31212.83624	14919.09375
31212.54495	14316.49121
31212.25366	14701.20313
31211.95945	14625.84961
31211.6672	14311.43359
31211.37592	14299.45605
31211.08465	13755.12891
31210.79047	14189.97559
31210.49921	13658.40527
31210.20796	13040.28613
31209.91379	11631.47949
31209.62255	11427.8623
31209.33132	10527.69238
31209.03716	10955.57227
31208.74594	9968.13477
31208.45472	10083.01074
31208.16253	9198.76074
31207.8684	9368.66895
31207.5772	9076.6123
31207.286	8963.44336
31206.99189	8075.71924
31206.7007	8835.47168
31206.40952	8532.79199
31206.11542	8492.22754
31205.82426	8641.73438
31205.53309	7978.72852
31205.23901	8589.10352
31204.94688	8234.86719
31204.65573	8608.69531
31204.36459	8657.19043
31204.07053	8716.80371
31203.7794	8889.93555
31203.48828	9098.74512
31203.19423	9124.9834
31202.90312	8455.3125
31202.61201	9132.5332
31202.31798	7816.39697
31202.02688	7685.4292
31201.73482	7343.58203
31201.44373	7498.09766
31201.14972	6703.88232
31200.85865	6567.26074
31200.56758	6914.49756
31200.27359	6601.05762
31199.98253	6596.00049
31199.69147	6257.33691
31199.3975	6208.07813
31199.10646	6383.14063
31198.81542	6491.35156
31198.52049	6471.10449
31198.22946	7304.07764
31197.93844	7417.71777
31197.64742	7389.70166
31197.35349	7989.14063
31197.06248	8207.83203
31196.77148	9138.73438
31196.47757	9467.57715
31196.18658	9753.23535
31195.89559	10178.2832
31195.60169	10040.26074
31195.31072	11029.05957
31195.01878	11670.64355
31194.72782	12711.7627
31194.43394	12852.43457
31194.14299	13652.53711
31193.85204	13450.36914
31193.55818	14872.51855
31193.26725	14618.19043
31192.97631	13701.66602
31192.68247	13839.31055
31192.39155	12461.92676
31192.10064	14901.2793
31191.80973	14255.68457
31191.51493	15385.56641
31191.22404	14437.3418
31190.93315	15464.71582
31190.63934	14719.16309
31190.34846	14984.56543
31190.05758	14143.64746
31189.76379	15475.9082
31189.47293	12529.86816
31189.18207	12359.62793
31188.8883	12363.26367
31188.59745	10900.48828
31188.30563	11313.55371
31188.0148	10984.71582
31187.72104	10194.8125
31187.43022	9886.75879
31187.1394	9484.83008
31186.84566	9058.16992
31186.55485	9313.36621
31186.26405	9671.0625
31185.97033	10347.06055
31185.67954	9669.49023
31185.38875	10570.73926
31185.09699	10677.14258
31184.8033	11544.34375
31184.51252	12500.58594
31184.22176	12915.23828
31183.92808	12375.24609
31183.63732	14416.09668
31183.34657	14700.35938
31183.05291	14621.72852
31182.76217	12535.03125
31182.47143	13872.52148
31182.17779	14059.75293
31181.88609	12159.92285
31181.59538	14089.25781
31181.30466	13959.30566
31181.01104	13530.54004
31180.72034	12728.36523
31180.42964	13813.63477
31180.13603	14635.94434
31179.84535	15655.5625
31179.55467	15420.81445
31179.26108	15187.55078
31178.97041	15104.95605
31178.67974	15864.67773
31178.38811	15271.50488
31178.09455	14990.2998
31177.8039	14945.5498
31177.51326	15306.20117
31177.2197	14286.56738
31176.92907	15599.17578
31176.63845	14507.1582
31176.34491	14422.23242
31176.0543	15102.83594
31175.76369	15043.26855
31175.47017	14513.60449
31175.1786	15349.26465
31174.888	14822.20996
31174.59742	14675.8584
31174.30392	14641.01563
31174.01334	14342.04102
31173.72277	13585.14648
31173.42929	13913.0166
31173.13873	13684.65723
31172.84817	13179.74609
31172.55471	13773.04395
31172.26417	13286.42383
31171.97363	13586.47559
31171.68212	12962.03906
31171.38868	11680.14844
31171.09816	11856.9375
31170.80764	10984.24707
31170.51421	11676.19727
31170.22371	11107.31543
31169.93321	10734.94434
31169.6398	10509.38184
31169.34931	10101.96289
31169.05882	9725.8584
31168.76543	9277.85938
31168.47399	8964.25195
31168.18352	9154.96094
31167.89306	8861.67285
31167.59968	8934.27539
31167.30923	8450.23633
31167.01879	8710.3252
31166.72543	7850.95605
31166.435	8323.93359
31166.14457	8159.70947
31165.85123	7611.45752
31165.56081	7171.59961
31165.26942	7275.93848
31164.97902	7328.66943
31164.6857	7123.38281
31164.3953	7514.13574
31164.10491	7739.41455
31163.81161	8141.61865
31163.52123	7856.03955
31163.23085	7943.32471
31162.93757	7999.44824
31162.6472	8010.58057
31162.35685	8136.96143
31162.06261	8353.10156
31161.77226	8351.96582
31161.48192	7860.60205
31161.19158	8006.61133
31160.89833	7162.7168
31160.60801	7445.86084
31160.31768	6980.19482
31160.02446	7193.05078
31159.73415	6832.63184
31159.44384	6127.14502
31159.15063	6605.83691
31158.86033	6112.95996
31158.56907	6062.6333
31158.27879	6014.03809
31157.9856	5670.60547
31157.69533	5401.40479
31157.40506	5458.66504
31157.11189	5420.96484
31156.82163	5438.74707
31156.53138	5389.14404
31156.23822	5212.24512
31155.94798	5206.44043
31155.65775	5134.50684
31155.36752	5082.25732
31155.07341	5106.13037
31154.78319	5233.83545
31154.49298	4930.24219
31154.19986	4948.17822
31153.90966	5338.18408
31153.61946	5325.90283
31153.32636	5279.95068
31153.03617	5174.11963
31152.74599	5043.42871
31152.45291	5314.61133
31152.16274	5094.86768
31151.8716	5327.19092
31151.58145	5301.58252
31151.28838	4931.90039
31150.99823	5442.86768
31150.70809	5298.44043
31150.41504	5470.78467
31150.12491	5929.26611
31149.83479	5979.34961
31149.54175	5836.06006
31149.25164	5498.71387
31148.96153	5795.23389
31148.67045	5699.47949
31148.37745	5973.31299
31148.08735	5729.49512
31147.79726	5691.88525
31147.50427	5633.11865
31147.21419	5634.14648
31146.92412	5221.60107
31146.63114	5316.19873
31146.34108	5219.1709
31146.05103	5288.89844
31145.75807	5296.12793
31145.46705	5268.40967
31145.17701	5191.5415
31144.88698	5317.84326
31144.59404	4995.95215
31144.30402	4909.0752
31144.014	5160.13916
31143.72108	5294.81104
31143.43107	5410.11279
31143.14107	5400.54395
31142.84816	5252.40039
31142.55817	5271.68164
31142.26819	5069.17676
31141.97724	5174.10449
31141.68436	4926.85938
31141.39439	4991.22656
31141.10442	5007.35449
31140.81156	5093.02686
31140.5216	4924.89893
31140.23166	5197.69727
31139.93881	4958.80859
31139.64887	4788.50439
31139.35894	4706.13428
31139.0661	4816.20996
31138.77521	4711.40186
31138.4853	4644.00586
31138.19539	4478.70117
31137.90258	4462.70117
31137.61268	4334.13477
31137.32279	4217.39014
31137.02999	4227.26367
31136.74011	4258.56104
31136.45023	4043.07324
31136.15745	4007.12988
31135.86759	4013.58984
31135.57772	4026.82056
31135.2869	3984.78638
31134.99414	3861.354
31134.7043	3888.39893
31134.41446	3918.02539
31134.12172	3949.10229
31133.83189	3978.29102
31133.54207	3952.95264
31133.24934	3870.97607
31132.95953	3894.65942
31132.66972	3883.42358
31132.37702	3638.93164
31132.08625	3667.13599
31131.79646	3827.99561
31131.50668	3674.56934
31131.21399	3832.75928
31130.92421	3601.01392
31130.63445	3566.177
31130.34178	3476.51416
31130.05202	3527.07251
31129.76227	3545.98169
31129.46961	3421.26758
31129.17987	3604.18042
31128.88917	3623.79443
31128.59943	3736.55908
31128.3068	3805.51733
31128.01708	3827.56079
31127.72737	3698.41382
31127.43475	3784.85229
31127.14505	3857.16284
31126.85535	3813.39331
31126.56275	3768.24609
31126.27306	3707.20874
31125.98338	3833.44556
31125.68983	3682.56934
31125.40016	3570.38135
31125.11049	3336.18481
31124.82083	3377.24536
31124.52827	3461.3772
31124.23862	3264.05322
31123.94898	3180.51709
31123.65643	3285.85889
31123.3668	3304.81885
31123.07717	3327.29346
31122.78465	3413.95874
31122.49503	3657.42627
31122.20445	3654.37207
31121.91484	4016.43335
31121.62234	4196.0498
31121.33274	4507.30518
31121.04315	4508.45752
31120.75066	4565.36328
31120.46108	4615.65576
31120.17151	5017.9668
31119.87903	5177.70508
31119.58947	5753.85791
31119.29991	5979.74902
31119.01036	5727.62305
31118.71694	5817.24268
31118.4274	5650.30273
31118.13786	5463.33154
31117.84543	5283.10205
31117.5559	5362.11328
31117.26638	4908.51367
31116.97396	4771.20459
31116.68446	4746.66406
31116.39495	4620.6582
31116.10255	4609.5625
31115.81306	4763.05957
31115.5226	4691.78564
31115.23312	4586.21289
31114.94074	4402.38867
31114.65127	4410.28418
31114.3618	4442.10986
31114.06944	4261.02832
31113.77998	4288.28613
31113.49053	4250.43701
31113.19818	4122.50684
31112.90875	4083.53271
31112.61931	3972.56689
31112.32892	3839.88037
31112.03659	4037.05322
31111.74717	3810.87549
31111.45776	3595.76343
31111.16545	3738.3064
31110.87605	3679.8623
31110.58666	3604.34619
31110.29436	3772.04663
31110.00498	3772.58057
31109.7156	3646.32983
31109.42332	3707.1416
31109.13299	3704.47729
31108.84362	3607.85571
31108.55426	3491.71265
31108.26201	3527.94189
31107.97266	3477.22168
31107.68332	3462.62671
31107.39108	3311.72485
31107.10175	3262.47046
31106.81243	3366.56372
31106.5202	3327.07275
31106.23089	3342.01318
31105.94158	3245.59497
31105.65131	3221.52637
31105.35911	3283.15308
31105.06982	3222.7168
31104.78053	3457.54541
31104.48834	3264.51294
31104.19907	3339.20483
31103.9098	3207.38501
31103.61763	3161.72021
31103.32837	3056.09033
31103.03911	3140.13989
31102.74696	3162.75684
31102.45675	3064.36108
31102.16751	3174.6167
31101.87828	3198.99585
31101.58615	3077.99243
31101.29692	3040.08813
31101.00771	3080.42651
31100.71559	2988.40967
31100.42639	3033.92773
31100.13719	3055.37329
31099.84509	3092.16016
31099.5559	3078.46973
31099.26671	3104.72144
31098.97657	3218.57544
31098.68449	3099.48633
31098.39532	3174.88281
31098.10616	3252.66455
31097.8141	2971.33447
31097.52495	3093.64355
31097.2358	3034.40698
31096.94376	3027.90356
31096.65462	3038.25146
31096.36549	3032.13916
31096.07346	3040.58228
31095.78338	3020.49341
31095.49426	3015.22217
31095.20515	2945.11548
31094.91315	2920.45972
31094.62405	2761.55786
31094.33496	2894.31372
31094.04297	2956.23267
31093.75389	2844.55225
31093.46481	2937.92603
31093.17284	2906.25928
31092.88377	2838.33154
31092.59374	2857.61548
31092.30469	2949.6853
31092.01274	3005.54858
31091.72369	2866.74512
31091.43465	2929.08252
31091.14272	3043.48267
31090.85369	3052.30859
31090.56467	2923.60791
31090.27275	2962.09253
31089.98374	2914.68701
31089.69473	2879.01367
31089.40187	2911.8689
31089.11287	2867.40332
31088.82388	2923.10107
31088.53489	2844.23511
31088.24301	2801.92505
31087.95404	2935.77417
31087.66507	2881.66748
31087.37321	2837.58057
31087.08425	2854.15991
31086.7953	2817.53589
31086.50345	2757.38232
31086.21451	2863.36499
31085.9246	2849.50806
31085.63567	2827.93774
31085.34385	2844.49487
31085.05493	2793.52563
31084.76601	2843.6897
31084.4742	2757.74072
31084.1853	2772.15845
31083.8964	2632.96777
31083.60461	2725.25098
31083.31572	2707.97314
31083.02684	2624.66016
31082.73796	2825.88794
31082.44522	2731.23438
31082.15636	2705.62793
31081.86749	2774.4895
31081.57574	2814.88477
31081.28689	2702.65625
31080.99804	2720.58105
31080.70631	2698.78662
31080.41747	2634.43286
31080.12864	2612.09766
31079.83692	2692.14136
31079.5481	2576.83179
31079.25832	2636.45117
31078.96952	2660.93823
31078.67782	2654.06641
31078.38902	2655.21191
31078.10023	2625.77295
31077.80855	2576.46362
31077.51977	2657.58789
31077.23099	2627.03052
31076.93932	2554.43726
31076.65056	2571.99341
31076.3618	2529.05713
31076.07208	2573.24536
31075.78043	2554.19653
31075.49169	2597.54175
31075.20295	2642.24609
31074.91133	2615.43359
31074.6226	2584.31958
31074.33388	2523.25195
31074.04226	2581.83667
31073.75355	2594.96216
31073.46485	2519.25391
31073.17325	2537.6604
31072.88359	2450.35791
31072.5949	2529.5918
31072.30622	2548.51489
31072.01465	2538.95313
31071.72597	2581.12329
31071.4373	2551.47607
31071.14575	2628.20654
31070.85709	2592.29468
31070.56844	2640.92554
31070.2769	2538.80469
31069.98826	2603.58813
31069.69962	2603.03638
31069.41003	2570.14551
31069.1185	2457.79126
31068.82989	2705.03101
31068.54127	2535.59424
31068.24977	2664.62134
31067.96117	2752.91821
31067.67257	2696.1123
31067.38108	2698.77563
31067.09249	2710.65796
31066.80391	2748.87646
31066.51244	2656.81152
31066.2229	2674.37622
31065.93434	2693.22949
31065.64578	2652.38403
31065.35433	2682.55811
31065.06578	2733.79175
31064.77724	2618.28076
31064.4858	2670.43896
31064.19727	2656.35815
31063.90874	2685.17017
31063.61733	2588.78076
31063.32881	2644.77808
31063.0403	2578.19995
31062.75083	2519.04248
31062.45943	2519.54102
31062.17094	2532.0249
31061.88245	2572.47461
31061.59107	2564.28003
31061.30259	2595.7019
31061.01411	2570.27173
31060.72275	2576.04663
31060.43429	2575.32104
31060.14583	2551.28906
31059.85448	2503.56909
31059.56507	2530.16089
31059.27663	2524.25537
31058.98819	2528.86548
31058.69687	2487.16772
31058.40844	2516.70435
31058.12002	2449.85474
31057.82871	2412.20752
31057.5403	2507.1582
31057.2519	2511.42749
31056.96061	2489.60229
31056.67222	2505.9895
31056.38286	2383.20581
31056.09448	2472.7356
31055.80321	2377.37524
31055.51484	2356.34473
31055.22647	2430.44604
31054.93522	2436.19531
31054.64686	2446.31396
31054.35851	2492.38989
31054.06727	2477.54712
31053.77893	2465.54053
31053.4906	2460.04932
31053.19841	2465.96997
31052.91009	2472.04907
31052.62177	2487.64917
31052.33346	2451.14771
31052.04226	2389.44629
31051.75396	2349.60181
31051.46566	2411.0293
31051.17448	2471.41333
31050.88619	2413.18799
31050.59791	2422.47754
31050.30674	2497.98047
31050.01847	2403.70679
31049.72925	2430.70874
31049.44099	2482.09448
31049.14984	2478.42896
31048.86159	2504.39136
31048.57335	2425.38965
31048.28222	2467.33984
31047.99399	2580.85352
31047.70576	2482.71094
31047.41465	2486.46313
31047.12643	2442.41992
31046.83822	2474.47095
31046.55002	2401.51587
31046.25796	2439.26392
31045.96977	2417.80591
31045.68158	2380.29028
31045.3905	2437.69751
31045.10232	2328.46362
31044.81415	2355.56934
31044.52309	2412.53687
31044.23493	2471.69775
31043.94677	2438.7583
31043.65573	2469.6311
31043.36758	2363.15308
31043.07848	2424.96216
31042.79034	2365.77661
31042.49932	2322.3335
31042.2112	2328.0188
31041.92308	2279.29077
31041.63207	2328.24316
31041.34397	2352.00537
31041.05586	2368.2312
31040.76487	2367.81201
31040.47678	2361.60083
31040.18869	2446.34204
31039.89965	2368.42285
31039.60868	2379.55566
31039.32061	2346.75488
31039.03255	2273.9292
31038.7416	2379.44702
31038.45354	2300.3291
31038.16549	2280.08521
31037.87456	2310.51758
31037.58652	2291.33447
31037.29848	2247.36841
31037.00757	2316.32593
31036.71858	2281.98291
31036.43056	2320.81274
31036.14255	2269.94653
31035.85165	2295.55249
31035.56365	2225.33691
31035.27566	2309.27148
31034.98478	2333.21558
31034.69679	2215.63452
31034.40881	2257.44238
31034.11795	2225.99634
31033.82998	2295.03882
31033.54201	2266.22363
31033.25309	2294.45313
31032.96225	2337.39478
31032.6743	2216.15161
31032.38636	2217.4375
31032.09553	2256.34448
31031.8076	2196.75317
31031.51968	2258.64526
31031.22887	2223.15674
31030.94095	2182.32642
31030.65304	2187.62476
31030.36225	2216.92871
31030.07339	2197.80103
31029.78549	2274.67065
31029.4976	2257.10449
31029.20683	2176.60132
31028.91895	2249.68481
31028.63108	2217.14966
31028.34032	2204.83325
31028.05246	2257.45093
31027.76461	2150.37256
31027.47387	2185.18799
31027.18602	2234.76807
31026.89818	2244.87988
31026.60938	2130.67944
31026.31866	2179.26514
31026.03084	2194.78394
31025.74302	2207.79883
31025.45232	2161.99048
31025.16451	2183.99438
31024.87671	2217.33887
31024.58602	2172.42236
31024.29823	2112.25488
31024.01044	2141.70239
31023.71977	2126.48511
31023.43104	2154.51001
31023.14326	2142.3689
31022.8555	2171.12231
31022.56485	2117.91211
31022.2771	2141.43164
31021.98935	2149.01147
31021.69872	2159.99609
31021.41098	2194.37134
31021.12324	2176.71802
31020.83263	2154.80151
31020.54491	2105.98926
31020.25623	2084.03223
31019.96852	2177.448
31019.67792	2128.31445
31019.39022	2232.35645
31019.10252	2182.07642
31018.81195	2198.10742
31018.52426	2115.90015
31018.23658	2132.25
31017.94602	2108.14868
31017.65835	2061.62842
31017.37069	2057.96362
31017.07918	2041.06226
31016.79153	2039.81677
31016.50388	2068.59937
31016.21624	2078.31494
31015.92572	2087.10449
31015.63808	2129.80786
31015.35046	2113.76538
31015.05995	2115.43701
31014.77234	2099.06934
31014.48473	2024.65332
31014.19424	2053.36035
31013.90664	2000.74646
31013.61808	2049.44849
31013.33049	2055.74609
31013.04002	2122.88745
31012.75244	2057.78491
31012.46487	2073.54883
31012.17442	2114.35864
31011.88686	2057.75757
31011.5993	2102.22632
31011.30886	2128.01807
31011.02132	2038.7063
31010.73378	2025.25208
31010.44624	2005.04871
31010.15486	2045.90393
31009.86734	2036.60156
31009.57982	2075.19092
31009.28942	1967.63098
31009.00191	2053.44849
31008.71441	2035.59741
31008.42403	2063.44189
31008.13654	2069.93652
31007.84905	2069.44385
31007.55868	2024.12939
31007.27121	2030.81921
31006.98277	2003.98853
31006.69531	2061.51147
31006.40496	2016.20947
31006.11751	2071.28149
31005.83006	2012.8999
31005.53973	2068.82422
31005.25229	2100.13184
31004.96486	2118.40576
31004.67454	2033.27307
31004.38712	2016.37866
31004.0997	1995.08264
31003.81133	1948.6488
31003.52104	1953.77771
31003.23364	1979.91907
31002.94624	1997.28394
31002.65597	2011.18872
31002.36858	1978.57275
31002.0812	2061.73901
31001.79094	2097.70532
31001.50357	2054.49976
31001.21621	2063.91602
31000.92597	2016.69287
31000.63765	1967.56824
31000.3503	2007.3103
31000.06296	1941.43921
30999.77274	1959.44788
30999.48541	2063.78906
30999.19808	2053.09692
30998.90788	2009.1283
30998.62056	2063.25684
30998.33325	2017.59961
30998.04306	1994.69336
30997.75576	2051.20996
30997.46847	1994.63562
30997.18022	2040.21973
30996.89005	1990.38525
30996.60277	2005.21436
30996.3155	2062.95459
30996.02535	2007.90234
30995.73809	2164.30762
30995.45083	2267.51587
30995.16069	2252.2644
30994.87345	2284.06274
30994.58621	2269.45654
30994.29609	2273.46167
30994.0079	2259.63501
30993.72067	2358.66772
30993.43345	2248.91895
30993.14336	2280.48633
30992.85615	2169.67896
30992.56894	2156.44287
30992.27886	2122.4812
30991.99167	2088.77002
30991.70448	2154.06323
30991.41442	2149.45117
30991.12724	2166.51099
30990.84007	2101.88721
30990.55194	2138.12866
30990.2619	2108.75879
30989.97474	2058.28198
30989.68759	2045.56445
30989.39757	2071.92383
30989.11043	2064.104
30988.82329	2062.49316
30988.53328	2039.5896
30988.24616	2077.90088
30987.95904	2106.21069
30987.66905	2023.52991
30987.38098	2088.50488
30987.09388	2122.83936
30986.80678	2015.78394
30986.51681	2020.07935
30986.22972	2011.27917
30985.94264	1974.01917
30985.65268	2026.56006
30985.36561	1961.354
30985.07855	1941.21228
30984.78861	1940.19324
30984.50155	2017.91504
30984.21354	2021.15833
30983.9265	2025.72058
30983.63658	2028.89001
30983.34955	2012.40259
30983.06252	1972.38086
30982.77262	1929.47522
30982.4856	1918.84045
30982.19859	1919.38184
30981.9087	1982.56726
30981.6217	1910.90344
30981.33471	1891.70703
30981.04388	1891.57935
30980.75689	1904.37695
30980.46991	1967.39587
30980.18294	1906.07568
30979.89309	1889.8866
30979.60613	1920.77344
30979.31917	1897.24426
30979.02933	1869.54871
30978.74239	1888.54041
30978.45544	1855.92981
30978.16563	1852.42249
30977.8787	1854.59949
30977.59081	1862.58948
30977.30389	1894.18359
30977.0141	1856.1676
30976.72718	1892.02368
30976.44028	1865.21753
30976.1505	1881.19385
30975.86361	1865.68799
30975.57672	1913.69177
30975.28696	1862.23657
30975.00008	1773.93604
30974.7132	1861.51208
30974.42634	1798.83044
30974.13564	1808.03564
30973.84878	1827.95007
30973.56193	1841.82092
30973.2722	1840.21643
30972.98536	1857.01917
30972.69853	1804.27832
30972.40882	1842.60608
30972.12199	1792.21814
30971.83517	1820.23352
30971.54548	1738.2085
30971.25867	1751.34778
30970.97091	1766.7323
30970.68411	1791.1062
30970.39444	1825.4303
30970.10765	1875.63184
30969.82087	1836.45032
30969.53122	1804.93359
30969.24444	1802.76648
30968.95768	1830.64063
30968.66804	1834.55847
30968.38128	1842.02368
30968.09453	1819.77026
30967.80683	1753.83167
30967.51721	1795.09399
30967.23048	1762.73828
30966.94375	1763.6073
30966.65415	1763.14441
30966.36743	1806.47729
30966.08072	1822.6731
30965.79113	1765.49695
30965.50443	1818.62756
30965.21773	1809.16687
30964.92816	1757.66028
30964.64052	1790.27429
30964.35384	1769.44214
30964.06716	1743.44189
30963.77761	1685.99548
30963.49095	1716.60559
30963.20429	1717.13208
30962.91476	1721.42712
30962.62811	1735.47021
30962.34146	1813.83301
30962.05195	1729.00806
30961.76532	1767.20813
30961.47869	1770.90015
30961.19111	1769.099
30960.90161	1713.56982
30960.615	1754.17261
30960.32839	1712.64233
30960.03892	1743.46948
30959.75232	1693.22266
30959.46573	1661.83411
30959.17627	1744.5022
30958.88969	1732.11047
30958.60312	1759.14807
30958.31367	1745.67639
30958.02615	1721.39307
30957.73959	1704.75
30957.45304	1678.2699
30957.16361	1734.83374
30956.87707	1682.62317
30956.59053	1639.26843
30956.30113	1694.79419
30956.0146	1691.28833
30955.72808	1705.13757
30955.43869	1655.40417
30955.15218	1751.92969
30954.86567	1707.33484
30954.57821	1726.58301
30954.28884	1756.38696
30954.00235	1673.53027
30953.71587	1638.76453
30953.42651	1618.66724
30953.14004	1632.92236
30952.85357	1649.62
30952.56424	1660.61816
30952.27778	1643.00842
30951.99133	1650.0083
30951.702	1661.00183
30951.41461	1678.07532
30951.12817	1667.08948
30950.84174	1707.55688
30950.55244	1672.19763
30950.26602	1645.58447
30949.9796	1611.81567
30949.69032	1607.96753
30949.40391	1631.49243
30949.11752	1610.45886
30948.82825	1633.20947
30948.54186	1625.25879
30948.25452	1671.65796
30947.96814	1665.02625
30947.67889	1657.85986
30947.39253	1647.63806
30947.10617	1632.5271
30946.81694	1611.40955
30946.53058	1609.98584
30946.24424	1646.26807
30945.95502	1588.77905
30945.66869	1603.07959
30945.38236	1619.9884
30945.0922	1571.76819
30944.80588	1601.31384
30944.51957	1627.72168
30944.23326	1600.09839
30943.94409	1603.00818
30943.65779	1614.72925
30943.3715	1591.48926
30943.08234	1587.3446
30942.79605	1578.48975
30942.50978	1588.4519
30942.22063	1614.21436
30941.93437	1607.18872
30941.64715	1606.98071
30941.36089	1615.33582
30941.07177	1616.43323
30940.78552	1620.67346
30940.49928	1616.84888
30940.21018	1622.53711
30939.92395	1606.5282
30939.63773	1606.99231
30939.34864	1563.24121
30939.06242	1551.81458
30938.77621	1559.25854
30938.49001	1547.96399
30938.19999	1574.39172
30937.91379	1579.51453
30937.62761	1567.02283
30937.33856	1558.34021
30937.05238	1582.41614
30936.76621	1588.18848
30936.47717	1532.71985
30936.19101	1558.41211
30935.90486	1543.51038
30935.61584	1517.86658
30935.32969	1547.12756
30935.0426	1577.8905
30934.75646	1542.38684
30934.46747	1575.9939
30934.18134	1548.54541
30933.89522	1591.03516
30933.60624	1571.63086
30933.32014	1544.60278
30933.03403	1536.37402
30932.74507	1518.50793
30932.45898	1485.04321
30932.17289	1492.55627
30931.88585	1495.67395
30931.59691	1500.49707
30931.31084	1539.62207
30931.02477	1536.34436
30930.73584	1582.80713
30930.44979	1584.7821
30930.16374	1520.11011
30929.87483	1540.9967
30929.58879	1485.04602
30929.30276	1501.22717
30929.01386	1497.94702
30928.72688	1496.30481
30928.44087	1509.56372
30928.15486	1526.10168
30927.86598	1531.28479
30927.57998	1545.13135
30927.29398	1534.50647
30927.00512	1573.25232
30926.71914	1571.04077
30926.43316	1564.04895
30926.14432	1557.11816
30925.85835	1518.05676
30925.57238	1492.09741
30925.28547	1538.76257
30924.99665	1525.35059
30924.7107	1533.80542
30924.42476	1551.94104
30924.13595	1532.48633
30923.85002	1522.98877
30923.56409	1525.44946
30923.2753	1532.88098
30922.98939	1526.5321
30922.70348	1472.79688
30922.4147	1521.88989
30922.12785	1486.15247
30921.84195	1450.82092
30921.55606	1434.68835
30921.26731	1473.2052
30920.98143	1449.18091
30920.69556	1509.9812
30920.40682	1509.87207
30920.12096	1500.74634
30919.8351	1485.39783
30919.54638	1517.32434
30919.26053	1490.34644
30918.97469	1489.67041
30918.6879	1491.47131
30918.3992	1459.88025
30918.11338	1469.58337
30917.82756	1455.29126
30917.53887	1503.95776
30917.25306	1487.39246
30916.96726	1448.6123
30916.67859	1478.69568
30916.3928	1491.95581
30916.10701	1445.16357
30915.81836	1472.3811
30915.53163	1429.19458
30915.24585	1413.24438
30914.96009	1425.74805
30914.67146	1458.73865
30914.3857	1414.62939
30914.09995	1427.32214
30913.81134	1426.05762
30913.52559	1450.16394
30913.23986	1430.84424
30912.95126	1482.08752
30912.66554	1450.50452
30912.37886	1382.82153
30912.09315	1410.16382
30911.80457	1411.93872
