-6.032440801051015100e+00 6.064002119931346080e+00
-5.992621982232197553e+00 6.551050556963777360e+00
-5.952803163413378229e+00 7.076241698691831949e+00
-5.912984344594558905e+00 7.642505525355045570e+00
-5.873165525775739582e+00 8.252995173669653184e+00
-5.833346706956922034e+00 8.911104090952344237e+00
-5.793527888138102711e+00 9.620484555419778872e+00
-5.753709069319283387e+00 1.038506767908916828e+01
-5.713890250500465839e+00 1.120908502065099022e+01
-5.674071431681646516e+00 1.209709194778643138e+01
-5.634252612862827192e+00 1.305399290180093175e+01
-5.594433794044007868e+00 1.408506873230004430e+01
-5.554614975225190321e+00 1.519600628612145243e+01
-5.514796156406370997e+00 1.639293045306817120e+01
-5.474977337587551673e+00 1.768243889139342073e+01
-5.435158518768734126e+00 1.907163967874327426e+01
-5.395339699949914802e+00 2.056819215967306747e+01
-5.355520881131095479e+00 2.218035128927940391e+01
-5.315702062312276155e+00 2.391701580434338581e+01
-5.275883243493458608e+00 2.578778058913265880e+01
-5.236064424674639284e+00 2.780299364321536970e+01
-5.196245605855819960e+00 2.997381810392611357e+01
-5.156426787037002413e+00 3.231229982723454697e+01
-5.116607968218183089e+00 3.483144108854109078e+01
-5.076789149399363765e+00 3.754528103034946440e+01
-5.036970330580544442e+00 4.046898355798045799e+01
-4.997151511761726894e+00 4.361893346879305966e+01
-4.957332692942907570e+00 4.701284169629445842e+01
-4.917513874124088247e+00 5.066986065976850284e+01
-4.877695055305270699e+00 5.461071083464278786e+01
-4.837876236486451376e+00 5.885781980100382782e+01
-4.798057417667632052e+00 6.343547519006252600e+01
-4.758238598848812728e+00 6.836999313390518296e+01
-4.718419780029995181e+00 7.368990403583265447e+01
-4.678600961211175857e+00 7.942615772071727065e+01
-4.638782142392356533e+00 8.561235030119081557e+01
-4.598963323573538986e+00 9.228497541067915222e+01
-4.559144504754719662e+00 9.948370281324052655e+01
-4.519325685935900339e+00 1.072516878081937364e+02
-4.479506867117081015e+00 1.156359153103104518e+02
-4.439688048298263467e+00 1.246875830097583986e+02
-4.399869229479444144e+00 1.344625286060807809e+02
-4.360050410660624820e+00 1.450217067731851728e+02
-4.320231591841805496e+00 1.564317222532706637e+02
-4.280412773022987949e+00 1.687654263017973051e+02
-4.240593954204168625e+00 1.821025846170204545e+02
-4.200775135385349301e+00 1.965306258886456021e+02
-4.160956316566531754e+00 2.121454811911406750e+02
-4.121137497747712430e+00 2.290525256254686610e+02
-4.081318678928893107e+00 2.473676348721196518e+02
-4.041499860110073783e+00 2.672183706471302003e+02
-4.001681041291256236e+00 2.887453104340658570e+02
-3.961862222472436912e+00 3.121035382743811510e+02
-3.922043403653617588e+00 3.374643148029918507e+02
-3.882224584834798264e+00 3.650169460720698567e+02
-3.842405766015978941e+00 3.949708719587559358e+02
-3.802586947197163170e+00 4.275579960331780853e+02
-3.762768128378343846e+00 4.630352795881447605e+02
-3.722949309559524522e+00 5.016876230008859352e+02
-3.683130490740705199e+00 5.438310575924753039e+02
-3.643311671921885875e+00 5.898162705350282522e+02
-3.603492853103066551e+00 6.400324839750294359e+02
-3.563674034284247227e+00 6.949117072182809807e+02
-3.523855215465431456e+00 7.549333773657185702e+02
-3.484036396646612133e+00 8.206293989916769078e+02
-3.444217577827792809e+00 8.925895870966890016e+02
-3.404398759008973485e+00 9.714675094183339752e+02
-3.364579940190154161e+00 1.057986714016859196e+03
-3.324761121371334838e+00 1.152947315646813422e+03
-3.284942302552515514e+00 1.257232899578003071e+03
-3.245123483733699743e+00 1.371817684065678350e+03
-3.205304664914880419e+00 1.497773862462322541e+03
-3.165485846096061096e+00 1.636279022943645259e+03
-3.125667027277241772e+00 1.788623518001679940e+03
-3.085848208458422448e+00 1.956217627347021107e+03
-3.046029389639603124e+00 2.140598326891031775e+03
-3.006210570820783801e+00 2.343435443416106409e+03
-2.966391752001968030e+00 2.566536939918183180e+03
-2.926572933183148706e+00 2.811853041130445035e+03
-2.886754114364329382e+00 3.081478873314020802e+03
-2.846935295545510058e+00 3.377655258144357504e+03
-2.807116476726690735e+00 3.702767268752893415e+03
-2.767297657907871411e+00 4.059340128242733954e+03
-2.727478839089052087e+00 4.450032009022470447e+03
-2.687660020270236316e+00 4.877623277017076362e+03
-2.647841201451416993e+00 5.345001720292177197e+03
-2.608022382632597669e+00 5.855143309045380192e+03
-2.568203563813778345e+00 6.411088055504628755e+03
-2.528384744994959021e+00 7.015910580223905527e+03
-2.488565926176139698e+00 7.672685047673242480e+03
-2.448747107357320374e+00 8.384444210753166772e+03
-2.408928288538504603e+00 9.154132402475004710e+03
-2.369109469719685279e+00 9.984552434641309446e+03
-2.329290650900865955e+00 1.087830650846494427e+04
-2.289471832082046632e+00 1.183773141051931816e+04
-2.249653013263227308e+00 1.286482845821563387e+04
-2.209834194444407984e+00 1.396118887023636125e+04
-2.170015375625588661e+00 1.512791546604840914e+04
-2.130196556806772890e+00 1.636554184070507654e+04
-2.090377737987953566e+00 1.767395041140135436e+04
-2.050558919169134242e+00 1.905229098429020451e+04
-2.010740100350314918e+00 2.049890173641407819e+04
-1.970921281531495595e+00 2.201123473972460852e+04
-1.931102462712676271e+00 2.358578836267004226e+04
-1.891283643893856947e+00 2.521804905964073259e+04
-1.851464825075041176e+00 2.690244518918914400e+04
-1.811646006256221852e+00 2.863231557778648130e+04
-1.771827187437402529e+00 3.039989555660382393e+04
-1.732008368618583205e+00 3.219632313475250339e+04
-1.692189549799763881e+00 3.401166782500017871e+04
-1.652370730980944558e+00 3.583498440018975816e+04
-1.612551912162125234e+00 3.765439352538837556e+04
-1.572733093343309463e+00 3.945719077957219270e+04
-1.532914274524490139e+00 4.122998505158056651e+04
-1.493095455705670815e+00 4.295886667140659847e+04
-1.453276636886851492e+00 4.462960492620123841e+04
-1.413457818068032168e+00 4.622787382057234208e+04
-1.373638999249212844e+00 4.773950408614073240e+04
-1.333820180430393521e+00 4.915075854221346526e+04
-1.294001361611577749e+00 5.044862697690115601e+04
-1.254182542792758426e+00 5.162113577717721637e+04
-1.214363723973939102e+00 5.265766660974160186e+04
-1.174544905155119778e+00 5.354927756517530361e+04
-1.134726086336300455e+00 5.428901934879286273e+04
-1.094907267517481131e+00 5.487223835607260116e+04
-1.055088448698661807e+00 5.529685783382948284e+04
-1.015269629879846036e+00 5.556362783246461186e+04
-9.754508110610267124e-01 5.567633434703924286e+04
-9.356319922422073887e-01 5.564195799916443502e+04
-8.958131734233880650e-01 5.547077293355988513e+04
-8.559943546045687413e-01 5.517637741338513297e+04
-8.161755357857494175e-01 5.477564896000105364e+04
-7.763567169669300938e-01 5.428861863265386637e+04
-7.365378981481143228e-01 5.373826051072977134e+04
-6.967190793292949991e-01 5.315019211121830449e+04
-6.569002605104756753e-01 5.255227681305238366e+04
-6.170814416916563516e-01 5.197410720340517582e+04
-5.772626228728370279e-01 5.144632626383977185e+04
-5.374438040540177042e-01 5.099971272829516238e+04
-4.976249852351983805e-01 5.066392621358433098e+04
-4.578061664163826094e-01 5.046579511717250716e+04
-4.179873475975632857e-01 5.042706261050581088e+04
-3.781685287787439620e-01 5.056161053959866695e+04
-3.383497099599246383e-01 5.087236971959425864e+04
-2.985308911411053145e-01 5.134837620371219236e+04
-2.587120723222859908e-01 5.196267914586476400e+04
-2.188932535034666671e-01 5.267194061685847555e+04
-1.790744346846508961e-01 5.341847896704060986e+04
-1.392556158658315724e-01 5.413512973939846415e+04
-9.943679704701224864e-02 5.475266481379941251e+04
-5.961797822819292492e-02 5.520877316558411985e+04
-1.979915940937360119e-02 5.545700256411192095e+04
2.001965940944572253e-02 5.547382883775503433e+04
5.983847822826504625e-02 5.526229343623416935e+04
9.965729704708081726e-02 5.485139103227581654e+04
1.394761158659001410e-01 5.429138098468930548e+04
1.792949346847194647e-01 5.364612650616039900e+04
2.191137535035387884e-01 5.298414674702217599e+04
2.589325723223581122e-01 5.237015029874433094e+04
2.987513911411774359e-01 5.185843813068223972e+04
3.385702099599967596e-01 5.148890372375259176e+04
3.783890287788125306e-01 5.128566157965300226e+04
4.182078475976318543e-01 5.125780640930471418e+04
4.580266664164511781e-01 5.140154552861905540e+04
4.978454852352705018e-01 5.170294621452804859e+04
5.376643040540898255e-01 5.214071206869811431e+04
5.774831228729091492e-01 5.268863916801896266e+04
6.173019416917284730e-01 5.331761652854322892e+04
6.571207605105442440e-01 5.399718050468763249e+04
6.969395793293635677e-01 5.469670306935334520e+04
7.367583981481828914e-01 5.538630775722047838e+04
7.765772169670022151e-01 5.603759013080173463e+04
8.163960357858215389e-01 5.662419345086931571e+04
8.562148546046408626e-01 5.712226750806968630e+04
8.960336734234601863e-01 5.751082391725041089e+04
9.358524922422759573e-01 5.777199414014921786e+04
9.756713110610952810e-01 5.789119460536802217e+04
1.015490129879914605e+00 5.785720399874287250e+04
1.055308948698733928e+00 5.766215933404428506e+04
1.095127767517553252e+00 5.730147885690551630e+04
1.134946586336372576e+00 5.677372085007077840e+04
1.174765405155191900e+00 5.608038797030384012e+04
1.214584223974007671e+00 5.522568694153198157e+04
1.254403042792826994e+00 5.421625334906340140e+04
1.294221861611646318e+00 5.306085099526464182e+04
1.334040680430465642e+00 5.177005483151182125e+04
1.373859499249284966e+00 5.035592590202661086e+04
1.413678318068104289e+00 4.883168604293939279e+04
1.453497136886923613e+00 4.721139929396635125e+04
1.493315955705739384e+00 4.550966612109517882e+04
1.533134774524558708e+00 4.374133563897282147e+04
1.572953593343378031e+00 4.192124008466477244e+04
1.612772412162197355e+00 4.006395485353354161e+04
1.652591230981016679e+00 3.818358648565923068e+04
1.692410049799836003e+00 3.629359010811940243e+04
1.732228868618655326e+00 3.440661701267608441e+04
1.772047687437471097e+00 3.253439229506966149e+04
1.811866506256290421e+00 3.068762181295551636e+04
1.851685325075109745e+00 2.887592714287312629e+04
1.891504143893929069e+00 2.710780673740102429e+04
1.931322962712748392e+00 2.539062110350754301e+04
1.971141781531567716e+00 2.373059954070849562e+04
2.010960600350387040e+00 2.213286578904643466e+04
2.050779419169202811e+00 2.060147983592318633e+04
2.090598237988022134e+00 1.913949310948413768e+04
2.130417056806841458e+00 1.774901433528059351e+04
2.170235875625660782e+00 1.643128344214486788e+04
2.210054694444480106e+00 1.518675106199132460e+04
2.249873513263299429e+00 1.401516136590077440e+04
2.289692332082118753e+00 1.291563620495302530e+04
2.329511150900934524e+00 1.188675876899398645e+04
2.369329969719753848e+00 1.092665523081360334e+04
2.409148788538573172e+00 1.003307309899881875e+04
2.448967607357392495e+00 9.203455253021720637e+03
2.488786426176211819e+00 8.435008873110275090e+03
2.528605244995031143e+00 7.724768700458901549e+03
2.568424063813850466e+00 7.069654266864183228e+03
2.608242882632666237e+00 6.466520914486645779e+03
2.648061701451485561e+00 5.912204584713022086e+03
2.687880520270304885e+00 5.403560489484702885e+03
2.727699339089124209e+00 4.937495889189503941e+03
2.767518157907943532e+00 4.510997289157788146e+03
2.807336976726762856e+00 4.121152433330536041e+03
2.847155795545582180e+00 3.765167520542840975e+03
2.886974614364397951e+00 3.440380098118964725e+03
2.926793433183217275e+00 3.144268101295291672e+03
2.966612252002036598e+00 2.874455507631940691e+03
3.006431070820855922e+00 2.628715065281668103e+03
3.046249889639675246e+00 2.404968534920076763e+03
3.086068708458494569e+00 2.201284859327926824e+03
3.125887527277313893e+00 2.015876643913401267e+03
3.165706346096129664e+00 1.847095297527507910e+03
3.205525164914948988e+00 1.693425147206901784e+03
3.245343983733768312e+00 1.553476804206158704e+03
3.285162802552587635e+00 1.425980022871331585e+03
3.324981621371406959e+00 1.309776259372576760e+03
3.364800440190226283e+00 1.203811104676130299e+03
3.404619259009045606e+00 1.107126735846313295e+03
3.444438077827861378e+00 1.018854502123928910e+03
3.484256896646680701e+00 9.382077373951162826e+02
3.524075715465500025e+00 8.644748687013531026e+02
3.563894534284319349e+00 7.970128713130757205e+02
3.603713353103138672e+00 7.352411044937774705e+02
3.643532171921957996e+00 6.786355482609380942e+02
3.683350990740777320e+00 6.267234500115579294e+02
3.723169809559593091e+00 5.790783806055360401e+02
3.762988628378412415e+00 5.353156921597038718e+02
3.802807447197231738e+00 4.950883641662870218e+02
3.842626266016051062e+00 4.580832203832358118e+02
3.882445084834870386e+00 4.240174960326900759e+02
3.922263903653689709e+00 3.926357329836107510e+02
3.962082722472509033e+00 3.637069795991096157e+02
4.001901541291324804e+00 3.370222716302646973e+02
4.041720360110144128e+00 3.123923707878010418e+02
4.081539178928963452e+00 2.896457382918401890e+02
4.121357997747782775e+00 2.686267216771765334e+02
4.161176816566602099e+00 2.491939343243643066e+02
4.200995635385421423e+00 2.312188085179322456e+02
4.240814454204240747e+00 2.145843042398297200e+02
4.280633273023056518e+00 1.991837573389425131e+02
4.320452091841875841e+00 1.849198521375683981e+02
4.360270910660695165e+00 1.717037049141653995e+02
4.400089729479514489e+00 1.594540460174117129e+02
4.439908548298333812e+00 1.480964896055575082e+02
4.479727367117153136e+00 1.375628811582006392e+02
4.519546185935972460e+00 1.277907139706121313e+02
4.559365004754788231e+00 1.187226068123871414e+02
4.599183823573607555e+00 1.103058358139491162e+02
4.639002642392426878e+00 1.024919144395982755e+02
4.678821461211246202e+00 9.523621611890028760e+01
4.718640280030065526e+00 8.849763474477624925e+01
4.758459098848884850e+00 8.223827881247827065e+01
4.798277917667704173e+00 7.642319547486577846e+01
4.838096736486519944e+00 7.102012123205986427e+01
4.877915555305339268e+00 6.599925636352702440e+01
4.917734374124158592e+00 6.133306055351608421e+01
4.957553192942977915e+00 5.699606746172913319e+01
4.997372011761797239e+00 5.296471625500991109e+01
5.037190830580616563e+00 4.921719834701871576e+01
5.077009649399435887e+00 4.573331779533184971e+01
5.116828468218251658e+00 4.249436398269925519e+01
5.156647287037070981e+00 3.948299536448103453e+01
5.196466105855890305e+00 3.668313320037457714e+01
5.236284924674709629e+00 3.407986430788219678e+01
5.276103743493528953e+00 3.165935197975498383e+01
5.315922562312348276e+00 2.940875429973261745e+01
5.355741381131167600e+00 2.731614917195538084e+01
5.395560199949983371e+00 2.537046545087019567e+01
5.435379018768802695e+00 2.356141962153087732e+01
5.475197837587622018e+00 2.187945753598231136e+01
5.515016656406441342e+00 2.031570076083540499e+01
5.554835475225260666e+00 1.886189713500894172e+01
5.594654294044079990e+00 1.751037517560944679e+01
5.634473112862899313e+00 1.625400200465726641e+01
5.674291931681715084e+00 1.508614450035970300e+01
5.714110750500534408e+00 1.400063340433261239e+01
5.753929569319353732e+00 1.299173014097482870e+01
5.793748388138173055e+00 1.205409612743613756e+01
5.833567206956992379e+00 1.118276437259834566e+01
5.873386025775811703e+00 1.037311318145490091e+01
5.913204844594631027e+00 9.620841797461356038e+00
5.953023663413446798e+00 8.921947830030127591e+00
5.992842482232266121e+00 8.272706327531661685e+00
6.032661301051085445e+00 7.669650368094205639e+00
6.072480119869904769e+00 7.109553051294373205e+00
6.112298938688724093e+00 6.589410783626393098e+00
6.152117757507543416e+00 6.106427759525562493e+00
