Title: Ultraviolet Extinction Properties in the Milky Way 
Authors: Lynne A. Valencic, Geoffrey C. Clayton, Karl D. Gordon
Table: General Extinction Characteristics
================================================================================
Byte-by-byte Description of file: datafile4.txt
--------------------------------------------------------------------------------
   Bytes Format Units   Label     Explanations
--------------------------------------------------------------------------------
   1- 14 A14    ---     Name      Name of sightline
  17- 20 F4.2   mag     E(B-V)    The (B-V) color excess
  25- 28 F4.2   mag   e_E(B-V)    The 1{sigma} uncertainty in E(B-V) 
  34- 37 F4.2   ---     R(V)      The ratio of total-to-selective extinction
  42- 45 F4.2   ---   e_R(V)      The 1{sigma} uncertainty in R(V)
  50- 53 F4.2   mag     A(V)      The visual extinction
  58- 61 F4.2   mag   e_A(V)      The 1{sigma} uncertainty in A(V) 
  66- 73 F8.2   pc      Distance  The distance in parsecs
  80- 87 F8.2   pc      MinDist   The minimum distance in parsecs
  92- 99 F8.2   pc      MaxDist   The maximum distance in parsecs
--------------------------------------------------------------------------------
HD 1383         0.47    0.04     2.77    0.19    1.30    0.14     2701.59       2003.29     3656.65                  
HD 2905         0.33    0.03     2.03    0.66    0.67    0.23      950.82        680.86     1327.84                  
HD 3191         0.68    0.04     2.75    0.14    1.87    0.15     1380.85       1020.28     1868.84                  
HD 12323        0.23    0.04     2.75    0.41    0.63    0.14     3575.63       2644.97     4833.77                  
HD 12993        0.52    0.04     2.69    0.15    1.40    0.13     4681.73       3483.10     6292.85                  
HD 13267        0.54    0.04     3.04    0.73    1.64    0.41     1505.87        937.01     2195.51                  
HD 13268        0.36    0.04     3.02    0.24    1.09    0.15     2390.93       1765.03     3238.77                  
HD 13338        0.49    0.04     2.75    0.18    1.35    0.14     1523.44       1128.63     2056.38                  
HD 13621        0.34    0.04     2.59    0.31    0.88    0.15     1219.31        901.13     1649.83                  
HD 13659        0.81    0.04     2.53    0.11    2.05    0.13     3981.19       2960.35     5354.06                  
HD 13841        0.42    0.04     3.09    0.25    1.30    0.17     3120.76       2223.59     4143.17                  
HD 13854        0.47    0.04     3.29    0.22    1.55    0.16     1837.95       1389.13     2580.62                  
HD 14053        0.50    0.04     2.80    0.20    1.40    0.15     3715.87       2826.95     5168.63                  
HD 14052        0.49    0.04     2.99    0.19    1.47    0.14     4195.08       3322.81     6065.88                  
HD 14092        0.49    0.04     3.15    0.21    1.54    0.16     1524.26       1117.82     2078.50                  
HD 14134        0.64    0.04     2.99    0.15    1.91    0.14     1610.82       1340.09     2446.36                  
HD 14143        0.68    0.04     3.07    0.15    2.08    0.16     1566.80       1209.91     2234.09                  
HD 14250        0.57    0.04     2.88    0.17    1.64    0.15     1287.06        999.00     1827.75                  
HD 14321        0.55    0.04     2.63    0.16    1.45    0.14     1585.60       1176.63     2136.72                  
HD 14357        0.48    0.04     2.90    0.21    1.39    0.15     3817.16       2838.24     5229.96                  
HD 14422        0.78    0.04     2.32    0.14    1.81    0.14     1231.38        964.66     1753.44                  
HD 14434        0.48    0.04     2.57    0.16    1.23    0.11     4107.97       3534.17     6261.41                  
HD 14443        0.58    0.06     2.77    0.19    1.61    0.17     3705.67       3259.41     6074.92                  
HD 14442        0.73    0.04     2.71    0.12    1.98    0.14     3597.55       2669.77     4847.75                  
HD 14520        0.58    0.04     2.62    0.20    1.52    0.16     4813.93       3540.78     6544.87                  
HD 14947        0.78    0.04     2.61    0.12    2.04    0.15     1855.21       1231.25     2259.24                  
HD 14956        0.89    0.04     2.98    0.30    2.65    0.29     1560.06       1134.51     2363.70                  
HD 15558        0.84    0.04     2.66    0.18    2.23    0.18     1799.20       1303.76     2469.39                  
HD 15570        1.02    0.04     2.89    0.15    2.95    0.19     1697.28       1229.20     2343.60                  
HD 15629        0.75    0.04     2.81    0.10    2.10    0.13     2530.00       1956.70     3531.58                  
HD 15690        0.83    0.04     2.92    0.11    2.42    0.15     2488.17       1824.91     3354.18                  
HD 16691        0.79    0.04     2.93    0.11    2.32    0.15     2622.37       1936.39     3544.27                  
HD 17505        0.72    0.04     2.52    0.13    1.82    0.13     1344.72       1054.06     1905.11                  
HD 18352        0.47    0.04     2.66    0.18    1.25    0.13      569.57        423.24      766.50                  
HD 19820        0.81    0.04     2.91    0.11    2.36    0.15      704.69        527.69      965.68                  
HD 21483        0.55    0.04     2.89    0.18    1.59    0.15     1257.92        857.24     1845.88                  
HD 23060        0.31    0.04     2.90    0.28    0.90    0.15      640.07        473.24      865.70                  
HD 23180        0.30    0.04     3.11    0.39    0.93    0.16      430.08        308.68      668.37                  
HD 24263        0.21    0.04     3.44    0.45    0.72    0.17      171.13        125.25      233.81                  
HD 24432        0.73    0.04     2.76    0.12    2.02    0.14     1277.73        918.69     1675.93                  
HD 24912        0.35    0.04     2.86    0.51    1.00    0.21      420.75        301.74      586.72                  
HD 25443        0.54    0.04     2.51    0.16    1.35    0.13     1378.25        948.53     2002.64                  
HD 25638        0.69    0.05     2.79    0.13    1.93    0.16     1182.79        870.18     1880.84                  
HD 27778        0.35    0.04     2.59    0.24    0.91    0.14      330.26        238.43      433.59                  
HD 29309        0.56    0.04     3.62    0.19    2.03    0.18      319.70        232.78      439.07                  
HD 29647        0.93    0.08     4.04    0.22    3.75    0.38      713.29        466.85     1072.03                  
HD 30614        0.29    0.04     3.01    0.33    0.87    0.16      962.08        676.73     1259.58                  
HD 30675        0.50    0.05     2.88    0.21    1.44    0.18      442.77        322.39      607.61                  
HD 31327        0.58    0.04     2.84    0.28    1.65    0.20     1452.38       1044.64     2003.69                  
HD 33357        0.26    0.04     2.97    0.37    0.77    0.15     1484.84       1094.52     2014.36                  
HD 34078        0.53    0.04     3.40    0.22    1.80    0.18      482.98        351.80      663.08                  
HD 34921        0.38    0.04     4.95    0.35    1.88    0.24      842.35        592.56     1183.18                  
HD 36629        0.26    0.03     3.36    0.36    0.87    0.14      703.62        525.83      945.56                  
HD 36879        0.50    0.05     3.00    0.23    1.50    0.19     2180.09       1462.87     3258.83                  
HD 36982        0.36    0.06     4.84    0.52    1.74    0.34      816.29        556.86     1231.52                  
HD 37020        0.28    0.04     6.33    0.60    1.77    0.30     1021.79        702.29     1486.62                  
HD 37022        0.31    0.05     5.73    0.69    1.78    0.36      563.34        377.70      840.22                  
HD 37023        0.36    0.04     4.82    0.39    1.74    0.24      520.78        369.04      734.91                  
HD 37021        0.48    0.02     5.84    0.26    2.80    0.17      677.99        498.08      922.88                  
HD 37041        0.20    0.06     5.67    1.03    1.13    0.38      435.55        299.71      684.39                  
HD 37061        0.56    0.04     4.29    0.21    2.40    0.21      340.36        244.43      473.95                  
HD 37356        0.22    0.04     3.83    0.51    0.84    0.19      364.43        246.04      503.01                  
HD 37367        0.42    0.04     3.55    0.44    1.49    0.24      241.04        167.75      333.18                  
HD 37903        0.35    0.04     3.74    0.31    1.31    0.18      744.89        540.97     1025.69                  
HD 38023        0.50    0.07     2.90    0.29    1.45    0.25      611.49        426.59      866.63                  
HD 38087        0.30    0.04     4.93    0.44    1.48    0.24      399.89        284.77      566.23                  
HD 38131        0.49    0.04     3.01    0.23    1.48    0.17     1165.70        846.26     1576.36                  
HD 40893        0.47    0.04     2.81    0.19    1.32    0.15     1452.40       1055.58     1930.61                  
HD 41117        0.40    0.03     3.12    0.29    1.25    0.16      909.48        626.86     1147.27                  
HD 41690        0.47    0.04     2.91    0.22    1.37    0.16      820.92        602.25     1111.31                  
HD 42087        0.37    0.04     3.16    0.45    1.17    0.22     1577.56       1058.89     2072.57                  
HD 43582        0.59    0.04     3.33    0.17    1.97    0.17     2734.39       1845.02     4029.38                  
HD 43818        0.52    0.04     3.46    0.19    1.80    0.16     1622.58       1247.26     2320.11                  
HD 45314        0.43    0.04     4.42    0.30    1.90    0.22      704.24        498.59      976.73                  
HD 46056        0.49    0.04     2.66    0.21    1.30    0.15     2133.47       1589.84     2910.49                  
HD 46106        0.42    0.04     2.79    0.25    1.17    0.15      984.57        738.22     1355.40                  
HD 46149        0.49    0.04     2.97    0.20    1.46    0.15     1289.60        955.01     1758.16                  
HD 46150        0.45    0.04     2.55    0.19    1.15    0.13     1592.55       1182.69     2141.49                  
HD 46202        0.48    0.04     2.98    0.23    1.43    0.17     1777.98       1260.82     2350.28                  
HD 46223        0.54    0.04     2.73    0.15    1.48    0.14     1998.14       1422.94     2595.69                  
HD 46485        0.63    0.04     3.03    0.14    1.91    0.15     1700.10       1201.91     2216.94                  
HD 46660        0.56    0.04     2.82    0.16    1.58    0.14      866.30        640.86     1171.04                  
HD 46711        1.07    0.04     3.11    0.16    3.33    0.21     1997.04       1447.32     2819.91                  
HD 46883        0.59    0.05     3.06    0.18    1.80    0.18      830.03        602.74     1143.03                  
HD 46966        0.27    0.04     3.23    0.57    0.87    0.20     1450.71       1036.24     1997.38                  
HD 47129        0.38    0.04     2.98    0.20    1.13    0.13      890.62        689.28     1246.66                  
HD 47240        0.33    0.04     3.45    0.32    1.14    0.18     1914.20       1378.28     2591.77                  
HD 47382        0.47    0.04     2.98    0.30    1.40    0.18     1660.50       1121.16     2486.17                  
HD 47417        0.29    0.04     2.85    0.35    0.83    0.15     1068.04        787.19     1449.09                  
HD 47432        0.39    0.09     3.29    0.51    1.28    0.37     1190.15        702.53     1882.16                  
HD 48099        0.26    0.04     3.27    0.34    0.85    0.16     1534.22       1113.61     2066.59                  
HD 50562        0.26    0.06     2.45    0.45    0.64    0.19     4215.09       2814.09     6313.57                  
HD 52266        0.29    0.04     3.14    0.37    0.91    0.16     1458.25       1081.60     2009.65                  
HD 52721        0.32    0.13     4.35    1.07    1.39    0.66      336.97        193.59      589.40                  
HD 53974        0.31    0.06     2.94    0.40    0.91    0.21      414.81        304.91      595.38                  
HD 54306        0.26    0.04     3.15    0.41    0.82    0.16     1213.89        889.89     1655.86                  
HD 54439        0.29    0.04     2.73    0.33    0.79    0.15     2605.27       1777.44     3804.74                  
HD 60479        0.57    0.04     2.98    0.17    1.70    0.15     3376.19       2484.62     4571.93                  
HD 62542        0.35    0.06     2.82    0.24    0.99    0.14      689.87        511.33      930.75                  
HD 64219        0.20    0.07     3.71    0.85    0.74    0.31     8949.38       6074.37    13081.10                  
HD 64315        0.53    0.04     3.39    0.18    1.80    0.17     3655.44       2670.10     4977.90                  
HD 68633        0.51    0.09     2.89    0.34    1.47    0.31      351.17        238.13      517.86                  
HD 69106        0.20    0.04     3.05    0.44    0.61    0.15     3075.86       2269.19     4169.28                  
HD 70614        0.65    0.04     2.94    0.14    1.91    0.15      461.53        340.52      625.54                  
HD 72648        0.38    0.04     3.44    0.27    1.31    0.17      810.00        597.99     1119.44                  
HD 73882        0.69    0.04     3.56    0.13    2.46    0.17     1106.71        748.16     1637.08                  
HD 75309        0.29    0.04     3.53    0.40    1.02    0.18     4417.20       3209.28     6079.74                  
HD 79186        0.40    0.04     3.21    0.56    1.28    0.26      979.90        687.76     1396.12                  
HD 83597        0.34    0.04     3.84    0.31    1.31    0.19     1172.03        850.21     1615.67                  
HD 89137        0.27    0.04     2.68    0.28    0.72    0.13     4049.61       3013.38     5442.18                  
HD 91651        0.28    0.06     3.35    0.45    0.94    0.24     3024.55       2134.17     4286.39                  
HD 91824        0.24    0.07     3.35    0.62    0.80    0.28     3525.50       2441.37     5091.05                  
HD 91943        0.25    0.04     3.73    0.42    0.93    0.18     2194.66       1595.44     3018.93                  
HD 91969        0.23    0.04     3.69    0.41    0.85    0.17     2730.45       2058.78     3838.28                  
HD 91983        0.29    0.04     2.89    0.34    0.84    0.15     7048.99       5204.99     9581.20                  
HD 92044        0.40    0.04     3.26    0.26    1.30    0.17     3610.66       2645.31     4928.29                  
HD 92964        0.44    0.09     3.57    0.43    1.57    0.36     1102.00        766.25     1733.61                  
HD 93028        0.24    0.06     2.97    0.54    0.71    0.22     3101.65       2205.96     4361.03                  
HD 93129        0.48    0.10     3.65    0.42    1.75    0.39     2362.40       1550.05     3600.50                  
HD 93130        0.55    0.07     3.24    0.27    1.78    0.28     2165.77       1447.04     3024.32                  
HD 93160        0.39    0.05     4.87    0.38    1.90    0.28     1644.02       1142.46     2373.92                  
HD 93205        0.38    0.04     3.25    0.24    1.23    0.16     3186.94       2281.96     4203.25                  
HD 93222        0.36    0.06     4.76    0.48    1.71    0.33     1735.53       1171.31     2571.55                  
HD 93249        0.44    0.04     2.94    0.25    1.29    0.19     2362.29       1397.57     2669.64                  
HD 93250        0.49    0.04     3.16    0.17    1.55    0.16     1754.26       1250.18     2310.23                  
HD 93403        0.54    0.05     3.03    0.18    1.64    0.18     1632.43       1187.30     2244.42                  
HD 93632        0.56    0.05     4.17    0.24    2.33    0.25      989.60        690.64     1390.60                  
HD 93827        0.28    0.07     3.17    0.66    0.89    0.30     9219.77       6136.61    13066.90                  
HD 93843        0.27    0.05     3.89    0.41    1.05    0.20     2547.92       1825.67     4104.48                  
HD 94493        0.23    0.04     3.57    0.45    0.82    0.18     3887.65       2833.94     5333.15                  
HD 94663        0.38    0.06     3.38    0.38    1.29    0.25     5022.96       3258.59     7742.64                  
HD 96042        0.43    0.07     2.01    0.33    0.87    0.25     1314.40        777.59     1574.78                  
HD 96675        0.30    0.04     3.83    0.35    1.15    0.19      323.75        235.06      445.90                  
HD 96715        0.43    0.04     2.62    0.18    1.13    0.13     3671.98       2733.34     4932.93                  
HD 97484        0.60    0.05     2.57    0.15    1.54    0.16     2104.72       1548.06     2861.54                  
HD 97848        0.29    0.07     3.36    0.53    0.98    0.28     4100.97       2630.85     6427.04                  
HD 99264        0.28    0.04     3.25    0.36    0.91    0.17      265.58        194.61      362.43                  
HD 99872        0.36    0.04     2.84    0.24    1.02    0.14      276.20        204.44      373.16                  
HD 99953        0.48    0.06     3.69    0.30    1.77    0.27     1682.00       1152.81     2382.49                  
HD 100213       0.37    0.04     3.38    0.25    1.25    0.16     2433.21       1784.04     3318.60                  
HD 100276       0.26    0.04     3.20    0.38    0.83    0.16     3608.83       2649.31     4915.87                  
HD 101008       0.27    0.04     3.45    0.42    0.93    0.17     6484.65       4822.37     9059.95                  
HD 101190       0.37    0.04     2.48    0.21    0.92    0.12     1952.90       1515.63     2705.83                  
HD 101205       0.35    0.07     3.52    0.43    1.23    0.28     1017.14        709.04     1487.47                  
HD 103779       0.21    0.04     3.29    0.43    0.69    0.15     3061.21       2326.83     4270.60                  
HD 104565       0.60    0.04     3.43    0.17    2.06    0.17     5477.47       4004.90     7491.48                  
HD 104683       0.28    0.07     3.24    0.57    0.91    0.28     5039.49       3490.04     7276.84                  
HD 104705       0.23    0.07     2.81    0.57    0.65    0.24     3123.44       2038.05     4786.88                  
HD 105056       0.29    0.04     3.90    0.38    1.13    0.19     3626.88       2626.07     5009.11                  
HD 108927       0.26    0.04     3.08    0.36    0.80    0.15      432.61        318.63      587.37                  
HD 110863       0.58    0.06     2.53    0.28    1.47    0.30     4515.86       1948.82     4159.89                  
HD 110946       0.50    0.04     2.96    0.20    1.48    0.15     3787.22       2579.00     5561.46                  
HD 111934       0.51    0.06     2.45    0.20    1.25    0.18     2525.19       1829.47     3485.47                  
HD 111973       0.39    0.05     3.55    0.31    1.39    0.21     1441.27       1032.49     2011.90                  
HD 111990       0.41    0.04     3.54    0.25    1.45    0.17     2239.17       1633.71     3069.01                  
HD 112244       0.27    0.09     3.81    0.73    1.03    0.38     1493.71       1015.63     2338.32                  
HD 112272       1.00    0.04     3.09    0.09    3.09    0.15     1423.73       1049.51     1931.38                  
HD 112784       0.35    0.06     2.97    0.41    1.04    0.23     3343.64       2177.74     5084.65                  
HD 113012       0.32    0.04     2.96    0.83    0.95    0.36     3269.44       1293.09     3363.55                  
HD 114213       1.12    0.04     3.26    0.08    3.65    0.16     2227.44       1635.87     3032.94                  
HD 116852       0.21    0.04     2.42    0.37    0.51    0.12     4832.44       3336.73     6998.62                  
HD 120521       0.49    0.06     3.29    0.28    1.61    0.25     2204.52       1493.85     3034.26                  
HD 120678       0.44    0.04     4.44    0.26    1.95    0.21      962.03        710.91     1374.25                  
HD 122669       0.60    0.06     4.09    0.25    2.46    0.28     1261.27        922.72     1925.97                  
HD 122831       0.21    0.09     4.44    1.16    0.93    0.47     6304.83       3682.43    10794.70                  
HD 122879       0.36    0.05     3.15    0.30    1.13    0.20     2264.78       1575.11     3031.43                  
HD 123008       0.62    0.06     3.32    0.21    2.06    0.24     1399.61        986.44     1985.84                  
HD 123335       0.24    0.06     2.60    0.44    0.62    0.19      238.35        171.95      330.38                  
HD 124979       0.38    0.03     2.75    0.19    1.05    0.10     2822.89       2235.51     3898.44                  
HD 125288       0.28    0.04     2.19    0.35    0.61    0.19      716.41        519.91      987.17                  
HD 129557       0.23    0.07     2.29    0.56    0.53    0.23     1356.85        853.30     1986.65                  
HD 134591       0.24    0.05     2.51    0.40    0.60    0.16     3352.33       2284.95     4941.48                  
HD 141318       0.24    0.03     3.44    0.34    0.83    0.13     1395.25       1042.81     1866.82                  
HD 141926       0.80    0.04     3.69    0.12    2.96    0.17      419.71        308.79      580.30                  
HD 144470       0.22    0.02     3.37    0.29    0.74    0.09      194.03        147.72      254.87                  
HD 145792       0.22    0.06     3.72    0.75    0.74    0.27      216.30        150.75      311.50                  
HD 147165       0.38    0.03     3.86    0.52    1.47    0.23      218.94        144.81      331.01                  
HD 147331       0.59    0.04     2.97    0.16    1.75    0.15     5001.19       3686.16     6785.36                  
HD 147701       0.76    0.07     3.86    0.24    2.78    0.32     1226.82        767.43     1947.33                  
HD 147888       0.51    0.04     3.89    0.20    1.99    0.18      178.97        134.04      253.80                  
HD 147889       1.10    0.04     3.95    0.13    4.35    0.21      160.21        111.75      217.62                  
HD 147933       0.45    0.05     5.74    0.40    2.58    0.34       93.19         63.04      137.78                  
HD 148379       0.73    0.07     3.28    0.36    2.40    0.35      742.96        498.07     1108.26                  
HD 148422       0.29    0.04     3.02    0.33    0.88    0.16     6837.85       4995.69     9224.41                  
HD 148546       0.56    0.04     3.35    0.18    1.88    0.17     2929.27       2072.62     3878.89                  
HD 149038       0.22    0.05     4.92    0.91    1.08    0.32     1168.19        797.92     1710.28                  
HD 149404       0.62    0.06     3.53    0.38    2.19    0.31      908.13        618.33     1333.75                  
HD 149452       0.84    0.04     3.37    0.12    2.83    0.17     1404.24       1027.78     1918.58                  
HD 149757       0.32    0.04     2.55    0.24    0.82    0.13      157.98        117.75      211.96                  
HD 151805       0.43    0.05     3.29    0.30    1.42    0.21     6009.15       4315.31     8367.87                  
HD 151804       0.30    0.03     4.33    0.30    1.30    0.16     1253.97        911.06     1674.78                  
HD 151990       0.36    0.05     2.98    0.29    1.07    0.18     9399.68       6835.97    12924.90                  
HD 152096       0.30    0.07     3.15    0.46    0.94    0.26     9401.13       6561.94    13468.80                  
HD 152233       0.45    0.07     2.95    0.29    1.33    0.23     1356.79       1008.65     2013.81                  
HD 152234       0.40    0.07     3.21    0.38    1.28    0.28     1358.63        908.41     1900.91                  
HD 152235       0.71    0.06     3.13    0.25    2.22    0.26     1264.85        883.01     1811.82                  
HD 152236       0.60    0.03     3.73    0.39    2.24    0.26      611.72        431.30      867.62                  
HD 152245       0.36    0.04     2.99    0.34    1.08    0.17     5844.85       4352.62     8122.50                  
HD 152248       0.41    0.04     3.68    0.26    1.51    0.18      755.73        549.36     1039.62                  
HD 152246       0.38    0.06     3.03    0.35    1.15    0.22     3385.84       2475.22     4881.57                  
HD 152247       0.41    0.04     3.49    0.24    1.43    0.17     2803.46       2048.65     3836.36                  
HD 152249       0.46    0.10     3.54    0.45    1.63    0.40     1838.06       1234.32     2859.17                  
HD 152408       0.42    0.05     4.17    0.33    1.75    0.25      580.41        406.88      827.94                  
HD 152424       0.68    0.04     3.28    0.15    2.23    0.17     1305.73        956.02     1783.37                  
HD 152560       0.38    0.04     3.18    0.26    1.21    0.15      812.89        631.05     1160.53                  
HD 152667       0.49    0.04     3.33    0.19    1.63    0.16     1621.64       1189.79     2210.23                  
HD 152723       0.42    0.07     3.36    0.32    1.41    0.24     1584.19       1250.45     2512.12                  
HD 153919       0.51    0.04     3.87    0.22    1.97    0.19      979.79        725.57     1380.86                  
HD 154368       0.76    0.05     3.33    0.15    2.53    0.20     1046.44        753.61     1453.06                  
HD 154445       0.38    0.04     3.23    0.26    1.23    0.16      232.41        168.62      313.96                  
HD 155756       0.78    0.07     3.07    0.18    2.39    0.26     4734.20       3309.48     6772.26                  
HD 156247       0.23    0.10     2.70    0.76    0.62    0.32      198.44        133.42      295.12                  
HD 157857       0.43    0.04     3.45    0.23    1.48    0.17     1902.27       1434.35     2672.51                  
HD 159176       0.36    0.06     2.72    0.30    0.98    0.20     1056.77        760.23     1468.98                  
HD 160641       0.38    0.05     3.29    0.30    1.25    0.21    10475.30       7373.04    14256.70                  
HD 161653       0.28    0.04     3.37    0.41    0.94    0.17     3560.14       2632.69     4946.00                  
HD 162978       0.34    0.04     3.54    0.34    1.20    0.18     1297.84        862.55     1913.27                  
HD 163181       0.74    0.06     3.24    0.32    2.40    0.32     1313.47        807.86     1751.39                  
HD 164019       0.44    0.07     2.62    0.29    1.15    0.22     8344.75       5927.47    11747.80                  
HD 164073       0.21    0.04     2.96    0.42    0.62    0.15     3115.35       2127.79     4561.25                  
HD 164402       0.23    0.07     3.03    0.62    0.70    0.25     2007.74       1411.21     2877.37                  
HD 164492       0.31    0.04     4.21    0.36    1.30    0.20     2214.01       1594.15     3073.01                  
HD 164740       0.89    0.03     5.03    0.11    4.48    0.18     1461.21       1009.76     1893.31                  
HD 164816       0.31    0.07     3.52    0.51    1.09    0.28     1008.43        726.81     1513.03                  
HD 164906       0.45    0.04     4.57    0.29    2.06    0.22      535.07        381.49      750.49                  
HD 165052       0.41    0.07     3.61    0.37    1.48    0.29     1736.60       1226.25     2579.93                  
HD 166734       1.35    0.04     3.23    0.07    4.37    0.16      589.80        447.32      830.36                  
HD 167264       0.30    0.04     3.26    0.31    0.98    0.15     1514.40       1141.49     2104.21                  
HD 167402       0.21    0.04     3.38    0.49    0.71    0.17     3265.03       2381.40     4455.55                  
HD 167771       0.43    0.05     2.86    0.21    1.23    0.17     1052.48        781.39     1457.55                  
HD 167838       0.63    0.04     3.39    0.14    2.13    0.17     1581.37       1134.24     2113.17                  
HD 167971       1.03    0.04     3.44    0.10    3.54    0.17      564.71        405.80      761.07                  
HD 168075       0.75    0.04     3.53    0.14    2.65    0.17     1756.04       1353.64     2530.32                  
HD 168076       0.76    0.04     3.47    0.12    2.64    0.17     1820.26       1332.89     2485.84                  
HD 168112       1.01    0.04     2.92    0.09    2.95    0.15     1795.51       1370.67     2509.41                  
HD 168137       0.71    0.04     3.53    0.15    2.51    0.16     3687.57       3279.58     6084.08                  
HD 168750       0.36    0.05     3.52    0.38    1.27    0.22     4789.61       3438.65     6743.18                  
HD 168941       0.24    0.04     3.35    0.41    0.80    0.16     8078.18       6005.54    11156.50                  
HD 169454       1.08    0.04     3.37    0.09    3.64    0.17      747.57        558.06     1041.00                  
HD 169582       0.87    0.04     2.99    0.11    2.60    0.16     2291.92       1645.62     3042.02                  
HD 170740       0.50    0.13     3.01    0.49    1.51    0.46      215.07        135.19      343.04                  
HD 172140       0.24    0.04     2.65    0.05    0.64    0.12     8374.65       5499.00    11537.60                  
HD 172175       0.95    0.04     2.77    0.08    2.63    0.14     2764.86       2061.93     3736.11                  
HD 175156       0.33    0.02     3.32    0.37    1.09    0.14      885.21        659.19     1188.72                  
HD 175876       0.21    0.02     3.18    0.30    0.67    0.09     1881.77       1436.06     2471.80                  
HD 177989       0.23    0.04     2.83    0.45    0.65    0.15     7798.42       5746.63    10582.80                  
HD 178487       0.35    0.04     2.98    0.27    1.04    0.15     6660.70       4908.08     9039.17                  
HD 179406       0.35    0.04     2.73    0.25    0.96    0.14      200.87        149.08      271.28                  
HD 179407       0.28    0.04     2.68    0.33    0.75    0.14     8273.20       6078.71    11094.90                  
HD 180968       0.21    0.07     3.31    0.66    0.99    0.31      408.83        278.34      596.14                  
HD 182918       0.33    0.06     2.93    0.39    0.97    0.22      527.98        371.54      735.36                  
HD 185418       0.50    0.04     2.54    0.20    1.27    0.14      910.99        671.51     1227.14                  
HD 185859       0.60    0.04     2.74    0.13    1.65    0.14     1856.44       1378.54     2500.01                  
HD 188001       0.27    0.04     3.71    0.41    1.00    0.19     1022.60        735.18     1397.80                  
HD 190603       0.71    0.06     3.16    0.50    2.24    0.40      911.82        596.66     1393.43                  
HD 190944       0.46    0.06     4.21    0.35    1.94    0.30      711.66        494.76     1049.33                  
HD 190967       0.62    0.04     3.42    0.17    2.12    0.17     2908.04       2109.48     3955.70                  
HD 190991       0.35    0.04     3.08    0.28    1.08    0.16     1692.86       1241.21     2298.03                  
HD 191396       0.53    0.04     3.29    0.21    1.74    0.17     2880.09       2106.51     3952.18                  
HD 191612       0.59    0.08     2.79    0.25    1.65    0.27     1552.01       1069.74     2230.37                  
HD 191781       0.87    0.04     3.32    0.11    2.88    0.16     4277.27       3163.36     5882.98                  
HD 192001       0.62    0.08     2.61    0.24    1.62    0.26     1500.03       1055.70     2157.52                  
HD 192281       0.70    0.04     2.57    0.11    1.80    0.13     1952.90       1453.07     2617.26                  
HD 192639       0.61    0.04     3.14    0.16    1.91    0.16      998.70        723.17     1342.47                  
HD 192660       0.85    0.04     3.08    0.11    2.62    0.16     1922.00       1409.08     2599.91                  
HD 193076       0.53    0.04     2.75    0.17    1.46    0.14     2599.40       1897.15     3466.77                  
HD 193322       0.40    0.04     2.78    0.26    1.11    0.16      701.28        503.42      929.54                  
HD 193682       0.83    0.04     2.71    0.10    2.25    0.14     2356.32       1738.23     3155.48                  
HD 197512       0.33    0.09     2.84    0.50    0.94    0.30     1474.78       1004.47     2165.28                  
HD 197702       0.36    0.09     4.21    0.66    1.52    0.45     2101.81       1222.52     3532.35                  
HD 197770       0.58    0.04     2.77    0.15    1.61    0.14      942.64        645.52     1376.52                  
HD 198478       0.57    0.04     2.60    0.19    1.48    0.17      889.90        555.35     1036.84                  
HD 198781       0.35    0.04     2.14    0.28    0.75    0.13      730.94        544.36      981.46                  
HD 198846       0.24    0.09     2.68    0.66    0.64    0.29     1346.91        924.07     1963.24                  
HD 199021       0.80    0.04     2.98    0.12    2.39    0.15     1020.03        752.29     1383.06                  
HD 199216       0.72    0.04     2.62    0.36    1.88    0.27     1567.69       1155.49     2380.10                  
HD 199579       0.36    0.04     3.17    0.69    1.14    0.28     1105.18        783.24     1615.04                  
HD 203064       0.27    0.04     3.04    0.36    0.82    0.16      627.79        461.88      853.30                  
HD 203532       0.28    0.03     3.37    0.24    0.94    0.11      210.60        167.27      293.77                  
HD 203938       0.71    0.04     3.13    0.14    2.22    0.16      496.81        362.62      672.56                  
HD 204827       1.10    0.05     2.58    0.09    2.84    0.16      663.76        487.44      903.87                  
HD 205794       0.62    0.05     3.09    0.19    1.92    0.19      348.57        252.10      481.94                  
HD 205948       0.50    0.04     2.90    0.19    1.45    0.15      852.01        628.87     1154.33                  
HD 206135       0.38    0.07     3.38    0.42    1.28    0.28      710.25        490.32     1028.85                  
HD 206267       0.52    0.04     2.82    0.16    1.47    0.14      813.58        603.42     1096.94                  
HD 206773       0.45    0.04     4.42    0.26    1.99    0.21      597.24        428.51      832.40                  
HD 207198       0.54    0.08     2.77    0.35    1.50    0.29     1216.09        845.58     1794.26                  
HD 209145       0.50    0.04     3.37    0.21    1.68    0.17      681.44        497.82      932.79                  
HD 209339       0.36    0.07     2.78    0.34    1.00    0.20      855.29        665.62     1294.13                  
HD 209975       0.34    0.04     2.82    0.38    0.96    0.18     1349.34        953.95     1796.29                  
HD 210121       0.31    0.05     2.42    0.29    0.75    0.15      222.73        197.58      251.08                  
HD 210809       0.31    0.04     3.39    0.32    1.05    0.17     3961.14       2898.27     5413.79                  
HD 210839       0.57    0.04     2.02    0.26    1.15    0.18     1259.56        831.67     1563.42                  
HD 215835       0.56    0.05     3.37    0.20    1.89    0.20     3064.03       2206.89     4254.09                  
HD 216658       0.98    0.04     3.14    0.12    3.08    0.17      770.32        569.30     1063.51                  
HD 216898       0.83    0.04     3.01    0.11    2.50    0.15      955.62        705.37     1294.67                  
HD 217061       0.95    0.04     3.03    0.11    2.87    0.16      668.50        486.09      900.89                  
HD 217086       0.95    0.04     2.80    0.09    2.66    0.14     1044.42        771.01     1405.07                  
HD 217979       0.60    0.04     2.79    0.15    1.67    0.13     1070.45        846.00     1532.13                  
HD 218066       0.65    0.04     2.95    0.14    1.92    0.15      610.92        459.29      841.64                  
HD 218376       0.24    0.04     3.10    0.45    0.74    0.16      349.45        256.11      476.80                  
HD 218674       0.23    0.07     2.87    0.63    0.66    0.25      457.15        321.25      651.09                  
HD 220057       0.23    0.06     2.71    0.49    0.62    0.20      563.98        407.99      782.29                  
HD 224257       0.22    0.04     2.69    0.44    0.59    0.14     1895.45       1402.03     2562.52                  
HD 224424       0.92    0.04     3.15    0.30    2.90    0.30     2078.80       1509.18     3175.64                  
HD 225094       0.50    0.04     3.29    0.20    1.65    0.17     1579.82       1147.48     2140.14                  
HD 225146       0.61    0.04     3.03    0.42    1.85    0.28     4466.97       3135.25     6502.61                  
HD 225160       0.53    0.04     3.42    0.51    1.81    0.30     1718.59       1193.66     2526.74                  
HD 225642       0.38    0.04     2.78    0.26    1.05    0.15     7781.69       5270.49    11320.60                  
HD 228365       0.46    0.04     3.10    0.19    1.43    0.15     2316.50       1708.03     3141.74                  
HD 228969       1.03    0.04     2.85    0.10    2.94    0.16     2942.39       2165.31     3998.34                  
HD 229196       1.22    0.04     3.07    0.07    3.75    0.15     1252.97        922.68     1695.65                  
HD 229227       1.10    0.04     2.78    0.08    3.06    0.14     2820.24       2086.30     3796.15                  
HD 229234       0.99    0.05     2.89    0.10    2.86    0.18     1966.62       1312.25     2891.02                  
HD 229238       1.13    0.04     2.88    0.08    3.25    0.15     2665.02       1943.11     3558.57                  
HD 232522       0.27    0.04     3.05    0.41    0.82    0.16     5437.68       3986.61     7416.90                  
HD 232947       0.90    0.04     3.16    0.11    2.84    0.16     3943.36       2898.37     5365.12                  
HD 235679       0.59    0.04     3.17    0.18    1.87    0.16     4757.81       3488.56     6488.85                  
HD 235783       0.36    0.04     3.07    0.26    1.11    0.15     6236.11       4602.40     8480.65                  
HD 235874       0.24    0.04     2.61    0.39    0.63    0.14     6524.29       4470.53     9521.55                  
HD 236923       0.65    0.04     2.86    0.14    1.86    0.15     1622.66       1199.52     2195.05                  
HD 236960       0.73    0.04     2.92    0.15    2.13    0.16     3876.02       2592.17     5616.03                  
HD 239683       0.54    0.04     2.76    0.15    1.49    0.14      639.69        474.68      862.06                  
HD 239689       0.44    0.04     2.79    0.21    1.23    0.14      579.25        428.44      783.15                  
HD 239693       0.41    0.04     2.37    0.19    0.97    0.12      899.12        671.62     1203.69                  
HD 239710       0.62    0.07     3.02    0.23    1.87    0.26      897.90        628.09     1283.60                  
HD 239724       0.62    0.04     3.18    0.17    1.97    0.16     3063.75       2076.58     4520.20                  
HD 239722       0.93    0.05     2.86    0.12    2.66    0.18      415.20        301.93      570.98                  
HD 239725       0.52    0.04     3.14    0.20    1.63    0.16      553.43        406.13      754.14                  
HD 239729       0.66    0.04     3.19    0.14    2.10    0.16     1119.56        823.45     1522.14                  
HD 239738       0.51    0.08     2.90    0.32    1.48    0.28      459.15        315.64      667.90                  
HD 239742       0.38    0.04     2.36    0.22    0.90    0.13      876.88        654.29     1175.20                  
HD 239745       0.54    0.07     2.66    0.24    1.44    0.23      545.02        386.31      768.94                  
HD 239748       0.43    0.04     2.94    0.22    1.26    0.15      546.23        403.66      741.85                  
HD 242908       0.60    0.04     2.93    0.14    1.76    0.14     3951.42       2928.31     5348.06                  
HD 242926       0.65    0.04     3.24    0.14    2.11    0.16     3376.55       2457.06     4551.53                  
HD 242935       0.51    0.04     3.24    0.19    1.65    0.16     3275.72       2379.79     4420.13                  
HD 248893       0.66    0.04     3.24    0.14    2.14    0.16     4971.57       3714.15     6871.01                  
HD 251204       0.78    0.04     2.97    0.12    2.32    0.15     2470.74       1810.84     3324.04                  
HD 252325       0.87    0.04     3.55    0.13    3.09    0.18     1533.89       1095.99     2071.07                  
HD 281159       0.86    0.04     2.85    0.11    2.45    0.15      285.16        208.61      382.13                  
HD 283845       0.56    0.11     2.78    0.35    1.56    0.37     1072.77        695.90     1608.37                  
HD 292167       0.73    0.04     3.18    0.14    2.32    0.16     3015.97       2046.27     4445.18                  
HD 294264       0.53    0.04     5.02    0.26    2.66    0.24      630.27        448.30      895.88                  
HD 303308       0.45    0.05     3.02    0.21    1.36    0.17     3630.78       2711.17     5088.35                  
HD 315021       0.29    0.07     3.79    0.70    1.10    0.33      836.28        564.24     1239.47                  
HD 315023       0.40    0.06     4.12    0.40    1.65    0.29     1313.91        903.16     1911.47                  
HD 315032       0.28    0.07     3.94    0.63    1.10    0.33      720.20        487.64     1063.66                  
HD 315033       0.35    0.06     4.12    0.46    1.44    0.29      846.50        581.64     1231.97                  
HD 326329       0.38    0.24     2.41    0.94    0.91    0.68     2736.19       1510.85     4955.33                  
HD 326328       0.46    0.04     3.26    0.20    1.50    0.16     2063.16       1515.80     2808.19                  
HD 326331       0.44    0.16     3.61    0.79    1.59    0.67      220.15        124.47      391.03                  
HD 326330       0.43    0.05     3.18    0.25    1.37    0.19     2378.37       1721.01     3286.84                  
HD 326333       0.48    0.04     3.19    0.21    1.53    0.16     2626.31       1926.44     3580.45                  
HD 332407       0.39    0.04     3.04    0.25    1.18    0.16     5533.75       3978.22     7370.29                  
BD-13 4920      0.73    0.04     3.22    0.19    2.35    0.26     1266.37        886.39     1809.24                  
BD-13 4921      0.76    0.04     3.35    0.21    2.54    0.29     1545.44       1067.80     2236.75                  
BD+35 4258      0.25    0.04     2.68    0.53    0.67    0.24     2966.38       2101.31     4187.59                  
BD+37 3862      0.66    0.04     3.19    0.25    2.10    0.29     1504.62       1041.14     2174.43                  
BD+40 4219      1.37    0.03     3.01    0.06    4.49    0.14     1905.05       1883.55     4005.80                  
BD+40 4227      1.59    0.03     3.01    0.05    4.79    0.15      854.91        635.58     1165.70                  
BD+41 3737      0.33    0.15     2.58    0.74    0.85    0.46     1288.39        802.81     2067.67                  
BD+44 1080      0.70    0.09     3.81    0.30    2.67    0.40      372.05        242.25      571.39                  
BD+45 973       0.80    0.07     2.68    0.17    2.14    0.23      519.14        368.17      734.70                  
BD+45 3360      0.45    0.03     3.03    0.21    1.36    0.15     1430.89       1054.02     1942.52                  
BD+53 2820      0.29    0.03     3.04    0.32    0.88    0.15     4108.98       3027.08     5577.54                  
BD+53 2885      0.29    0.03     2.92    0.33    0.85    0.15     9012.95       6148.83    13211.20                  
BD+54 2761      0.66    0.01     2.91    0.08    1.92    0.08     5648.41       4329.83     7368.56                  
BD+55 393       0.29    0.03     3.16    0.33    0.92    0.16     3651.35       2682.54     4970.04                  
BD+55 2899      0.39    0.03     3.05    0.24    1.19    0.15     7176.73       4899.77    10556.80                  
BD+56 502       0.55    0.04     2.62    0.16    1.44    0.14     1636.34       1215.18     2203.47                  
BD+56 510       0.56    0.06     2.56    0.21    1.44    0.19      656.06        472.44      911.05                  
BD+56 515       0.52    0.09     2.80    0.31    1.45    0.30     2192.97       1497.06     3212.40                  
BD+56 511       0.63    0.04     2.97    0.16    1.87    0.16     2882.93       1961.65     4236.88                  
BD+56 517       0.53    0.08     3.25    0.32    1.72    0.31     2107.50       1430.52     3104.84                  
BD+56 518       0.64    0.09     2.61    0.25    1.67    0.28     2251.13       1547.82     3274.01                  
BD+56 524       0.62    0.04     2.77    0.15    1.72    0.15     1786.57       1320.27     2417.56                  
BD+56 574       0.49    0.04     3.03    0.20    1.49    0.14     2888.99       2218.48     4724.95                  
BD+56 576       0.55    0.04     2.80    0.17    1.54    0.14     3980.28       2722.91     5818.27                  
BD+57 245       0.52    0.07     2.89    0.25    1.50    0.24     1397.46        983.93     1984.79                  
BD+57 252       0.51    0.04     3.04    0.19    1.55    0.15     1720.78       1267.19     2336.74                  
BD+57 513       0.54    0.04     2.82    0.17    1.52    0.15     4440.38       3036.56     6493.18                  
BD+58 2292      0.54    0.05     3.00    0.19    1.62    0.18      776.64        564.84     1067.86                  
BD+59 2829      0.66    0.04     4.07    0.18    2.68    0.20     1703.23       1228.24     2361.91                  
BD+59 562       0.78    0.04     3.19    0.12    2.49    0.16     2561.77       1732.09     3224.25                  
BD+60 261       0.62    0.04     3.02    0.14    1.87    0.15     2351.62       1736.53     3184.58                  
BD+60 497       0.88    0.06     3.02    0.13    2.66    0.21     1765.06       1264.91     2462.97                  
BD+60 594       0.66    0.04     2.88    0.13    1.90    0.14     2396.66       1772.85     3239.98                  
BD+61 2365      0.76    0.04     3.09    0.15    2.35    0.17     1032.44        758.50     1416.08                  
BD+62 2125      0.90    0.04     2.78    0.11    2.50    0.15      721.05        529.75      970.96                  
BD+62 2154      0.77    0.04     2.93    0.12    2.26    0.15     1148.19        847.29     1555.94                  
BD+63 1964      0.94    0.04     3.05    0.09    2.87    0.15     2013.60       1485.51     2729.43                  
CD-59 3300      0.53    0.07     3.50    0.29    1.85    0.29     2697.74       1859.01     3914.88                  
CD-58 3526      0.59    0.07     3.85    0.28    2.27    0.31     3532.16       2404.60     5188.45                  
CD-57 3348      0.27    0.04     3.44    0.36    0.93    0.17     1143.69        836.90     1562.93                  
CD-41 11030     0.39    0.04     3.15    0.24    1.23    0.16     1987.31       1462.14     2701.13                  
CD-41 11034     0.47    0.04     3.06    0.22    1.44    0.16     1652.14       1213.68     2249.00                  
CD-42 4120      0.69    0.04     2.97    0.14    2.05    0.15     1164.21        876.19     1609.47                  
CD-42 4819      0.65    0.04     3.01    0.15    1.96    0.15     1595.19       1175.44     2164.85                  
CD-28 5205      0.57    0.11     3.09    0.39    1.76    0.40     4784.24       3096.41     7392.10                  
CD-24 13840     0.35    0.07     3.69    0.48    1.29    0.31     1499.59       1023.90     2196.30                  
CGO 79          0.70    0.04     3.04    0.14    2.13    0.16     4924.25       3624.58     6689.95                  
CPD-59 4552     0.38    0.06     3.12    0.48    1.18    0.37     3013.10       1850.67     4905.67                  
CPD-63 2495     1.02    0.06     3.75    0.15    3.83    0.27     1107.98        769.70     1594.94                  
CSI+59-01543    0.67    0.04     2.81    0.14    1.89    0.15     1823.73       1347.94     2467.46                  
LS 908          0.64    0.07     2.85    0.23    1.82    0.25     7141.45       4950.41    10058.50                  
SAO 20575       0.66    0.07     3.51    0.35    2.31    0.34     2589.68       1528.29     3963.46                  
SAO 23262       0.65    0.04     2.68    0.21    1.74    0.24     3941.73       1352.00     3144.93                  
SAO 33738       0.64    0.08     2.44    0.21    1.56    0.24     1564.08       1097.91     2228.19                  
SAO 69815       0.72    0.04     2.87    0.11    2.07    0.14     1338.57        917.52     1952.83                  
SAO 124218      0.84    0.04     2.69    0.10    2.26    0.14     2896.23       1986.28     4223.04                  
SAO 186154      0.25    0.06     3.23    0.53    0.81    0.24     1149.60        811.42     1627.02                  
SAO 227385      0.39    0.06     3.01    0.33    1.17    0.22     2735.90       1798.15     4162.68                  
SAO 252078      0.32    0.06     3.31    0.43    1.06    0.24     4367.91       2844.17     6707.98                  
NGC 6530 61     0.38    0.07     3.74    0.58    1.42    0.48     1032.92        650.76     1639.51                  
NGC 6530 83     0.37    0.02     3.85    0.05    1.43    0.06     1806.93       1583.65     2664.04                  
Walker 67       0.87    0.09     5.06    0.32    4.40    0.53      587.63        359.94      959.36                  
