-2.407057233233441451e+00 1.373957990278132646e-01
-2.338763339339546832e+00 2.346322417025003548e-01
-2.270469445445652212e+00 3.950814959160358075e-01
-2.202175551551761146e+00 6.557036078119562461e-01
-2.133881657657866526e+00 1.072232794739256034e+00
-2.065587763763971907e+00 1.726903835853092595e+00
-1.997293869870077287e+00 2.738275547846805047e+00
-1.928999975976182668e+00 4.273087324362002448e+00
-1.860706082082295154e+00 6.559631495547661117e+00
-1.792412188188400535e+00 9.901434878858138333e+00
-1.724118294294505915e+00 1.468910845157615697e+01
-1.655824400400611296e+00 2.140709860909595008e+01
-1.587530506506716677e+00 3.063090671195456238e+01
-1.519236612612822057e+00 4.300940686979910765e+01
-1.450942718718927438e+00 5.922658200320883282e+01
-1.382648824825032818e+00 7.993780173097597697e+01
-1.314354930931145304e+00 1.056781678787477574e+02
-1.246061037037250685e+00 1.367447882656019260e+02
-1.177767143143356066e+00 1.730610985043055905e+02
-1.109473249249461446e+00 2.140390092441133447e+02
-1.041179355355566827e+00 2.584626292369825364e+02
-9.728854614616722074e-01 3.044242762574039034e+02
-9.045915675677775880e-01 3.493488672816486087e+02
-8.362976736738900740e-01 3.901485708019513368e+02
-7.680037797799954546e-01 4.235616015834339123e+02
-6.997098858861008353e-01 4.467520323883441620e+02
-6.314159919922062159e-01 4.582647868320935345e+02
-5.631220980983115965e-01 4.593670411138016902e+02
-4.948282042044169771e-01 4.555234774711094019e+02
-4.265343103105223577e-01 4.571637171283428529e+02
-3.582404164166348437e-01 4.782771717412845192e+02
-2.899465225227402243e-01 5.315499040798449641e+02
-2.216526286288456049e-01 6.206508264996225535e+02
-1.533587347349509855e-01 7.334935533115246926e+02
-8.506484084105636612e-02 8.422283523401879393e+02
-1.677094694716174672e-02 9.131531382792006752e+02
5.152294694673287268e-02 9.228129859523209007e+02
1.198168408406274921e-01 8.705587463883611008e+02
1.881107347345150060e-01 7.789302541562267379e+02
2.564046286284096254e-01 6.815813494355304556e+02
3.246985225223042448e-01 6.070468172025992999e+02
3.929924164161988642e-01 5.682251018753452172e+02
4.612863103100934836e-01 5.617591928063237674e+02
5.295802042039881030e-01 5.745041648696801531e+02
5.978740980978827224e-01 5.913956266859603375e+02
6.661679919917702364e-01 6.007071612769149169e+02
7.344618858856648558e-01 5.958521078073918034e+02
8.027557797795594752e-01 5.748735808634725117e+02
8.710496736734540946e-01 5.390619938749988478e+02
9.393435675673487140e-01 4.915799643933048060e+02
1.007637461461243333e+00 4.363980401645787310e+02
1.075931355355137953e+00 3.775516536397110485e+02
1.144225249249025467e+00 3.186554287060986894e+02
1.212519143142920086e+00 2.626195304753584878e+02
1.280813037036814706e+00 2.115280814418556190e+02
1.349106930930709325e+00 1.666439586428613495e+02
1.417400824824603944e+00 1.285029352708545787e+02
1.485694718718498564e+00 9.706009239193004134e+01
1.553988612612393183e+00 7.185539858247818756e+01
1.622282506506280697e+00 5.217274079636030137e+01
1.690576400400175316e+00 3.717559786506980402e+01
1.758870294294069936e+00 2.601110486572328995e+01
1.827164188187964555e+00 1.788118243193854440e+01
1.895458082081859175e+00 1.208413105886078931e+01
1.963751975975753794e+00 8.032637048652695455e+00
2.032045869869648413e+00 5.254899670726597805e+00
2.100339763763543033e+00 3.385124147925800742e+00
2.168633657657430547e+00 2.148482097156779513e+00
2.236927551551325166e+00 1.344264673901878426e+00
2.305221445445219786e+00 8.296451757347592659e-01
2.373515339339114405e+00 5.053910766949961664e-01
2.441809233233009024e+00 3.040766981177659423e-01
2.510103127126903644e+00 1.808330725852841381e-01
2.578397021020798263e+00 1.063807200275212750e-01
