-3.746490050300280927e+00 2.785309467776610592e+00
-3.709189549799781105e+00 3.148108700420237493e+00
-3.671889049299279506e+00 3.557586068652893729e+00
-3.634588548798779684e+00 4.019780786252137084e+00
-3.597288048298278085e+00 4.541544190009636495e+00
-3.559987547797778262e+00 5.130659103362650519e+00
-3.522687047297278440e+00 5.795979302879079142e+00
-3.485386546796776841e+00 6.547592962806437988e+00
-3.448086046296277019e+00 7.397014751320027948e+00
-3.410785545795777196e+00 8.357412207838853746e+00
-3.373485045295275597e+00 9.443873168780147154e+00
-3.336184544794775775e+00 1.067372235591906637e+01
-3.298884044294274176e+00 1.206689682435473543e+01
-3.261583543793774354e+00 1.364639181267271617e+01
-3.224283043293274531e+00 1.543879067066426281e+01
-3.186982542792772932e+00 1.747489497962958893e+01
-3.149682042292273110e+00 1.979047373878398020e+01
-3.112381541791773287e+00 2.242715356875373445e+01
-3.075081041291271688e+00 2.543347526314163076e+01
-3.037780540790771866e+00 2.886614566280475813e+01
-3.000480040290272044e+00 3.279151766678613455e+01
-2.963179539789770445e+00 3.728733512394327221e+01
-2.925879039289270622e+00 4.244478322026861150e+01
-2.888578538788769023e+00 4.837088858480893805e+01
-2.851278038288269201e+00 5.519131641538977107e+01
-2.813977537787769378e+00 6.305361413662731707e+01
-2.776677037287267780e+00 7.213095203176933978e+01
-2.739376536786767957e+00 8.262641043943423824e+01
-2.702076036286268135e+00 9.477785989567946956e+01
-2.664775535785766536e+00 1.088634743709376664e+02
-2.627475035285264937e+00 1.252079077707338968e+02
-2.590174534784765115e+00 1.441891493576145251e+02
-2.552874034284265292e+00 1.662460539038451088e+02
-2.515573533783765470e+00 1.918865164080638124e+02
-2.478273033283265647e+00 2.216962283751408620e+02
-2.440972532782762272e+00 2.563479123629105629e+02
-2.403672032282262450e+00 2.966108833375391214e+02
-2.366371531781762627e+00 3.433607292315925861e+02
-2.329071031281262805e+00 3.975888392257018609e+02
-2.291770530780762982e+00 4.604114374184156304e+02
-2.254470030280263160e+00 5.330777030347165919e+02
-2.217169529779759785e+00 6.169764781590290568e+02
-2.179869029279259962e+00 7.136409829364065445e+02
-2.142568528778760140e+00 8.247508798687166518e+02
-2.105268028278260317e+00 9.521309577031988738e+02
-2.067967527777760495e+00 1.097745646781214418e+03
-2.030667027277257120e+00 1.263688537679146293e+03
-1.993366526776757297e+00 1.452166060280530701e+03
-1.956066026276257475e+00 1.665474498270064259e+03
-1.918765525775757652e+00 1.905969571808750970e+03
-1.881465025275257830e+00 2.176027926023312830e+03
-1.844164524774758007e+00 2.478000021481383556e+03
-1.806864024274254632e+00 2.814154140457480025e+03
-1.769563523773754810e+00 3.186611503259320671e+03
-1.732263023273254987e+00 3.597272833632617221e+03
-1.694962522772755165e+00 4.047737119863317730e+03
-1.657662022272255342e+00 4.539213783780913218e+03
-1.620361521771751967e+00 5.072429984626036457e+03
-1.583061021271252145e+00 5.647535335574528290e+03
-1.545760520770752322e+00 6.264006879993527036e+03
-1.508460020270252500e+00 6.920557740119800656e+03
-1.471159519769752677e+00 7.615053386435472021e+03
-1.433859019269249302e+00 8.344439951484935591e+03
-1.396558518768749479e+00 9.104689394275259474e+03
-1.359258018268249657e+00 9.890766576031797740e+03
-1.321957517767749835e+00 1.069662339990794680e+04
-1.284657017267250012e+00 1.151522506257397436e+04
-1.247356516766750190e+00 1.233861313384107416e+04
-1.210056016266246814e+00 1.315800959601752947e+04
-1.172755515765746992e+00 1.396396511869524147e+04
-1.135455015265247170e+00 1.474655370657634376e+04
-1.098154514764747347e+00 1.549561443661045269e+04
-1.060854014264247525e+00 1.620103930485907222e+04
-1.023553513763744149e+00 1.685310425132403543e+04
-9.862530132632443269e-01 1.744283824845082563e+04
-9.489525127627445045e-01 1.796242295617170385e+04
-9.116520122622446820e-01 1.840561289017748277e+04
-8.743515117617448595e-01 1.876816333198709981e+04
-8.370510112612414844e-01 1.904825030447496465e+04
-7.997505107607416619e-01 1.924686375419017713e+04
-7.624500102602418394e-01 1.936815143224466374e+04
-7.251495097597420170e-01 1.941968654158181016e+04
-6.878490092592421945e-01 1.941262663385551423e+04
-6.505485087587423720e-01 1.936172418957065020e+04
-6.132480082582389969e-01 1.928514093604547816e+04
-5.759475077577391744e-01 1.920400941531945864e+04
-5.386470072572393519e-01 1.914167954434891362e+04
-5.013465067567395295e-01 1.912259021308060255e+04
-4.640460062562397070e-01 1.917072392511413273e+04
-4.267455057557363318e-01 1.930764455489013926e+04
-3.894450052552365094e-01 1.955019061432411036e+04
-3.521445047547366869e-01 1.990799810472774334e+04
-3.148440042542368644e-01 2.038114529979486906e+04
-2.775435037537370420e-01 2.095831946086750031e+04
-2.402430032532372195e-01 2.161596355045006931e+04
-2.029425027527338443e-01 2.231882829159659377e+04
-1.656420022522340219e-01 2.302220340580444099e+04
-1.283415017517341994e-01 2.367583324300656022e+04
-9.104100125123437692e-02 2.422917798882071293e+04
-5.374050075073455446e-02 2.463734091563693801e+04
-1.644000025023117928e-02 2.486674143180267492e+04
2.086050025026864319e-02 2.489955676849285373e+04
5.816100075076846565e-02 2.473612108910177994e+04
9.546150125126828812e-02 2.439483460905071115e+04
1.327620017517681106e-01 2.390961076296533429e+04
1.700625022522714858e-01 2.332535493086371207e+04
2.073630027527713082e-01 2.269230613833586540e+04
2.446635032532711307e-01 2.206020749924165648e+04
2.819640037537709532e-01 2.147318884537266058e+04
3.192645042542707756e-01 2.096599355037225905e+04
3.565650047547705981e-01 2.056184683248077636e+04
3.938655052552739733e-01 2.027193710881357038e+04
4.311660057557737957e-01 2.009623587193230196e+04
4.684665062562736182e-01 2.002524868855783643e+04
5.057670067567734407e-01 2.004226693820909350e+04
5.430675072572732631e-01 2.012574792658673323e+04
5.803680077577766383e-01 2.025155135289035752e+04
6.176685082582764608e-01 2.039486789389599289e+04
6.549690087587762832e-01 2.053176748822726950e+04
6.922695092592761057e-01 2.064036034421312070e+04
7.295700097597759282e-01 2.070160254210022322e+04
7.668705102602757506e-01 2.069979590809951333e+04
8.041710107607791258e-01 2.062283588934595173e+04
8.414715112612789483e-01 2.046225787761019456e+04
8.787720117617787707e-01 2.021312629289023607e+04
9.160725122622785932e-01 1.987380426905265995e+04
9.533730127627784157e-01 1.944563605758573613e+04
9.906735132632817908e-01 1.893256950684060212e+04
1.027974013763781613e+00 1.834074202629278443e+04
1.065274514264281436e+00 1.767805005583883394e+04
1.102575014764781258e+00 1.695371901383252771e+04
1.139875515265281081e+00 1.617788785597094829e+04
1.177176015765784456e+00 1.536121967282972400e+04
1.214476516266284278e+00 1.451454717044261815e+04
1.251777016766784101e+00 1.364855943048539666e+04
1.289077517267283923e+00 1.277353406457535311e+04
1.326378017767783746e+00 1.189911679595528949e+04
1.363678518268283568e+00 1.103414865420066963e+04
1.400979018768786943e+00 1.018653938070892946e+04
1.438279519269286766e+00 9.363184331567603294e+03
1.475580019769786588e+00 8.569921136626313455e+03
1.512880520270286411e+00 7.811521625591519296e+03
1.550181020770786233e+00 7.091714050570811196e+03
1.587481521271289608e+00 6.413230398448548840e+03
1.624782021771789431e+00 5.777873568095135852e+03
1.662082522272289253e+00 5.186599354534719168e+03
1.699383022772789076e+00 4.639608500097019714e+03
1.736683523273288898e+00 4.136444505773908531e+03
1.773984023773788721e+00 3.676093409886194422e+03
1.811284524274292096e+00 3.257082303336549558e+03
1.848585024774791918e+00 2.877573932047205744e+03
1.885885525275291741e+00 2.535455312519995459e+03
1.923186025775791563e+00 2.228418835121052325e+03
1.960486526276291386e+00 1.954034835586482586e+03
1.997787026776794761e+00 1.709815066804698517e+03
2.035087527277294583e+00 1.493266892830317602e+03
2.072388027777794406e+00 1.301938351821361039e+03
2.109688528278294228e+00 1.133454493953102201e+03
2.146989028778794051e+00 9.855455968303620011e+02
2.184289529279297426e+00 8.560679990732397755e+02
2.221590029779797248e+00 7.430183786588459043e+02
2.258890530280297071e+00 6.445423432796303587e+02
2.296191030780796893e+00 5.589382028974368950e+02
2.333491531281296716e+00 4.846567673365660767e+02
2.370792031781796538e+00 4.202979613787624658e+02
2.408092532282299914e+00 3.646049830531537168e+02
2.445393032782799736e+00 3.164566535827004827e+02
2.482693533283299558e+00 2.748585248487872832e+02
2.519994033783799381e+00 2.389332264827534686e+02
2.557294534284299203e+00 2.079104531299683174e+02
2.594595034784802579e+00 1.811169155761703848e+02
2.631895535285302401e+00 1.579665090418980640e+02
2.669196035785802223e+00 1.379508891450483929e+02
2.706496536286302046e+00 1.206305913534868495e+02
2.743797036786801868e+00 1.056267832966393172e+02
2.781097537287305244e+00 9.261370082508227597e+01
2.818398037787805066e+00 8.131178769149707364e+01
2.855698538288304889e+00 7.148153449356817646e+01
2.892999038788804711e+00 6.291799428648572245e+01
2.930299539289304533e+00 5.544593921335025044e+01
2.967600039789804356e+00 4.891561379290125444e+01
3.004900540290307731e+00 4.319903535957770657e+01
3.042201040790807554e+00 3.818678984634604490e+01
3.079501541291307376e+00 3.378527098754302926e+01
3.116802041791807198e+00 2.991431253266988222e+01
3.154102542292307021e+00 2.650516572366835533e+01
3.191403042792810396e+00 2.349877770194822091e+01
3.228703543293310219e+00 2.084433035883462537e+01
3.266004043793810041e+00 1.849800317547101258e+01
3.303304544294309864e+00 1.642192762788826599e+01
3.340605044794809686e+00 1.458330462416719620e+01
3.377905545295309508e+00 1.295366010076081587e+01
3.415206045795812884e+00 1.150821727617994661e+01
3.452506546296312706e+00 1.022536711174584845e+01
3.489807046796812529e+00 9.086221251000560883e+00
3.527107547297312351e+00 8.074234106777199216e+00
3.564408047797812173e+00 7.174882853445049058e+00
3.601708548298315549e+00 6.375395883816397102e+00
3.639009048798815371e+00 5.664521831796573537e+00
3.676309549299315194e+00 5.032332570881006717e+00
3.713610049799815016e+00 4.470054702880311481e+00
3.750910550300314839e+00 3.969924977500626007e+00
3.788211050800818214e+00 3.525065856531455211e+00
3.825511551301318036e+00 3.129378079046329475e+00
3.862812051801817859e+00 2.777447616423919907e+00
