    Position                   Intensity
 6.61479152728707E+0003	 7.29719893921095E-0004
 6.61479053535557E+0003	 7.38471021917908E-0004
 6.61478954342406E+0003	 7.47325122407048E-0004
 6.61478855149256E+0003	 7.56283364565221E-0004
 6.61478755956106E+0003	 7.65346930020749E-0004
 6.61478656762955E+0003	 7.74517012972204E-0004
 6.61478557569805E+0003	 7.83794820307922E-0004
 6.61478458376655E+0003	 7.93181571726385E-0004
 6.61478359183504E+0003	 8.02678499857486E-0004
 6.61478259990354E+0003	 8.12286850384683E-0004
 6.61478160797204E+0003	 8.22007882168005E-0004
 6.61478061604053E+0003	 8.31842867367928E-0004
 6.61477962410903E+0003	 8.41793091570137E-0004
 6.61477863217752E+0003	 8.51859853911125E-0004
 6.61477764024602E+0003	 8.62044467204675E-0004
 6.61477664831452E+0003	 8.72348258069160E-0004
 6.61477565638301E+0003	 8.82772567055733E-0004
 6.61477466445151E+0003	 8.93318748777336E-0004
 6.61477367252001E+0003	 9.03988172038536E-0004
 6.61477268058850E+0003	 9.14782219966227E-0004
 6.61477168865700E+0003	 9.25702290141125E-0004
 6.61477069672550E+0003	 9.36749794730106E-0004
 6.61476970479399E+0003	 9.47926160619340E-0004
 6.61476871286249E+0003	 9.59232829548242E-0004
 6.61476772093099E+0003	 9.70671258244215E-0004
 6.61476672899948E+0003	 9.82242918558190E-0004
 6.61476573706798E+0003	 9.93949297600937E-0004
 6.61476474513648E+0003	 1.00579189788018E-0003
 6.61476375320497E+0003	 1.01777223743844E-0003
 6.61476276127347E+0003	 1.02989184999166E-0003
 6.61476176934197E+0003	 1.04215228506860E-0003
 6.61476077741046E+0003	 1.05455510815092E-0003
 6.61475978547896E+0003	 1.06710190081404E-0003
 6.61475879354746E+0003	 1.07979426086872E-0003
 6.61475780161595E+0003	 1.09263380250331E-0003
 6.61475680968445E+0003	 1.10562215642680E-0003
 6.61475581775295E+0003	 1.11876097001243E-0003
 6.61475482582144E+0003	 1.13205190744215E-0003
 6.61475383388994E+0003	 1.14549664985156E-0003
 6.61475284195844E+0003	 1.15909689547573E-0003
 6.61475185002693E+0003	 1.17285435979552E-0003
 6.61475085809543E+0003	 1.18677077568459E-0003
 6.61474986616392E+0003	 1.20084789355710E-0003
 6.61474887423242E+0003	 1.21508748151596E-0003
 6.61474788230092E+0003	 1.22949132550176E-0003
 6.61474689036941E+0003	 1.24406122944227E-0003
 6.61474589843791E+0003	 1.25879901540256E-0003
 6.61474490650641E+0003	 1.27370652373574E-0003
 6.61474391457490E+0003	 1.28878561323419E-0003
 6.61474292264340E+0003	 1.30403816128147E-0003
 6.61474193071190E+0003	 1.31946606400473E-0003
 6.61474093878039E+0003	 1.33507123642768E-0003
 6.61473994684889E+0003	 1.35085561262413E-0003
 6.61473895491739E+0003	 1.36682114587205E-0003
 6.61473796298588E+0003	 1.38296980880817E-0003
 6.61473697105438E+0003	 1.39930359358309E-0003
 6.61473597912288E+0003	 1.41582451201689E-0003
 6.61473498719137E+0003	 1.43253459575532E-0003
 6.61473399525987E+0003	 1.44943589642638E-0003
 6.61473300332837E+0003	 1.46653048579747E-0003
 6.61473201139686E+0003	 1.48382045593300E-0003
 6.61473101946536E+0003	 1.50130791935250E-0003
 6.61473002753386E+0003	 1.51899500918914E-0003
 6.61472903560235E+0003	 1.53688387934880E-0003
 6.61472804367085E+0003	 1.55497670466953E-0003
 6.61472705173935E+0003	 1.57327568108156E-0003
 6.61472605980784E+0003	 1.59178302576759E-0003
 6.61472506787634E+0003	 1.61050097732376E-0003
 6.61472407594484E+0003	 1.62943179592082E-0003
 6.61472308401333E+0003	 1.64857776346596E-0003
 6.61472209208183E+0003	 1.66794118376488E-0003
 6.61472110015032E+0003	 1.68752438268445E-0003
 6.61472010821882E+0003	 1.70732970831569E-0003
 6.61471911628732E+0003	 1.72735953113723E-0003
 6.61471812435581E+0003	 1.74761624417917E-0003
 6.61471713242431E+0003	 1.76810226318738E-0003
 6.61471614049281E+0003	 1.78882002678821E-0003
 6.61471514856130E+0003	 1.80977199665363E-0003
 6.61471415662980E+0003	 1.83096065766674E-0003
 6.61471316469830E+0003	 1.85238851808780E-0003
 6.61471217276679E+0003	 1.87405810972055E-0003
 6.61471118083529E+0003	 1.89597198807905E-0003
 6.61471018890379E+0003	 1.91813273255489E-0003
 6.61470919697228E+0003	 1.94054294658484E-0003
 6.61470820504078E+0003	 1.96320525781888E-0003
 6.61470721310928E+0003	 1.98612231828872E-0003
 6.61470622117777E+0003	 2.00929680457665E-0003
 6.61470522924627E+0003	 2.03273141798493E-0003
 6.61470423731477E+0003	 2.05642888470550E-0003
 6.61470324538326E+0003	 2.08039195599018E-0003
 6.61470225345176E+0003	 2.10462340832129E-0003
 6.61470126152026E+0003	 2.12912604358270E-0003
 6.61470026958875E+0003	 2.15390268923130E-0003
 6.61469927765725E+0003	 2.17895619846895E-0003
 6.61469828572575E+0003	 2.20428945041487E-0003
 6.61469729379424E+0003	 2.22990535027843E-0003
 6.61469630186274E+0003	 2.25580682953243E-0003
 6.61469530993123E+0003	 2.28199684608684E-0003
 6.61469431799973E+0003	 2.30847838446300E-0003
 6.61469332606823E+0003	 2.33525445596823E-0003
 6.61469233413672E+0003	 2.36232809887099E-0003
 6.61469134220522E+0003	 2.38970237857644E-0003
 6.61469035027372E+0003	 2.41738038780251E-0003
 6.61468935834221E+0003	 2.44536524675645E-0003
 6.61468836641071E+0003	 2.47366010331183E-0003
 6.61468737447921E+0003	 2.50226813318605E-0003
 6.61468638254770E+0003	 2.53119254011836E-0003
 6.61468539061620E+0003	 2.56043655604827E-0003
 6.61468439868470E+0003	 2.59000344129463E-0003
 6.61468340675319E+0003	 2.61989648473500E-0003
 6.61468241482169E+0003	 2.65011900398569E-0003
 6.61468142289019E+0003	 2.68067434558218E-0003
 6.61468043095868E+0003	 2.71156588516011E-0003
 6.61467943902718E+0003	 2.74279702763674E-0003
 6.61467844709568E+0003	 2.77437120739293E-0003
 6.61467745516417E+0003	 2.80629188845559E-0003
 6.61467646323267E+0003	 2.83856256468062E-0003
 6.61467547130117E+0003	 2.87118675993645E-0003
 6.61467447936966E+0003	 2.90416802828791E-0003
 6.61467348743816E+0003	 2.93750995418070E-0003
 6.61467249550666E+0003	 2.97121615262635E-0003
 6.61467150357515E+0003	 3.00529026938756E-0003
 6.61467051164365E+0003	 3.03973598116412E-0003
 6.61466951971215E+0003	 3.07455699577923E-0003
 6.61466852778064E+0003	 3.10975705236632E-0003
 6.61466753584914E+0003	 3.14533992155623E-0003
 6.61466654391763E+0003	 3.18130940566494E-0003
 6.61466555198613E+0003	 3.21766933888157E-0003
 6.61466456005463E+0003	 3.25442358745696E-0003
 6.61466356812312E+0003	 3.29157604989244E-0003
 6.61466257619162E+0003	 3.32913065712914E-0003
 6.61466158426012E+0003	 3.36709137273755E-0003
 6.61466059232861E+0003	 3.40546219310736E-0003
 6.61465960039711E+0003	 3.44424714763774E-0003
 6.61465860846561E+0003	 3.48345029892779E-0003
 6.61465761653410E+0003	 3.52307574296725E-0003
 6.61465662460260E+0003	 3.56312760932742E-0003
 6.61465563267110E+0003	 3.60361006135228E-0003
 6.61465464073959E+0003	 3.64452729634973E-0003
 6.61465364880809E+0003	 3.68588354578296E-0003
 6.61465265687659E+0003	 3.72768307546191E-0003
 6.61465166494508E+0003	 3.76993018573460E-0003
 6.61465067301358E+0003	 3.81262921167869E-0003
 6.61464968108208E+0003	 3.85578452329272E-0003
 6.61464868915057E+0003	 3.89940052568740E-0003
 6.61464769721907E+0003	 3.94348165927656E-0003
 6.61464670528757E+0003	 3.98803239996808E-0003
 6.61464571335606E+0003	 4.03305725935428E-0003
 6.61464472142456E+0003	 4.07856078490209E-0003
 6.61464372949306E+0003	 4.12454756014278E-0003
 6.61464273756155E+0003	 4.17102220486114E-0003
 6.61464174563005E+0003	 4.21798937528411E-0003
 6.61464075369855E+0003	 4.26545376426877E-0003
 6.61463976176704E+0003	 4.31342010148960E-0003
 6.61463876983554E+0003	 4.36189315362484E-0003
 6.61463777790403E+0003	 4.41087772454212E-0003
 6.61463678597253E+0003	 4.46037865548288E-0003
 6.61463579404103E+0003	 4.51040082524588E-0003
 6.61463480210952E+0003	 4.56094915036941E-0003
 6.61463381017802E+0003	 4.61202858531237E-0003
 6.61463281824652E+0003	 4.66364412263369E-0003
 6.61463182631501E+0003	 4.71580079317049E-0003
 6.61463083438351E+0003	 4.76850366621463E-0003
 6.61462984245201E+0003	 4.82175784968732E-0003
 6.61462885052050E+0003	 4.87556849031215E-0003
 6.61462785858900E+0003	 4.92994077378601E-0003
 6.61462686665750E+0003	 4.98487992494797E-0003
 6.61462587472599E+0003	 5.04039120794598E-0003
 6.61462488279449E+0003	 5.09647992640123E-0003
 6.61462389086299E+0003	 5.15315142356996E-0003
 6.61462289893148E+0003	 5.21041108250289E-0003
 6.61462190699998E+0003	 5.26826432620165E-0003
 6.61462091506848E+0003	 5.32671661777257E-0003
 6.61461992313697E+0003	 5.38577346057734E-0003
 6.61461893120547E+0003	 5.44544039838055E-0003
 6.61461793927397E+0003	 5.50572301549400E-0003
 6.61461694734246E+0003	 5.56662693691753E-0003
 6.61461595541096E+0003	 5.62815782847622E-0003
 6.61461496347946E+0003	 5.69032139695402E-0003
 6.61461397154795E+0003	 5.75312339022342E-0003
 6.61461297961645E+0003	 5.81656959737105E-0003
 6.61461198768495E+0003	 5.88066584881934E-0003
 6.61461099575344E+0003	 5.94541801644361E-0003
 6.61461000382194E+0003	 6.01083201368490E-0003
 6.61460901189043E+0003	 6.07691379565821E-0003
 6.61460801995893E+0003	 6.14366935925588E-0003
 6.61460702802743E+0003	 6.21110474324626E-0003
 6.61460603609592E+0003	 6.27922602836715E-0003
 6.61460504416442E+0003	 6.34803933741446E-0003
 6.61460405223292E+0003	 6.41755083532510E-0003
 6.61460306030141E+0003	 6.48776672925489E-0003
 6.61460206836991E+0003	 6.55869326865069E-0003
 6.61460107643841E+0003	 6.63033674531687E-0003
 6.61460008450690E+0003	 6.70270349347610E-0003
 6.61459909257540E+0003	 6.77579988982413E-0003
 6.61459810064390E+0003	 6.84963235357855E-0003
 6.61459710871239E+0003	 6.92420734652154E-0003
 6.61459611678089E+0003	 6.99953137303620E-0003
 6.61459512484939E+0003	 7.07561098013667E-0003
 6.61459413291788E+0003	 7.15245275749175E-0003
 6.61459314098638E+0003	 7.23006333744220E-0003
 6.61459214905488E+0003	 7.30844939501105E-0003
 6.61459115712337E+0003	 7.38761764790777E-0003
 6.61459016519187E+0003	 7.46757485652521E-0003
 6.61458917326037E+0003	 7.54832782393007E-0003
 6.61458818132886E+0003	 7.62988339584643E-0003
 6.61458718939736E+0003	 7.71224846063235E-0003
 6.61458619746586E+0003	 7.79542994924964E-0003
 6.61458520553435E+0003	 7.87943483522656E-0003
 6.61458421360285E+0003	 7.96427013461372E-0003
 6.61458322167135E+0003	 8.04994290593274E-0003
 6.61458222973984E+0003	 8.13646025011819E-0003
 6.61458123780834E+0003	 8.22382931045248E-0003
 6.61458024587683E+0003	 8.31205727249357E-0003
 6.61457925394533E+0003	 8.40115136399603E-0003
 6.61457826201383E+0003	 8.49111885482509E-0003
 6.61457727008232E+0003	 8.58196705686370E-0003
 6.61457627815082E+0003	 8.67370332391297E-0003
 6.61457528621932E+0003	 8.76633505158563E-0003
 6.61457429428781E+0003	 8.85986967719308E-0003
 6.61457330235631E+0003	 8.95431467962549E-0003
 6.61457231042481E+0003	 9.04967757922566E-0003
 6.61457131849330E+0003	 9.14596593765617E-0003
 6.61457032656180E+0003	 9.24318735776057E-0003
 6.61456933463030E+0003	 9.34134948341784E-0003
 6.61456834269879E+0003	 9.44045999939114E-0003
 6.61456735076729E+0003	 9.54052663117047E-0003
 6.61456635883579E+0003	 9.64155714480929E-0003
 6.61456536690428E+0003	 9.74355934675566E-0003
 6.61456437497278E+0003	 9.84654108367770E-0003
 6.61456338304128E+0003	 9.95051024228350E-0003
 6.61456239110977E+0003	 1.00554747491359E-0002
 6.61456139917827E+0003	 1.01614425704624E-0002
 6.61456040724677E+0003	 1.02684217119594E-0002
 6.61455941531526E+0003	 1.03764202185921E-0002
 6.61455842338376E+0003	 1.04854461743903E-0002
 6.61455743145226E+0003	 1.05955077022385E-0002
 6.61455643952075E+0003	 1.07066129636631E-0002
 6.61455544758925E+0003	 1.08187701586142E-0002
 6.61455445565775E+0003	 1.09319875252448E-0002
 6.61455346372624E+0003	 1.10462733396848E-0002
 6.61455247179474E+0003	 1.11616359158131E-0002
 6.61455147986323E+0003	 1.12780836050245E-0002
 6.61455048793173E+0003	 1.13956247959949E-0002
 6.61454949600023E+0003	 1.15142679144426E-0002
 6.61454850406872E+0003	 1.16340214228866E-0002
 6.61454751213722E+0003	 1.17548938204031E-0002
 6.61454652020572E+0003	 1.18768936423781E-0002
 6.61454552827421E+0003	 1.20000294602585E-0002
 6.61454453634271E+0003	 1.21243098813004E-0002
 6.61454354441121E+0003	 1.22497435483159E-0002
 6.61454255247970E+0003	 1.23763391394166E-0002
 6.61454156054820E+0003	 1.25041053677561E-0002
 6.61454056861670E+0003	 1.26330509812709E-0002
 6.61453957668519E+0003	 1.27631847624183E-0002
 6.61453858475369E+0003	 1.28945155279135E-0002
 6.61453759282219E+0003	 1.30270521284655E-0002
 6.61453660089068E+0003	 1.31608034485098E-0002
 6.61453560895918E+0003	 1.32957784059411E-0002
 6.61453461702768E+0003	 1.34319859518439E-0002
 6.61453362509617E+0003	 1.35694350702214E-0002
 6.61453263316467E+0003	 1.37081347777229E-0002
 6.61453164123317E+0003	 1.38480941233696E-0002
 6.61453064930166E+0003	 1.39893221882793E-0002
 6.61452965737016E+0003	 1.41318280853883E-0002
 6.61452866543866E+0003	 1.42756209591725E-0002
 6.61452767350715E+0003	 1.44207099853660E-0002
 6.61452668157565E+0003	 1.45671043706782E-0002
 6.61452568964415E+0003	 1.47148133525078E-0002
 6.61452469771264E+0003	 1.48638461986555E-0002
 6.61452370578114E+0003	 1.50142122070334E-0002
 6.61452271384963E+0003	 1.51659207053723E-0002
 6.61452172191813E+0003	 1.53189810509251E-0002
 6.61452072998663E+0003	 1.54734026301678E-0002
 6.61451973805512E+0003	 1.56291948584970E-0002
 6.61451874612362E+0003	 1.57863671799226E-0002
 6.61451775419212E+0003	 1.59449290667577E-0002
 6.61451676226061E+0003	 1.61048900193036E-0002
 6.61451577032911E+0003	 1.62662595655291E-0002
 6.61451477839761E+0003	 1.64290472607464E-0002
 6.61451378646610E+0003	 1.65932626872796E-0002
 6.61451279453460E+0003	 1.67589154541288E-0002
 6.61451180260310E+0003	 1.69260151966266E-0002
 6.61451081067159E+0003	 1.70945715760887E-0002
 6.61450981874009E+0003	 1.72645942794564E-0002
 6.61450882680859E+0003	 1.74360930189323E-0002
 6.61450783487708E+0003	 1.76090775316068E-0002
 6.61450684294558E+0003	 1.77835575790757E-0002
 6.61450585101408E+0003	 1.79595429470503E-0002
 6.61450485908257E+0003	 1.81370434449551E-0002
 6.61450386715107E+0003	 1.83160689055175E-0002
 6.61450287521957E+0003	 1.84966291843446E-0002
 6.61450188328806E+0003	 1.86787341594905E-0002
 6.61450089135656E+0003	 1.88623937310096E-0002
 6.61449989942506E+0003	 1.90476178204989E-0002
 6.61449890749355E+0003	 1.92344163706264E-0002
 6.61449791556205E+0003	 1.94227993446455E-0002
 6.61449692363055E+0003	 1.96127767258960E-0002
 6.61449593169904E+0003	 1.98043585172890E-0002
 6.61449493976754E+0003	 1.99975547407775E-0002
 6.61449394783603E+0003	 2.01923754368097E-0002
 6.61449295590453E+0003	 2.03888306637672E-0002
 6.61449196397303E+0003	 2.05869304973844E-0002
 6.61449097204152E+0003	 2.07866850301511E-0002
 6.61448998011002E+0003	 2.09881043706970E-0002
 6.61448898817852E+0003	 2.11911986431569E-0002
 6.61448799624701E+0003	 2.13959779865162E-0002
 6.61448700431551E+0003	 2.16024525539377E-0002
 6.61448601238401E+0003	 2.18106325120669E-0002
 6.61448502045250E+0003	 2.20205280403175E-0002
 6.61448402852100E+0003	 2.22321493301349E-0002
 6.61448303658950E+0003	 2.24455065842383E-0002
 6.61448204465799E+0003	 2.26606100158411E-0002
 6.61448105272649E+0003	 2.28774698478478E-0002
 6.61448006079499E+0003	 2.30960963120294E-0002
 6.61447906886348E+0003	 2.33164996481750E-0002
 6.61447807693198E+0003	 2.35386901032193E-0002
 6.61447708500048E+0003	 2.37626779303478E-0002
 6.61447609306897E+0003	 2.39884733880772E-0002
 6.61447510113747E+0003	 2.42160867393111E-0002
 6.61447410920597E+0003	 2.44455282503730E-0002
 6.61447311727446E+0003	 2.46768081900129E-0002
 6.61447212534296E+0003	 2.49099368283907E-0002
 6.61447113341146E+0003	 2.51449244360344E-0002
 6.61447014147995E+0003	 2.53817812827736E-0002
 6.61446914954845E+0003	 2.56205176366484E-0002
 6.61446815761695E+0003	 2.58611437627937E-0002
 6.61446716568544E+0003	 2.61036699222984E-0002
 6.61446617375394E+0003	 2.63481063710414E-0002
 6.61446518182243E+0003	 2.65944633585017E-0002
 6.61446418989093E+0003	 2.68427511265452E-0002
 6.61446319795943E+0003	 2.70929799081880E-0002
 6.61446220602792E+0003	 2.73451599263353E-0002
 6.61446121409642E+0003	 2.75993013924971E-0002
 6.61446022216492E+0003	 2.78554145054815E-0002
 6.61445923023341E+0003	 2.81135094500648E-0002
 6.61445823830191E+0003	 2.83735963956394E-0002
 6.61445724637041E+0003	 2.86356854948407E-0002
 6.61445625443890E+0003	 2.88997868821516E-0002
 6.61445526250740E+0003	 2.91659106724874E-0002
 6.61445427057590E+0003	 2.94340669597596E-0002
 6.61445327864439E+0003	 2.97042658154208E-0002
 6.61445228671289E+0003	 2.99765172869901E-0002
 6.61445129478139E+0003	 3.02508313965604E-0002
 6.61445030284988E+0003	 3.05272181392881E-0002
 6.61444931091838E+0003	 3.08056874818656E-0002
 6.61444831898688E+0003	 3.10862493609774E-0002
 6.61444732705537E+0003	 3.13689136817411E-0002
 6.61444633512387E+0003	 3.16536903161333E-0002
 6.61444534319237E+0003	 3.19405891014018E-0002
 6.61444435126086E+0003	 3.22296198384639E-0002
 6.61444335932936E+0003	 3.25207922902936E-0002
 6.61444236739786E+0003	 3.28141161802951E-0002
 6.61444137546635E+0003	 3.31096011906687E-0002
 6.61444038353485E+0003	 3.34072569607627E-0002
 6.61443939160335E+0003	 3.37070930854205E-0002
 6.61443839967184E+0003	 3.40091191133164E-0002
 6.61443740774034E+0003	 3.43133445452850E-0002
 6.61443641580883E+0003	 3.46197788326443E-0002
 6.61443542387733E+0003	 3.49284313755129E-0002
 6.61443443194583E+0003	 3.52393115211222E-0002
 6.61443344001432E+0003	 3.55524285621246E-0002
 6.61443244808282E+0003	 3.58677917348986E-0002
 6.61443145615132E+0003	 3.61854102178508E-0002
 6.61443046421981E+0003	 3.65052931297178E-0002
 6.61442947228831E+0003	 3.68274495278652E-0002
 6.61442848035681E+0003	 3.71518884065869E-0002
 6.61442748842530E+0003	 3.74786186954069E-0002
 6.61442649649380E+0003	 3.78076492573791E-0002
 6.61442550456230E+0003	 3.81389888873916E-0002
 6.61442451263079E+0003	 3.84726463104718E-0002
 6.61442352069929E+0003	 3.88086301800966E-0002
 6.61442252876779E+0003	 3.91469490765034E-0002
 6.61442153683628E+0003	 3.94876115050077E-0002
 6.61442054490478E+0003	 3.98306258943244E-0002
 6.61441955297328E+0003	 4.01760005948944E-0002
 6.61441856104177E+0003	 4.05237438772169E-0002
 6.61441756911027E+0003	 4.08738639301869E-0002
 6.61441657717877E+0003	 4.12263688594399E-0002
 6.61441558524726E+0003	 4.15812666857024E-0002
 6.61441459331576E+0003	 4.19385653431499E-0002
 6.61441360138426E+0003	 4.22982726777702E-0002
 6.61441260945275E+0003	 4.26603964457366E-0002
 6.61441161752125E+0003	 4.30249443117848E-0002
 6.61441062558975E+0003	 4.33919238476002E-0002
 6.61440963365824E+0003	 4.37613425302100E-0002
 6.61440864172674E+0003	 4.41332077403839E-0002
 6.61440764979523E+0003	 4.45075267610413E-0002
 6.61440665786373E+0003	 4.48843067756656E-0002
 6.61440566593223E+0003	 4.52635548667243E-0002
 6.61440467400072E+0003	 4.56452780140973E-0002
 6.61440368206922E+0003	 4.60294830935094E-0002
 6.61440269013772E+0003	 4.64161768749703E-0002
 6.61440169820621E+0003	 4.68053660212183E-0002
 6.61440070627471E+0003	 4.71970570861705E-0002
 6.61439971434321E+0003	 4.75912565133769E-0002
 6.61439872241170E+0003	 4.79879706344776E-0002
 6.61439773048020E+0003	 4.83872056676650E-0002
 6.61439673854870E+0003	 4.87889677161476E-0002
 6.61439574661719E+0003	 4.91932627666160E-0002
 6.61439475468569E+0003	 4.96000966877111E-0002
 6.61439376275419E+0003	 5.00094752284925E-0002
 6.61439277082268E+0003	 5.04214040169069E-0002
 6.61439177889118E+0003	 5.08358885582554E-0002
 6.61439078695968E+0003	 5.12529342336605E-0002
 6.61438979502817E+0003	 5.16725462985290E-0002
 6.61438880309667E+0003	 5.20947298810125E-0002
 6.61438781116517E+0003	 5.25194899804642E-0002
 6.61438681923366E+0003	 5.29468314658896E-0002
 6.61438582730216E+0003	 5.33767590743921E-0002
 6.61438483537066E+0003	 5.38092774096113E-0002
 6.61438384343915E+0003	 5.42443909401534E-0002
 6.61438285150765E+0003	 5.46821039980139E-0002
 6.61438185957614E+0003	 5.51224207769891E-0002
 6.61438086764464E+0003	 5.55653453310778E-0002
 6.61437987571314E+0003	 5.60108815728721E-0002
 6.61437888378163E+0003	 5.64590332719344E-0002
 6.61437789185013E+0003	 5.69098040531623E-0002
 6.61437689991863E+0003	 5.73631973951378E-0002
 6.61437590798712E+0003	 5.78192166284632E-0002
 6.61437491605562E+0003	 5.82778649340791E-0002
 6.61437392412412E+0003	 5.87391453415664E-0002
 6.61437293219261E+0003	 5.92030607274307E-0002
 6.61437194026111E+0003	 5.96696138133681E-0002
 6.61437094832961E+0003	 6.01388071645108E-0002
 6.61436995639810E+0003	 6.06106431876538E-0002
 6.61436896446660E+0003	 6.10851241294608E-0002
 6.61436797253510E+0003	 6.15622520746475E-0002
 6.61436698060359E+0003	 6.20420289441442E-0002
 6.61436598867209E+0003	 6.25244564932346E-0002
 6.61436499674059E+0003	 6.30095363096733E-0002
 6.61436400480908E+0003	 6.34972698117766E-0002
 6.61436301287758E+0003	 6.39876582464929E-0002
 6.61436202094608E+0003	 6.44807026874446E-0002
 6.61436102901457E+0003	 6.49764040329499E-0002
 6.61436003708307E+0003	 6.54747630040147E-0002
 6.61435904515157E+0003	 6.59757801423025E-0002
 6.61435805322006E+0003	 6.64794558080780E-0002
 6.61435706128856E+0003	 6.69857901781235E-0002
 6.61435606935706E+0003	 6.74947832436341E-0002
 6.61435507742555E+0003	 6.80064348080801E-0002
 6.61435408549405E+0003	 6.85207444850528E-0002
 6.61435309356254E+0003	 6.90377116960769E-0002
 6.61435210163104E+0003	 6.95573356684035E-0002
 6.61435110969954E+0003	 7.00796154327748E-0002
 6.61435011776803E+0003	 7.06045498211666E-0002
 6.61434912583653E+0003	 7.11321374645059E-0002
 6.61434813390503E+0003	 7.16623767903639E-0002
 6.61434714197352E+0003	 7.21952660206290E-0002
 6.61434615004202E+0003	 7.27308031691535E-0002
 6.61434515811052E+0003	 7.32689860393824E-0002
 6.61434416617901E+0003	 7.38098122219587E-0002
 6.61434317424751E+0003	 7.43532790923101E-0002
 6.61434218231601E+0003	 7.48993838082162E-0002
 6.61434119038450E+0003	 7.54481233073557E-0002
 6.61434019845300E+0003	 7.59994943048400E-0002
 6.61433920652150E+0003	 7.65534932907274E-0002
 6.61433821458999E+0003	 7.71101165275232E-0002
 6.61433722265849E+0003	 7.76693600476664E-0002
 6.61433623072699E+0003	 7.82312196510044E-0002
 6.61433523879548E+0003	 7.87956909022532E-0002
 6.61433424686398E+0003	 7.93627691284514E-0002
 6.61433325493248E+0003	 7.99324494164041E-0002
 6.61433226300097E+0003	 8.05047266101189E-0002
 6.61433127106947E+0003	 8.10795953082359E-0002
 6.61433027913797E+0003	 8.16570498614564E-0002
 6.61432928720646E+0003	 8.22370843699648E-0002
 6.61432829527496E+0003	 8.28196926808521E-0002
 6.61432730334346E+0003	 8.34048683855399E-0002
 6.61432631141195E+0003	 8.39926048172054E-0002
 6.61432531948045E+0003	 8.45828950482103E-0002
 6.61432432754894E+0003	 8.51757318875371E-0002
 6.61432333561744E+0003	 8.57711078782300E-0002
 6.61432234368594E+0003	 8.63690152948462E-0002
 6.61432135175443E+0003	 8.69694461409194E-0002
 6.61432035982293E+0003	 8.75723921464317E-0002
 6.61431936789143E+0003	 8.81778447653044E-0002
 6.61431837595992E+0003	 8.87857951729008E-0002
 6.61431738402842E+0003	 8.93962342635507E-0002
 6.61431639209692E+0003	 9.00091526480898E-0002
 6.61431540016541E+0003	 9.06245406514253E-0002
 6.61431440823391E+0003	 9.12423883101207E-0002
 6.61431341630241E+0003	 9.18626853700059E-0002
 6.61431242437090E+0003	 9.24854212838166E-0002
 6.61431143243940E+0003	 9.31105852088585E-0002
 6.61431044050790E+0003	 9.37381660047018E-0002
 6.61430944857639E+0003	 9.43681522309091E-0002
 6.61430845664489E+0003	 9.50005321447943E-0002
 6.61430746471339E+0003	 9.56352936992167E-0002
 6.61430647278188E+0003	 9.62724245404119E-0002
 6.61430548085038E+0003	 9.69119120058585E-0002
 6.61430448891888E+0003	 9.75537431221856E-0002
 6.61430349698737E+0003	 9.81979046031209E-0002
 6.61430250505587E+0003	 9.88443828474781E-0002
 6.61430151312437E+0003	 9.94931639371905E-0002
 6.61430052119286E+0003	 1.00144233635387E-0001
 6.61429952926136E+0003	 1.00797577384514E-0001
 6.61429853732986E+0003	 1.01453180304505E-0001
 6.61429754539835E+0003	 1.02111027190998E-0001
 6.61429655346685E+0003	 1.02771102513596E-0001
 6.61429556153534E+0003	 1.03433390414189E-0001
 6.61429456960384E+0003	 1.04097874705314E-0001
 6.61429357767234E+0003	 1.04764538868577E-0001
 6.61429258574083E+0003	 1.05433366053117E-0001
 6.61429159380933E+0003	 1.06104339074134E-0001
 6.61429060187783E+0003	 1.06777440411460E-0001
 6.61428960994632E+0003	 1.07452652208192E-0001
 6.61428861801482E+0003	 1.08129956269374E-0001
 6.61428762608332E+0003	 1.08809334060739E-0001
 6.61428663415181E+0003	 1.09490766707502E-0001
 6.61428564222031E+0003	 1.10174234993209E-0001
 6.61428465028881E+0003	 1.10859719358646E-0001
 6.61428365835730E+0003	 1.11547199900799E-0001
 6.61428266642580E+0003	 1.12236656371870E-0001
 6.61428167449430E+0003	 1.12928068178355E-0001
 6.61428068256279E+0003	 1.13621414380169E-0001
 6.61427969063129E+0003	 1.14316673689834E-0001
 6.61427869869979E+0003	 1.15013824471718E-0001
 6.61427770676828E+0003	 1.15712844741329E-0001
 6.61427671483678E+0003	 1.16413712164671E-0001
 6.61427572290528E+0003	 1.17116404057643E-0001
 6.61427473097377E+0003	 1.17820897385500E-0001
 6.61427373904227E+0003	 1.18527168762367E-0001
 6.61427274711077E+0003	 1.19235194450799E-0001
 6.61427175517926E+0003	 1.19944950361403E-0001
 6.61427076324776E+0003	 1.20656412052506E-0001
 6.61426977131626E+0003	 1.21369554729872E-0001
 6.61426877938475E+0003	 1.22084353246472E-0001
 6.61426778745325E+0003	 1.22800782102304E-0001
 6.61426679552174E+0003	 1.23518815444261E-0001
 6.61426580359024E+0003	 1.24238427066040E-0001
 6.61426481165874E+0003	 1.24959590408111E-0001
 6.61426381972723E+0003	 1.25682278557718E-0001
 6.61426282779573E+0003	 1.26406464248931E-0001
 6.61426183586423E+0003	 1.27132119862741E-0001
 6.61426084393272E+0003	 1.27859217427202E-0001
 6.61425985200122E+0003	 1.28587728617606E-0001
 6.61425886006972E+0003	 1.29317624756702E-0001
 6.61425786813821E+0003	 1.30048876814962E-0001
 6.61425687620671E+0003	 1.30781455410875E-0001
 6.61425588427521E+0003	 1.31515330811287E-0001
 6.61425489234370E+0003	 1.32250472931768E-0001
 6.61425390041220E+0003	 1.32986851337030E-0001
 6.61425290848070E+0003	 1.33724435241366E-0001
 6.61425191654919E+0003	 1.34463193509128E-0001
 6.61425092461769E+0003	 1.35203094655241E-0001
 6.61424993268619E+0003	 1.35944106845746E-0001
 6.61424894075468E+0003	 1.36686197898374E-0001
 6.61424794882318E+0003	 1.37429335283156E-0001
 6.61424695689168E+0003	 1.38173486123054E-0001
 6.61424596496017E+0003	 1.38918617194632E-0001
 6.61424497302867E+0003	 1.39664694928749E-0001
 6.61424398109717E+0003	 1.40411685411285E-0001
 6.61424298916566E+0003	 1.41159554383887E-0001
 6.61424199723416E+0003	 1.41908267244757E-0001
 6.61424100530266E+0003	 1.42657789049450E-0001
 6.61424001337115E+0003	 1.43408084511715E-0001
 6.61423902143965E+0003	 1.44159118004356E-0001
 6.61423802950814E+0003	 1.44910853560114E-0001
 6.61423703757664E+0003	 1.45663254872593E-0001
 6.61423604564514E+0003	 1.46416285297194E-0001
 6.61423505371363E+0003	 1.47169907852094E-0001
 6.61423406178213E+0003	 1.47924085219242E-0001
 6.61423306985063E+0003	 1.48678779745385E-0001
 6.61423207791912E+0003	 1.49433953443128E-0001
 6.61423108598762E+0003	 1.50189567992021E-0001
 6.61423009405612E+0003	 1.50945584739679E-0001
 6.61422910212461E+0003	 1.51701964702927E-0001
 6.61422811019311E+0003	 1.52458668568987E-0001
 6.61422711826161E+0003	 1.53215656696695E-0001
 6.61422612633010E+0003	 1.53972889117749E-0001
 6.61422513439860E+0003	 1.54730325538004E-0001
 6.61422414246710E+0003	 1.55487925338793E-0001
 6.61422315053559E+0003	 1.56245647578301E-0001
 6.61422215860409E+0003	 1.57003450992968E-0001
 6.61422116667259E+0003	 1.57761293998949E-0001
 6.61422017474108E+0003	 1.58519134693603E-0001
 6.61421918280958E+0003	 1.59276930857051E-0001
 6.61421819087808E+0003	 1.60034639953763E-0001
 6.61421719894657E+0003	 1.60792219134216E-0001
 6.61421620701507E+0003	 1.61549625236593E-0001
 6.61421521508357E+0003	 1.62306814788547E-0001
 6.61421422315206E+0003	 1.63063744009024E-0001
 6.61421323122056E+0003	 1.63820368810151E-0001
 6.61421223928906E+0003	 1.64576644799187E-0001
 6.61421124735755E+0003	 1.65332527280545E-0001
 6.61421025542605E+0003	 1.66087971257887E-0001
 6.61420926349454E+0003	 1.66842931436294E-0001
 6.61420827156304E+0003	 1.67597362224515E-0001
 6.61420727963154E+0003	 1.68351217737298E-0001
 6.61420628770003E+0003	 1.69104451797810E-0001
 6.61420529576853E+0003	 1.69857017940142E-0001
 6.61420430383703E+0003	 1.70608869411909E-0001
 6.61420331190552E+0003	 1.71359959176948E-0001
 6.61420231997402E+0003	 1.72110239918116E-0001
 6.61420132804252E+0003	 1.72859664040187E-0001
 6.61420033611101E+0003	 1.73608183672872E-0001
 6.61419934417951E+0003	 1.74355750673930E-0001
 6.61419835224801E+0003	 1.75102316632413E-0001
 6.61419736031650E+0003	 1.75847832872023E-0001
 6.61419636838500E+0003	 1.76592250454591E-0001
 6.61419537645350E+0003	 1.77335520183689E-0001
 6.61419438452199E+0003	 1.78077592608372E-0001
 6.61419339259049E+0003	 1.78818418027051E-0001
 6.61419240065899E+0003	 1.79557946491516E-0001
 6.61419140872748E+0003	 1.80296127811090E-0001
 6.61419041679598E+0003	 1.81032911556942E-0001
 6.61418942486448E+0003	 1.81768247066542E-0001
 6.61418843293297E+0003	 1.82502083448279E-0001
 6.61418744100147E+0003	 1.83234369586230E-0001
 6.61418644906997E+0003	 1.83965054145101E-0001
 6.61418545713846E+0003	 1.84694085575326E-0001
 6.61418446520696E+0003	 1.85421412118340E-0001
 6.61418347327546E+0003	 1.86146981812025E-0001
 6.61418248134395E+0003	 1.86870742496331E-0001
 6.61418148941245E+0003	 1.87592641819081E-0001
 6.61418049748094E+0003	 1.88312627241955E-0001
 6.61417950554944E+0003	 1.89030646046664E-0001
 6.61417851361794E+0003	 1.89746645341310E-0001
 6.61417752168643E+0003	 1.90460572066944E-0001
 6.61417652975493E+0003	 1.91172373004312E-0001
 6.61417553782343E+0003	 1.91881994780806E-0001
 6.61417454589192E+0003	 1.92589383877607E-0001
 6.61417355396042E+0003	 1.93294486637042E-0001
 6.61417256202892E+0003	 1.93997249270134E-0001
 6.61417157009741E+0003	 1.94697617864369E-0001
 6.61417057816591E+0003	 1.95395538391662E-0001
 6.61416958623441E+0003	 1.96090956716548E-0001
 6.61416859430290E+0003	 1.96783818604567E-0001
 6.61416760237140E+0003	 1.97474069730878E-0001
 6.61416661043990E+0003	 1.98161655689080E-0001
 6.61416561850839E+0003	 1.98846522000254E-0001
 6.61416462657689E+0003	 1.99528614122217E-0001
 6.61416363464539E+0003	 2.00207877458997E-0001
 6.61416264271388E+0003	 2.00884257370527E-0001
 6.61416165078238E+0003	 2.01557699182552E-0001
 6.61416065885088E+0003	 2.02228148196766E-0001
 6.61415966691937E+0003	 2.02895549701157E-0001
 6.61415867498787E+0003	 2.03559848980577E-0001
 6.61415768305637E+0003	 2.04220991327528E-0001
 6.61415669112486E+0003	 2.04878922053169E-0001
 6.61415569919336E+0003	 2.05533586498536E-0001
 6.61415470726186E+0003	 2.06184930045985E-0001
 6.61415371533035E+0003	 2.06832898130845E-0001
 6.61415272339885E+0003	 2.07477436253285E-0001
 6.61415173146734E+0003	 2.08118489990404E-0001
 6.61415073953584E+0003	 2.08756005008517E-0001
 6.61414974760434E+0003	 2.09389927075665E-0001
 6.61414875567283E+0003	 2.10020202074327E-0001
 6.61414776374133E+0003	 2.10646776014339E-0001
 6.61414677180983E+0003	 2.11269595046013E-0001
 6.61414577987832E+0003	 2.11888605473471E-0001
 6.61414478794682E+0003	 2.12503753768161E-0001
 6.61414379601532E+0003	 2.13114986582586E-0001
 6.61414280408381E+0003	 2.13722250764216E-0001
 6.61414181215231E+0003	 2.14325493369597E-0001
 6.61414082022081E+0003	 2.14924661678652E-0001
 6.61413982828930E+0003	 2.15519703209160E-0001
 6.61413883635780E+0003	 2.16110565731425E-0001
 6.61413784442630E+0003	 2.16697197283121E-0001
 6.61413685249479E+0003	 2.17279546184315E-0001
 6.61413586056329E+0003	 2.17857561052665E-0001
 6.61413486863179E+0003	 2.18431190818782E-0001
 6.61413387670028E+0003	 2.19000384741770E-0001
 6.61413288476878E+0003	 2.19565092424916E-0001
 6.61413189283728E+0003	 2.20125263831549E-0001
 6.61413090090577E+0003	 2.20680849301052E-0001
 6.61412990897427E+0003	 2.21231799565028E-0001
 6.61412891704277E+0003	 2.21778065763612E-0001
 6.61412792511126E+0003	 2.22319599461933E-0001
 6.61412693317976E+0003	 2.22856352666715E-0001
 6.61412594124826E+0003	 2.23388277843021E-0001
 6.61412494931675E+0003	 2.23915327931122E-0001
 6.61412395738525E+0003	 2.24437456363511E-0001
 6.61412296545374E+0003	 2.24954617082034E-0001
 6.61412197352224E+0003	 2.25466764555154E-0001
 6.61412098159074E+0003	 2.25973853795329E-0001
 6.61411998965923E+0003	 2.26475840376516E-0001
 6.61411899772773E+0003	 2.26972680451781E-0001
 6.61411800579623E+0003	 2.27464330771030E-0001
 6.61411701386472E+0003	 2.27950748698841E-0001
 6.61411602193322E+0003	 2.28431892232405E-0001
 6.61411503000172E+0003	 2.28907720019576E-0001
 6.61411403807021E+0003	 2.29378191377004E-0001
 6.61411304613871E+0003	 2.29843266308390E-0001
 6.61411205420721E+0003	 2.30302905522810E-0001
 6.61411106227570E+0003	 2.30757070453154E-0001
 6.61411007034420E+0003	 2.31205723274638E-0001
 6.61410907841270E+0003	 2.31648826923421E-0001
 6.61410808648119E+0003	 2.32086345115285E-0001
 6.61410709454969E+0003	 2.32518242364428E-0001
 6.61410610261819E+0003	 2.32944484002315E-0001
 6.61410511068668E+0003	 2.33365036196621E-0001
 6.61410411875518E+0003	 2.33779865970255E-0001
 6.61410312682368E+0003	 2.34188941220454E-0001
 6.61410213489217E+0003	 2.34592230737966E-0001
 6.61410114296067E+0003	 2.34989704226294E-0001
 6.61410015102917E+0003	 2.35381332321029E-0001
 6.61409915909766E+0003	 2.35767086609248E-0001
 6.61409816716616E+0003	 2.36146939648994E-0001
 6.61409717523465E+0003	 2.36520864988818E-0001
 6.61409618330315E+0003	 2.36888837187406E-0001
 6.61409519137165E+0003	 2.37250831833274E-0001
 6.61409419944014E+0003	 2.37606825564529E-0001
 6.61409320750864E+0003	 2.37956796088721E-0001
 6.61409221557714E+0003	 2.38300722202744E-0001
 6.61409122364563E+0003	 2.38638583812836E-0001
 6.61409023171413E+0003	 2.38970361954631E-0001
 6.61408923978263E+0003	 2.39296038813302E-0001
 6.61408824785112E+0003	 2.39615597743767E-0001
 6.61408725591962E+0003	 2.39929023290981E-0001
 6.61408626398812E+0003	 2.40236301210296E-0001
 6.61408527205661E+0003	 2.40537418487908E-0001
 6.61408428012511E+0003	 2.40832363361370E-0001
 6.61408328819361E+0003	 2.41121125340199E-0001
 6.61408229626210E+0003	 2.41403695226549E-0001
 6.61408130433060E+0003	 2.41680065135980E-0001
 6.61408031239910E+0003	 2.41950228518293E-0001
 6.61407932046759E+0003	 2.42214180178465E-0001
 6.61407832853609E+0003	 2.42471916297655E-0001
 6.61407733660459E+0003	 2.42723434454304E-0001
 6.61407634467308E+0003	 2.42968733645311E-0001
 6.61407535274158E+0003	 2.43207814307312E-0001
 6.61407436081008E+0003	 2.43440678338027E-0001
 6.61407336887857E+0003	 2.43667329117711E-0001
 6.61407237694707E+0003	 2.43887771530680E-0001
 6.61407138501557E+0003	 2.44102011986939E-0001
 6.61407039308406E+0003	 2.44310058443886E-0001
 6.61406940115256E+0003	 2.44511920428117E-0001
 6.61406840922105E+0003	 2.44707609057304E-0001
 6.61406741728955E+0003	 2.44897137062177E-0001
 6.61406642535805E+0003	 2.45080518808582E-0001
 6.61406543342654E+0003	 2.45257770319628E-0001
 6.61406444149504E+0003	 2.45428909297921E-0001
 6.61406344956354E+0003	 2.45593955147877E-0001
 6.61406245763203E+0003	 2.45752928998119E-0001
 6.61406146570053E+0003	 2.45905853723952E-0001
 6.61406047376903E+0003	 2.46052753969913E-0001
 6.61405948183752E+0003	 2.46193656172398E-0001
 6.61405848990602E+0003	 2.46328588582350E-0001
 6.61405749797452E+0003	 2.46457581288024E-0001
 6.61405650604301E+0003	 2.46580666237807E-0001
 6.61405551411151E+0003	 2.46697877263091E-0001
 6.61405452218001E+0003	 2.46809250101206E-0001
 6.61405353024850E+0003	 2.46914822418397E-0001
 6.61405253831700E+0003	 2.47014633832830E-0001
 6.61405154638550E+0003	 2.47108725937645E-0001
 6.61405055445399E+0003	 2.47197142324026E-0001
 6.61404956252249E+0003	 2.47279928604288E-0001
 6.61404857059099E+0003	 2.47357132434975E-0001
 6.61404757865948E+0003	 2.47428803539957E-0001
 6.61404658672798E+0003	 2.47494993733516E-0001
 6.61404559479648E+0003	 2.47555756943412E-0001
 6.61404460286497E+0003	 2.47611149233918E-0001
 6.61404361093347E+0003	 2.47661228828807E-0001
 6.61404261900197E+0003	 2.47706056134288E-0001
 6.61404162707046E+0003	 2.47745693761874E-0001
 6.61404063513896E+0003	 2.47780206551158E-0001
 6.61403964320745E+0003	 2.47809661592507E-0001
 6.61403865127595E+0003	 2.47834128249625E-0001
 6.61403765934445E+0003	 2.47853678182008E-0001
 6.61403666741294E+0003	 2.47868385367229E-0001
 6.61403567548144E+0003	 2.47878326123090E-0001
 6.61403468354994E+0003	 2.47883579129566E-0001
 6.61403369161843E+0003	 2.47884225450564E-0001
 6.61403269968693E+0003	 2.47880348555461E-0001
 6.61403170775543E+0003	 2.47872034340400E-0001
 6.61403071582392E+0003	 2.47859371149322E-0001
 6.61402972389242E+0003	 2.47842449794724E-0001
 6.61402873196092E+0003	 2.47821363578098E-0001
 6.61402774002941E+0003	 2.47796208310054E-0001
 6.61402674809791E+0003	 2.47767082330076E-0001
 6.61402575616641E+0003	 2.47734086525914E-0001
 6.61402476423490E+0003	 2.47697324352555E-0001
 6.61402377230340E+0003	 2.47656901850776E-0001
 6.61402278037190E+0003	 2.47612927665228E-0001
 6.61402178844039E+0003	 2.47565513062041E-0001
 6.61402079650889E+0003	 2.47514771945909E-0001
 6.61401980457739E+0003	 2.47460820876628E-0001
 6.61401881264588E+0003	 2.47403779085065E-0001
 6.61401782071438E+0003	 2.47343768488504E-0001
 6.61401682878288E+0003	 2.47280913705376E-0001
 6.61401583685137E+0003	 2.47215342069296E-0001
 6.61401484491987E+0003	 2.47147183642407E-0001
 6.61401385298837E+0003	 2.47076571227983E-0001
 6.61401286105686E+0003	 2.47003640382252E-0001
 6.61401186912536E+0003	 2.46928529425419E-0001
 6.61401087719385E+0003	 2.46851379451837E-0001
 6.61400988526235E+0003	 2.46772334339297E-0001
 6.61400889333085E+0003	 2.46691540757401E-0001
 6.61400790139934E+0003	 2.46609148174974E-0001
 6.61400690946784E+0003	 2.46525308866481E-0001
 6.61400591753634E+0003	 2.46440177917410E-0001
 6.61400492560483E+0003	 2.46353913228577E-0001
 6.61400393367333E+0003	 2.46266675519311E-0001
 6.61400294174183E+0003	 2.46178628329493E-0001
 6.61400194981032E+0003	 2.46089938020382E-0001
 6.61400095787882E+0003	 2.46000773774211E-0001
 6.61399996594732E+0003	 2.45911307592491E-0001
 6.61399897401581E+0003	 2.45821714292991E-0001
 6.61399798208431E+0003	 2.45732171505346E-0001
 6.61399699015281E+0003	 2.45642859665250E-0001
 6.61399599822130E+0003	 2.45553962007184E-0001
 6.61399500628980E+0003	 2.45465664555644E-0001
 6.61399401435830E+0003	 2.45378156114812E-0001
 6.61399302242679E+0003	 2.45291628256635E-0001
 6.61399203049529E+0003	 2.45206275307247E-0001
 6.61399103856379E+0003	 2.45122294331716E-0001
 6.61399004663228E+0003	 2.45039885117036E-0001
 6.61398905470078E+0003	 2.44959250153343E-0001
 6.61398806276928E+0003	 2.44880594613286E-0001
 6.61398707083777E+0003	 2.44804126329522E-0001
 6.61398607890627E+0003	 2.44730055770276E-0001
 6.61398508697477E+0003	 2.44658596012911E-0001
 6.61398409504326E+0003	 2.44589962715482E-0001
 6.61398310311176E+0003	 2.44524374086192E-0001
 6.61398211118025E+0003	 2.44462050850726E-0001
 6.61398111924875E+0003	 2.44403216217408E-0001
 6.61398012731725E+0003	 2.44348095840111E-0001
 6.61397913538574E+0003	 2.44296917778903E-0001
 6.61397814345424E+0003	 2.44249912458343E-0001
 6.61397715152274E+0003	 2.44207312623411E-0001
 6.61397615959123E+0003	 2.44169353292991E-0001
 6.61397516765973E+0003	 2.44136271710870E-0001
 6.61397417572823E+0003	 2.44108307294215E-0001
 6.61397318379672E+0003	 2.44085701579440E-0001
 6.61397219186522E+0003	 2.44068698165464E-0001
 6.61397119993372E+0003	 2.44057542654259E-0001
 6.61397020800221E+0003	 2.44052482588673E-0001
 6.61396921607071E+0003	 2.44053767387465E-0001
 6.61396822413921E+0003	 2.44061648277494E-0001
 6.61396723220770E+0003	 2.44076378223035E-0001
 6.61396624027620E+0003	 2.44098211852152E-0001
 6.61396524834470E+0003	 2.44127405380082E-0001
 6.61396425641319E+0003	 2.44164216529605E-0001
 6.61396326448169E+0003	 2.44208904448315E-0001
 6.61396227255019E+0003	 2.44261729622777E-0001
 6.61396128061868E+0003	 2.44322953789511E-0001
 6.61396028868718E+0003	 2.44392839842757E-0001
 6.61395929675568E+0003	 2.44471651738981E-0001
 6.61395830482417E+0003	 2.44559654398076E-0001
 6.61395731289267E+0003	 2.44657113601215E-0001
 6.61395632096117E+0003	 2.44764295885328E-0001
 6.61395532902966E+0003	 2.44881468434130E-0001
 6.61395433709816E+0003	 2.45008898965710E-0001
 6.61395334516665E+0003	 2.45146855616602E-0001
 6.61395235323515E+0003	 2.45295606822319E-0001
 6.61395136130365E+0003	 2.45455421194327E-0001
 6.61395036937214E+0003	 2.45626567393413E-0001
 6.61394937744064E+0003	 2.45809313999413E-0001
 6.61394838550914E+0003	 2.46003929377293E-0001
 6.61394739357763E+0003	 2.46210681539543E-0001
 6.61394640164613E+0003	 2.46429838004860E-0001
 6.61394540971463E+0003	 2.46661665653104E-0001
 6.61394441778312E+0003	 2.46906430576519E-0001
 6.61394342585162E+0003	 2.47164397927180E-0001
 6.61394243392012E+0003	 2.47435831760681E-0001
 6.61394144198861E+0003	 2.47720994876033E-0001
 6.61394045005711E+0003	 2.48020148651784E-0001
 6.61393945812561E+0003	 2.48333552878349E-0001
 6.61393846619410E+0003	 2.48661465586554E-0001
 6.61393747426260E+0003	 2.49004142872404E-0001
 6.61393648233110E+0003	 2.49361838718071E-0001
 6.61393549039959E+0003	 2.49734804809142E-0001
 6.61393449846809E+0003	 2.50123290348113E-0001
 6.61393350653659E+0003	 2.50527541864179E-0001
 6.61393251460508E+0003	 2.50947803019333E-0001
 6.61393152267358E+0003	 2.51384314410806E-0001
 6.61393053074208E+0003	 2.51837313369901E-0001
 6.61392953881057E+0003	 2.52307033757240E-0001
 6.61392854687907E+0003	 2.52793705754495E-0001
 6.61392755494757E+0003	 2.53297555652647E-0001
 6.61392656301606E+0003	 2.53818805636828E-0001
 6.61392557108456E+0003	 2.54357673567830E-0001
 6.61392457915305E+0003	 2.54914372760328E-0001
 6.61392358722155E+0003	 2.55489111757928E-0001
 6.61392259529005E+0003	 2.56082094105097E-0001
 6.61392160335854E+0003	 2.56693518116078E-0001
 6.61392061142704E+0003	 2.57323576640904E-0001
 6.61391961949554E+0003	 2.57972456828594E-0001
 6.61391862756403E+0003	 2.58640339887665E-0001
 6.61391763563253E+0003	 2.59327400844070E-0001
 6.61391664370103E+0003	 2.60033808296695E-0001
 6.61391565176952E+0003	 2.60759724170564E-0001
 6.61391465983802E+0003	 2.61505303467878E-0001
 6.61391366790652E+0003	 2.62270694017055E-0001
 6.61391267597501E+0003	 2.63056036219935E-0001
 6.61391168404351E+0003	 2.63861462797308E-0001
 6.61391069211201E+0003	 2.64687098532966E-0001
 6.61390970018050E+0003	 2.65533060016437E-0001
 6.61390870824900E+0003	 2.66399455384629E-0001
 6.61390771631750E+0003	 2.67286384062569E-0001
 6.61390672438599E+0003	 2.68193936503457E-0001
 6.61390573245449E+0003	 2.69122193928261E-0001
 6.61390474052299E+0003	 2.70071228065083E-0001
 6.61390374859148E+0003	 2.71041100888538E-0001
 6.61390275665998E+0003	 2.72031864359392E-0001
 6.61390176472848E+0003	 2.73043560164730E-0001
 6.61390077279697E+0003	 2.74076219458908E-0001
 6.61389978086547E+0003	 2.75129862605571E-0001
 6.61389878893397E+0003	 2.76204498921031E-0001
 6.61389779700246E+0003	 2.77300126419287E-0001
 6.61389680507096E+0003	 2.78416731558999E-0001
 6.61389581313945E+0003	 2.79554288992719E-0001
 6.61389482120795E+0003	 2.80712761318714E-0001
 6.61389382927645E+0003	 2.81892098835688E-0001
 6.61389283734494E+0003	 2.83092239300759E-0001
 6.61389184541344E+0003	 2.84313107691020E-0001
 6.61389085348194E+0003	 2.85554615969044E-0001
 6.61388986155043E+0003	 2.86816662852690E-0001
 6.61388886961893E+0003	 2.88099133589566E-0001
 6.61388787768743E+0003	 2.89401899736537E-0001
 6.61388688575592E+0003	 2.90724818944640E-0001
 6.61388589382442E+0003	 2.92067734749802E-0001
 6.61388490189292E+0003	 2.93430476369743E-0001
 6.61388390996141E+0003	 2.94812858507458E-0001
 6.61388291802991E+0003	 2.96214681161682E-0001
 6.61388192609841E+0003	 2.97635729444738E-0001
 6.61388093416690E+0003	 2.99075773408175E-0001
 6.61387994223540E+0003	 3.00534567876603E-0001
 6.61387895030390E+0003	 3.02011852290136E-0001
 6.61387795837239E+0003	 3.03507350555877E-0001
 6.61387696644089E+0003	 3.05020770908814E-0001
 6.61387597450939E+0003	 3.06551805782608E-0001
 6.61387498257788E+0003	 3.08100131690625E-0001
 6.61387399064638E+0003	 3.09665409117670E-0001
 6.61387299871488E+0003	 3.11247282422822E-0001
 6.61387200678337E+0003	 3.12845379753786E-0001
 6.61387101485187E+0003	 3.14459312973163E-0001
 6.61387002292037E+0003	 3.16088677597054E-0001
 6.61386903098886E+0003	 3.17733052746400E-0001
 6.61386803905736E+0003	 3.19392001111441E-0001
 6.61386704712585E+0003	 3.21065068929702E-0001
 6.61386605519435E+0003	 3.22751785977877E-0001
 6.61386506326285E+0003	 3.24451665577999E-0001
 6.61386407133134E+0003	 3.26164204618244E-0001
 6.61386307939984E+0003	 3.27888883588757E-0001
 6.61386208746834E+0003	 3.29625166632817E-0001
 6.61386109553683E+0003	 3.31372501613702E-0001
 6.61386010360533E+0003	 3.33130320197568E-0001
 6.61385911167383E+0003	 3.34898037952658E-0001
 6.61385811974232E+0003	 3.36675054465138E-0001
 6.61385712781082E+0003	 3.38460753471845E-0001
 6.61385613587932E+0003	 3.40254503010213E-0001
 6.61385514394781E+0003	 3.42055655585639E-0001
 6.61385415201631E+0003	 3.43863548356511E-0001
 6.61385316008481E+0003	 3.45677503337120E-0001
 6.61385216815330E+0003	 3.47496827618658E-0001
 6.61385117622180E+0003	 3.49320813608472E-0001
 6.61385018429030E+0003	 3.51148739287738E-0001
 6.61384919235879E+0003	 3.52979868487686E-0001
 6.61384820042729E+0003	 3.54813451184482E-0001
 6.61384720849579E+0003	 3.56648723812885E-0001
 6.61384621656428E+0003	 3.58484909598698E-0001
 6.61384522463278E+0003	 3.60321218910104E-0001
 6.61384423270128E+0003	 3.62156849627865E-0001
 6.61384324076977E+0003	 3.63990987534392E-0001
 6.61384224883827E+0003	 3.65822806721651E-0001
 6.61384125690677E+0003	 3.67651470017818E-0001
 6.61384026497526E+0003	 3.69476129432633E-0001
 6.61383927304376E+0003	 3.71295926621278E-0001
 6.61383828111225E+0003	 3.73109993366680E-0001
 6.61383728918075E+0003	 3.74917452080028E-0001
 6.61383629724925E+0003	 3.76717416319303E-0001
 6.61383530531774E+0003	 3.78508991325592E-0001
 6.61383431338624E+0003	 3.80291274576899E-0001
 6.61383332145474E+0003	 3.82063356359176E-0001
 6.61383232952323E+0003	 3.83824320354215E-0001
 6.61383133759173E+0003	 3.85573244244066E-0001
 6.61383034566023E+0003	 3.87309200331568E-0001
 6.61382935372872E+0003	 3.89031256176585E-0001
 6.61382836179722E+0003	 3.90738475247483E-0001
 6.61382736986572E+0003	 3.92429917587357E-0001
 6.61382637793421E+0003	 3.94104640494505E-0001
 6.61382538600271E+0003	 3.95761699216591E-0001
 6.61382439407121E+0003	 3.97400147657932E-0001
 6.61382340213970E+0003	 3.99019039099278E-0001
 6.61382241020820E+0003	 4.00617426929480E-0001
 6.61382141827670E+0003	 4.02194365388352E-0001
 6.61382042634519E+0003	 4.03748910320052E-0001
 6.61381943441369E+0003	 4.05280119936253E-0001
 6.61381844248219E+0003	 4.06787055588348E-0001
 6.61381745055068E+0003	 4.08268782547940E-0001
 6.61381645861918E+0003	 4.09724370794776E-0001
 6.61381546668768E+0003	 4.11152895811340E-0001
 6.61381447475617E+0003	 4.12553439383230E-0001
 6.61381348282467E+0003	 4.13925090404466E-0001
 6.61381249089316E+0003	 4.15266945686820E-0001
 6.61381149896166E+0003	 4.16578110772259E-0001
 6.61381050703016E+0003	 4.17857700747599E-0001
 6.61380951509865E+0003	 4.19104841060360E-0001
 6.61380852316715E+0003	 4.20318668334918E-0001
 6.61380753123565E+0003	 4.21498331187940E-0001
 6.61380653930414E+0003	 4.22642991042109E-0001
 6.61380554737264E+0003	 4.23751822937135E-0001
 6.61380455544114E+0003	 4.24824016337059E-0001
 6.61380356350963E+0003	 4.25858775932768E-0001
 6.61380257157813E+0003	 4.26855322438758E-0001
 6.61380157964663E+0003	 4.27812893383040E-0001
 6.61380058771512E+0003	 4.28730743889191E-0001
 6.61379959578362E+0003	 4.29608147449487E-0001
 6.61379860385212E+0003	 4.30444396688073E-0001
 6.61379761192061E+0003	 4.31238804113125E-0001
 6.61379661998911E+0003	 4.31990702856962E-0001
 6.61379562805761E+0003	 4.32699447403088E-0001
 6.61379463612610E+0003	 4.33364414299097E-0001
 6.61379364419460E+0003	 4.33985002854462E-0001
 6.61379265226310E+0003	 4.34560635822171E-0001
 6.61379166033159E+0003	 4.35090760063225E-0001
 6.61379066840009E+0003	 4.35574847192991E-0001
 6.61378967646859E+0003	 4.36012394208492E-0001
 6.61378868453708E+0003	 4.36402924095619E-0001
 6.61378769260558E+0003	 4.36745986415389E-0001
 6.61378670067408E+0003	 4.37041157868321E-0001
 6.61378570874257E+0003	 4.37288042836024E-0001
 6.61378471681107E+0003	 4.37486273899187E-0001
 6.61378372487956E+0003	 4.37635512331085E-0001
 6.61378273294806E+0003	 4.37735448565833E-0001
 6.61378174101656E+0003	 4.37785802640593E-0001
 6.61378074908505E+0003	 4.37786324611014E-0001
 6.61377975715355E+0003	 4.37736794939168E-0001
 6.61377876522205E+0003	 4.37637024853335E-0001
 6.61377777329054E+0003	 4.37486856678974E-0001
 6.61377678135904E+0003	 4.37286164140309E-0001
 6.61377578942754E+0003	 4.37034852631948E-0001
 6.61377479749603E+0003	 4.36732859460008E-0001
 6.61377380556453E+0003	 4.36380154052307E-0001
 6.61377281363303E+0003	 4.35976738137135E-0001
 6.61377182170152E+0003	 4.35522645890248E-0001
 6.61377082977002E+0003	 4.35017944049721E-0001
 6.61376983783852E+0003	 4.34462731998368E-0001
 6.61376884590701E+0003	 4.33857141813459E-0001
 6.61376785397551E+0003	 4.33201338283534E-0001
 6.61376686204401E+0003	 4.32495518892157E-0001
 6.61376587011250E+0003	 4.31739913768478E-0001
 6.61376487818100E+0003	 4.30934785604561E-0001
 6.61376388624950E+0003	 4.30080429539446E-0001
 6.61376289431799E+0003	 4.29177173009975E-0001
 6.61376190238649E+0003	 4.28225375568486E-0001
 6.61376091045499E+0003	 4.27225428667476E-0001
 6.61375991852348E+0003	 4.26177755411434E-0001
 6.61375892659198E+0003	 4.25082810276067E-0001
 6.61375793466048E+0003	 4.23941078795197E-0001
 6.61375694272897E+0003	 4.22753077215655E-0001
 6.61375595079747E+0003	 4.21519352120540E-0001
 6.61375495886596E+0003	 4.20240480021283E-0001
 6.61375396693446E+0003	 4.18917066918957E-0001
 6.61375297500296E+0003	 4.17549747835369E-0001
 6.61375198307145E+0003	 4.16139186314486E-0001
 6.61375099113995E+0003	 4.14686073894794E-0001
 6.61374999920845E+0003	 4.13191129553242E-0001
 6.61374900727694E+0003	 4.11655099121456E-0001
 6.61374801534544E+0003	 4.10078754674953E-0001
 6.61374702341394E+0003	 4.08462893896128E-0001
 6.61374603148243E+0003	 4.06808339411811E-0001
 6.61374503955093E+0003	 4.05115938106247E-0001
 6.61374404761943E+0003	 4.03386560410378E-0001
 6.61374305568792E+0003	 4.01621099568332E-0001
 6.61374206375642E+0003	 3.99820470882072E-0001
 6.61374107182492E+0003	 3.97985610935170E-0001
 6.61374007989341E+0003	 3.96117476796730E-0001
 6.61373908796191E+0003	 3.94217045206466E-0001
 6.61373809603041E+0003	 3.92285311741998E-0001
 6.61373710409890E+0003	 3.90323289969475E-0001
 6.61373611216740E+0003	 3.88332010578557E-0001
 6.61373512023590E+0003	 3.86312520502957E-0001
 6.61373412830439E+0003	 3.84265882027610E-0001
 6.61373313637289E+0003	 3.82193171883669E-0001
 6.61373214444139E+0003	 3.80095480332452E-0001
 6.61373115250988E+0003	 3.77973910239559E-0001
 6.61373016057838E+0003	 3.75829576140295E-0001
 6.61372916864688E+0003	 3.73663603297628E-0001
 6.61372817671537E+0003	 3.71477126753866E-0001
 6.61372718478387E+0003	 3.69271290377240E-0001
 6.61372619285236E+0003	 3.67047245904600E-0001
 6.61372520092086E+0003	 3.64806151981435E-0001
 6.61372420898936E+0003	 3.62549173200373E-0001
 6.61372321705785E+0003	 3.60277479139394E-0001
 6.61372222512635E+0003	 3.57992243400907E-0001
 6.61372123319485E+0003	 3.55694642652854E-0001
 6.61372024126334E+0003	 3.53385855673041E-0001
 6.61371924933184E+0003	 3.51067062397790E-0001
 6.61371825740034E+0003	 3.48739442976071E-0001
 6.61371726546883E+0003	 3.46404176830231E-0001
 6.61371627353733E+0003	 3.44062441724391E-0001
 6.61371528160583E+0003	 3.41715412841594E-0001
 6.61371428967432E+0003	 3.39364261870766E-0001
 6.61371329774282E+0003	 3.37010156104498E-0001
 6.61371230581132E+0003	 3.34654257548652E-0001
 6.61371131387981E+0003	 3.32297722044782E-0001
 6.61371032194831E+0003	 3.29941698406283E-0001
 6.61370933001681E+0003	 3.27587327569223E-0001
 6.61370833808530E+0003	 3.25235741758704E-0001
 6.61370734615380E+0003	 3.22888063671622E-0001
 6.61370635422230E+0003	 3.20545405676657E-0001
 6.61370536229079E+0003	 3.18208869032241E-0001
 6.61370437035929E+0003	 3.15879543123298E-0001
 6.61370337842779E+0003	 3.13558504717415E-0001
 6.61370238649628E+0003	 3.11246817241183E-0001
 6.61370139456478E+0003	 3.08945530077285E-0001
 6.61370040263328E+0003	 3.06655677882966E-0001
 6.61369941070177E+0003	 3.04378279930441E-0001
 6.61369841877027E+0003	 3.02114339469745E-0001
 6.61369742683876E+0003	 2.99864843114539E-0001
 6.61369643490726E+0003	 2.97630760251272E-0001
 6.61369544297576E+0003	 2.95413042472127E-0001
 6.61369445104425E+0003	 2.93212623032123E-0001
 6.61369345911275E+0003	 2.91030416330655E-0001
 6.61369246718125E+0003	 2.88867317417790E-0001
 6.61369147524974E+0003	 2.86724201525535E-0001
 6.61369048331824E+0003	 2.84601923624293E-0001
 6.61368949138674E+0003	 2.82501318004661E-0001
 6.61368849945523E+0003	 2.80423197884688E-0001
 6.61368750752373E+0003	 2.78368355042680E-0001
 6.61368651559223E+0003	 2.76337559475599E-0001
 6.61368552366072E+0003	 2.74331559083058E-0001
 6.61368453172922E+0003	 2.72351079376879E-0001
 6.61368353979772E+0003	 2.70396823216153E-0001
 6.61368254786621E+0003	 2.68469470567694E-0001
 6.61368155593471E+0003	 2.66569678291753E-0001
 6.61368056400321E+0003	 2.64698079952816E-0001
 6.61367957207170E+0003	 2.62855285655281E-0001
 6.61367858014020E+0003	 2.61041881903783E-0001
 6.61367758820870E+0003	 2.59258431487890E-0001
 6.61367659627719E+0003	 2.57505473390872E-0001
 6.61367560434569E+0003	 2.55783522722230E-0001
 6.61367461241419E+0003	 2.54093070673603E-0001
 6.61367362048268E+0003	 2.52434584497695E-0001
 6.61367262855118E+0003	 2.50808507509801E-0001
 6.61367163661968E+0003	 2.49215259111505E-0001
 6.61367064468817E+0003	 2.47655234836090E-0001
 6.61366965275667E+0003	 2.46128806415192E-0001
 6.61366866082516E+0003	 2.44636321866183E-0001
 6.61366766889366E+0003	 2.43178105599792E-0001
 6.61366667696216E+0003	 2.41754458547400E-0001
 6.61366568503065E+0003	 2.40365658307482E-0001
 6.61366469309915E+0003	 2.39011959310611E-0001
 6.61366370116765E+0003	 2.37693593002459E-0001
 6.61366270923614E+0003	 2.36410768044183E-0001
 6.61366171730464E+0003	 2.35163670529608E-0001
 6.61366072537314E+0003	 2.33952464218583E-0001
 6.61365973344163E+0003	 2.32777290785885E-0001
 6.61365874151013E+0003	 2.31638270085043E-0001
 6.61365774957863E+0003	 2.30535500426441E-0001
 6.61365675764712E+0003	 2.29469058869059E-0001
 6.61365576571562E+0003	 2.28439001525206E-0001
 6.61365477378412E+0003	 2.27445363877588E-0001
 6.61365378185261E+0003	 2.26488161108071E-0001
 6.61365278992111E+0003	 2.25567388437473E-0001
 6.61365179798961E+0003	 2.24683021475755E-0001
 6.61365080605810E+0003	 2.23835016581936E-0001
 6.61364981412660E+0003	 2.23023311233110E-0001
 6.61364882219510E+0003	 2.22247824401899E-0001
 6.61364783026359E+0003	 2.21508456941732E-0001
 6.61364683833209E+0003	 2.20805091979297E-0001
 6.61364584640059E+0003	 2.20137595313542E-0001
 6.61364485446908E+0003	 2.19505815820623E-0001
 6.61364386253758E+0003	 2.18909585864177E-0001
 6.61364287060608E+0003	 2.18348721710325E-0001
 6.61364187867457E+0003	 2.17823023946810E-0001
 6.61364088674307E+0003	 2.17332277905704E-0001
 6.61363989481156E+0003	 2.16876254089101E-0001
 6.61363890288006E+0003	 2.16454708597251E-0001
 6.61363791094856E+0003	 2.16067383558588E-0001
 6.61363691901705E+0003	 2.15714007561123E-0001
 6.61363592708555E+0003	 2.15394296084684E-0001
 6.61363493515405E+0003	 2.15107951933507E-0001
 6.61363394322254E+0003	 2.14854665668679E-0001
 6.61363295129104E+0003	 2.14634116039972E-0001
 6.61363195935954E+0003	 2.14445970416605E-0001
 6.61363096742803E+0003	 2.14289885216492E-0001
 6.61362997549653E+0003	 2.14165506333550E-0001
 6.61362898356503E+0003	 2.14072469562655E-0001
 6.61362799163352E+0003	 2.14010401021862E-0001
 6.61362699970202E+0003	 2.13978917571492E-0001
 6.61362600777052E+0003	 2.13977627229744E-0001
 6.61362501583901E+0003	 2.14006129584476E-0001
 6.61362402390751E+0003	 2.14064016200834E-0001
 6.61362303197601E+0003	 2.14150871024402E-0001
 6.61362204004450E+0003	 2.14266270779603E-0001
 6.61362104811300E+0003	 2.14409785363047E-0001
 6.61362005618150E+0003	 2.14580978231579E-0001
 6.61361906424999E+0003	 2.14779406784772E-0001
 6.61361807231849E+0003	 2.15004622741647E-0001
 6.61361708038699E+0003	 2.15256172511386E-0001
 6.61361608845548E+0003	 2.15533597557861E-0001
 6.61361509652398E+0003	 2.15836434757774E-0001
 6.61361410459248E+0003	 2.16164216752264E-0001
 6.61361311266097E+0003	 2.16516472291810E-0001
 6.61361212072947E+0003	 2.16892726574289E-0001
 6.61361112879796E+0003	 2.17292501576093E-0001
 6.61361013686646E+0003	 2.17715316376151E-0001
 6.61360914493496E+0003	 2.18160687472805E-0001
 6.61360815300345E+0003	 2.18628129093426E-0001
 6.61360716107195E+0003	 2.19117153496711E-0001
 6.61360616914045E+0003	 2.19627271267604E-0001
 6.61360517720894E+0003	 2.20157991604802E-0001
 6.61360418527744E+0003	 2.20708822600794E-0001
 6.61360319334594E+0003	 2.21279271514435E-0001
 6.61360220141443E+0003	 2.21868845036024E-0001
 6.61360120948293E+0003	 2.22477049544907E-0001
 6.61360021755143E+0003	 2.23103391359584E-0001
 6.61359922561992E+0003	 2.23747376980382E-0001
 6.61359823368842E+0003	 2.24408513324681E-0001
 6.61359724175692E+0003	 2.25086307954763E-0001
 6.61359624982541E+0003	 2.25780269298306E-0001
 6.61359525789391E+0003	 2.26489906861607E-0001
 6.61359426596241E+0003	 2.27214731435560E-0001
 6.61359327403090E+0003	 2.27954255294492E-0001
 6.61359228209940E+0003	 2.28707992387909E-0001
 6.61359129016790E+0003	 2.29475458525253E-0001
 6.61359029823639E+0003	 2.30256171553745E-0001
 6.61358930630489E+0003	 2.31049651529408E-0001
 6.61358831437339E+0003	 2.31855420881393E-0001
 6.61358732244188E+0003	 2.32673004569671E-0001
 6.61358633051038E+0003	 2.33501930236239E-0001
 6.61358533857888E+0003	 2.34341728349928E-0001
 6.61358434664737E+0003	 2.35191932344937E-0001
 6.61358335471587E+0003	 2.36052078753219E-0001
 6.61358236278436E+0003	 2.36921707330822E-0001
 6.61358137085286E+0003	 2.37800361178337E-0001
 6.61358037892136E+0003	 2.38687586855554E-0001
 6.61357938698985E+0003	 2.39582934490472E-0001
 6.61357839505835E+0003	 2.40485957882790E-0001
 6.61357740312685E+0003	 2.41396214602001E-0001
 6.61357641119534E+0003	 2.42313266080243E-0001
 6.61357541926384E+0003	 2.43236677700017E-0001
 6.61357442733234E+0003	 2.44166018876925E-0001
 6.61357343540083E+0003	 2.45100863137551E-0001
 6.61357244346933E+0003	 2.46040788192626E-0001
 6.61357145153783E+0003	 2.46985376005608E-0001
 6.61357045960632E+0003	 2.47934212856814E-0001
 6.61356946767482E+0003	 2.48886889403234E-0001
 6.61356847574332E+0003	 2.49843000734161E-0001
 6.61356748381181E+0003	 2.50802146422769E-0001
 6.61356649188031E+0003	 2.51763930573770E-0001
 6.61356549994881E+0003	 2.52727961867271E-0001
 6.61356450801730E+0003	 2.53693853598978E-0001
 6.61356351608580E+0003	 2.54661223716843E-0001
 6.61356252415430E+0003	 2.55629694854309E-0001
 6.61356153222279E+0003	 2.56598894360251E-0001
 6.61356054029129E+0003	 2.57568454325749E-0001
 6.61355954835979E+0003	 2.58538011607800E-0001
 6.61355855642828E+0003	 2.59507207850090E-0001
 6.61355756449678E+0003	 2.60475689500945E-0001
 6.61355657256528E+0003	 2.61443107828557E-0001
 6.61355558063377E+0003	 2.62409118933601E-0001
 6.61355458870227E+0003	 2.63373383759366E-0001
 6.61355359677076E+0003	 2.64335568099475E-0001
 6.61355260483926E+0003	 2.65295342603308E-0001
 6.61355161290776E+0003	 2.66252382779237E-0001
 6.61355062097625E+0003	 2.67206368995749E-0001
 6.61354962904475E+0003	 2.68156986480567E-0001
 6.61354863711325E+0003	 2.69103925317856E-0001
 6.61354764518174E+0003	 2.70046880443585E-0001
 6.61354665325024E+0003	 2.70985551639166E-0001
 6.61354566131874E+0003	 2.71919643523410E-0001
 6.61354466938723E+0003	 2.72848865542919E-0001
 6.61354367745573E+0003	 2.73772931960970E-0001
 6.61354268552423E+0003	 2.74691561844959E-0001
 6.61354169359272E+0003	 2.75604479052509E-0001
 6.61354070166122E+0003	 2.76511412216278E-0001
 6.61353970972972E+0003	 2.77412094727549E-0001
 6.61353871779821E+0003	 2.78306264718676E-0001
 6.61353772586671E+0003	 2.79193665044432E-0001
 6.61353673393521E+0003	 2.80074043262326E-0001
 6.61353574200370E+0003	 2.80947151611954E-0001
 6.61353475007220E+0003	 2.81812746993424E-0001
 6.61353375814070E+0003	 2.82670590944933E-0001
 6.61353276620919E+0003	 2.83520449619513E-0001
 6.61353177427769E+0003	 2.84362093761029E-0001
 6.61353078234619E+0003	 2.85195298679459E-0001
 6.61352979041468E+0003	 2.86019844225501E-0001
 6.61352879848318E+0003	 2.86835514764552E-0001
 6.61352780655167E+0003	 2.87642099150110E-0001
 6.61352681462017E+0003	 2.88439390696616E-0001
 6.61352582268867E+0003	 2.89227187151803E-0001
 6.61352483075716E+0003	 2.90005290668567E-0001
 6.61352383882566E+0003	 2.90773507776392E-0001
 6.61352284689416E+0003	 2.91531649352386E-0001
 6.61352185496265E+0003	 2.92279530591932E-0001
 6.61352086303115E+0003	 2.93016970978995E-0001
 6.61351987109965E+0003	 2.93743794256124E-0001
 6.61351887916814E+0003	 2.94459828394149E-0001
 6.61351788723664E+0003	 2.95164905561639E-0001
 6.61351689530514E+0003	 2.95858862094090E-0001
 6.61351590337363E+0003	 2.96541538462927E-0001
 6.61351491144213E+0003	 2.97212779244297E-0001
 6.61351391951063E+0003	 2.97872433087692E-0001
 6.61351292757912E+0003	 2.98520352684421E-0001
 6.61351193564762E+0003	 2.99156394735949E-0001
 6.61351094371612E+0003	 2.99780419922118E-0001
 6.61350995178461E+0003	 3.00392292869264E-0001
 6.61350895985311E+0003	 3.00991882118269E-0001
 6.61350796792161E+0003	 3.01579060092516E-0001
 6.61350697599010E+0003	 3.02153703065817E-0001
 6.61350598405860E+0003	 3.02715691130285E-0001
 6.61350499212710E+0003	 3.03264908164184E-0001
 6.61350400019559E+0003	 3.03801241799764E-0001
 6.61350300826409E+0003	 3.04324583391086E-0001
 6.61350201633259E+0003	 3.04834827981861E-0001
 6.61350102440108E+0003	 3.05331874273300E-0001
 6.61350003246958E+0003	 3.05815624591996E-0001
 6.61349904053807E+0003	 3.06285984857831E-0001
 6.61349804860657E+0003	 3.06742864551941E-0001
 6.61349705667507E+0003	 3.07186176684715E-0001
 6.61349606474356E+0003	 3.07615837763867E-0001
 6.61349507281206E+0003	 3.08031767762569E-0001
 6.61349408088056E+0003	 3.08433890087651E-0001
 6.61349308894905E+0003	 3.08822131547884E-0001
 6.61349209701755E+0003	 3.09196422322353E-0001
 6.61349110508605E+0003	 3.09556695928897E-0001
 6.61349011315454E+0003	 3.09902889192672E-0001
 6.61348912122304E+0003	 3.10234942214789E-0001
 6.61348812929154E+0003	 3.10552798341062E-0001
 6.61348713736003E+0003	 3.10856404130864E-0001
 6.61348614542853E+0003	 3.11145709326088E-0001
 6.61348515349703E+0003	 3.11420666820224E-0001
 6.61348416156552E+0003	 3.11681232627546E-0001
 6.61348316963402E+0003	 3.11927365852418E-0001
 6.61348217770252E+0003	 3.12159028658723E-0001
 6.61348118577101E+0003	 3.12376186239408E-0001
 6.61348019383951E+0003	 3.12578806786152E-0001
 6.61347920190801E+0003	 3.12766861459159E-0001
 6.61347820997650E+0003	 3.12940324357081E-0001
 6.61347721804500E+0003	 3.13099172487053E-0001
 6.61347622611350E+0003	 3.13243385734866E-0001
 6.61347523418199E+0003	 3.13372946835263E-0001
 6.61347424225049E+0003	 3.13487841342355E-0001
 6.61347325031899E+0003	 3.13588057600173E-0001
 6.61347225838748E+0003	 3.13673586713333E-0001
 6.61347126645598E+0003	 3.13744422517835E-0001
 6.61347027452447E+0003	 3.13800561551981E-0001
 6.61346928259297E+0003	 3.13842003027415E-0001
 6.61346829066147E+0003	 3.13868748800282E-0001
 6.61346729872996E+0003	 3.13880803342514E-0001
 6.61346630679846E+0003	 3.13878173713220E-0001
 6.61346531486696E+0003	 3.13860869530202E-0001
 6.61346432293545E+0003	 3.13828902941580E-0001
 6.61346333100395E+0003	 3.13782288597525E-0001
 6.61346233907245E+0003	 3.13721043622107E-0001
 6.61346134714094E+0003	 3.13645187585237E-0001
 6.61346035520944E+0003	 3.13554742474727E-0001
 6.61345936327794E+0003	 3.13449732668432E-0001
 6.61345837134643E+0003	 3.13330184906506E-0001
 6.61345737941493E+0003	 3.13196128263732E-0001
 6.61345638748343E+0003	 3.13047594121959E-0001
 6.61345539555192E+0003	 3.12884616142618E-0001
 6.61345440362042E+0003	 3.12707230239314E-0001
 6.61345341168892E+0003	 3.12515474550512E-0001
 6.61345241975741E+0003	 3.12309389412285E-0001
 6.61345142782591E+0003	 3.12089017331140E-0001
 6.61345043589441E+0003	 3.11854402956907E-0001
 6.61344944396290E+0003	 3.11605593055705E-0001
 6.61344845203140E+0003	 3.11342636482941E-0001
 6.61344746009990E+0003	 3.11065584156399E-0001
 6.61344646816839E+0003	 3.10774489029350E-0001
 6.61344547623689E+0003	 3.10469406063731E-0001
 6.61344448430539E+0003	 3.10150392203359E-0001
 6.61344349237388E+0003	 3.09817506347188E-0001
 6.61344250044238E+0003	 3.09470809322595E-0001
 6.61344150851087E+0003	 3.09110363858712E-0001
 6.61344051657937E+0003	 3.08736234559776E-0001
 6.61343952464787E+0003	 3.08348487878506E-0001
 6.61343853271636E+0003	 3.07947192089502E-0001
 6.61343754078486E+0003	 3.07532417262667E-0001
 6.61343654885336E+0003	 3.07104235236634E-0001
 6.61343555692185E+0003	 3.06662719592211E-0001
 6.61343456499035E+0003	 3.06207945625830E-0001
 6.61343357305885E+0003	 3.05739990323006E-0001
 6.61343258112734E+0003	 3.05258932331794E-0001
 6.61343158919584E+0003	 3.04764851936246E-0001
 6.61343059726434E+0003	 3.04257831029863E-0001
 6.61342960533283E+0003	 3.03737953089047E-0001
 6.61342861340133E+0003	 3.03205303146541E-0001
 6.61342762146983E+0003	 3.02659967764858E-0001
 6.61342662953832E+0003	 3.02102035009704E-0001
 6.61342563760682E+0003	 3.01531594423381E-0001
 6.61342464567532E+0003	 3.00948736998180E-0001
 6.61342365374381E+0003	 3.00353555149757E-0001
 6.61342266181231E+0003	 2.99746142690496E-0001
 6.61342166988081E+0003	 2.99126594802841E-0001
 6.61342067794930E+0003	 2.98495008012632E-0001
 6.61341968601780E+0003	 2.97851480162406E-0001
 6.61341869408630E+0003	 2.97196110384682E-0001
 6.61341770215479E+0003	 2.96528999075237E-0001
 6.61341671022329E+0003	 2.95850247866354E-0001
 6.61341571829179E+0003	 2.95159959600064E-0001
 6.61341472636028E+0003	 2.94458238301364E-0001
 6.61341373442878E+0003	 2.93745189151422E-0001
 6.61341274249727E+0003	 2.93020918460775E-0001
 6.61341175056577E+0003	 2.92285533642508E-0001
 6.61341075863427E+0003	 2.91539143185434E-0001
 6.61340976670276E+0003	 2.90781856627255E-0001
 6.61340877477126E+0003	 2.90013784527728E-0001
 6.61340778283976E+0003	 2.89235038441826E-0001
 6.61340679090825E+0003	 2.88445730892903E-0001
 6.61340579897675E+0003	 2.87645975345858E-0001
 6.61340480704525E+0003	 2.86835886180312E-0001
 6.61340381511374E+0003	 2.86015578663798E-0001
 6.61340282318224E+0003	 2.85185168924958E-0001
 6.61340183125074E+0003	 2.84344773926769E-0001
 6.61340083931923E+0003	 2.83494511439788E-0001
 6.61339984738773E+0003	 2.82634500015424E-0001
 6.61339885545623E+0003	 2.81764858959249E-0001
 6.61339786352472E+0003	 2.80885708304336E-0001
 6.61339687159322E+0003	 2.79997168784651E-0001
 6.61339587966172E+0003	 2.79099361808483E-0001
 6.61339488773021E+0003	 2.78192409431935E-0001
 6.61339389579871E+0003	 2.77276434332461E-0001
 6.61339290386721E+0003	 2.76351559782486E-0001
 6.61339191193570E+0003	 2.75417909623069E-0001
 6.61339092000420E+0003	 2.74475608237670E-0001
 6.61338992807270E+0003	 2.73524780525975E-0001
 6.61338893614119E+0003	 2.72565551877810E-0001
 6.61338794420969E+0003	 2.71598048147167E-0001
 6.61338695227819E+0003	 2.70622395626300E-0001
 6.61338596034668E+0003	 2.69638721019947E-0001
 6.61338496841518E+0003	 2.68647151419654E-0001
 6.61338397648367E+0003	 2.67647814278212E-0001
 6.61338298455217E+0003	 2.66640837384228E-0001
 6.61338199262067E+0003	 2.65626348836806E-0001
 6.61338100068916E+0003	 2.64604477020386E-0001
 6.61338000875766E+0003	 2.63575350579706E-0001
 6.61337901682616E+0003	 2.62539098394913E-0001
 6.61337802489465E+0003	 2.61495849556836E-0001
 6.61337703296315E+0003	 2.60445733342407E-0001
 6.61337604103165E+0003	 2.59388879190253E-0001
 6.61337504910014E+0003	 2.58325416676455E-0001
 6.61337405716864E+0003	 2.57255475490482E-0001
 6.61337306523714E+0003	 2.56179185411309E-0001
 6.61337207330563E+0003	 2.55096676283723E-0001
 6.61337108137413E+0003	 2.54008077994812E-0001
 6.61337008944263E+0003	 2.52913520450662E-0001
 6.61336909751112E+0003	 2.51813133553253E-0001
 6.61336810557962E+0003	 2.50707047177560E-0001
 6.61336711364812E+0003	 2.49595391148864E-0001
 6.61336612171661E+0003	 2.48478295220290E-0001
 6.61336512978511E+0003	 2.47355889050551E-0001
 6.61336413785361E+0003	 2.46228302181933E-0001
 6.61336314592210E+0003	 2.45095664018500E-0001
 6.61336215399060E+0003	 2.43958103804531E-0001
 6.61336116205910E+0003	 2.42815750603205E-0001
 6.61336017012759E+0003	 2.41668733275516E-0001
 6.61335917819609E+0003	 2.40517180459438E-0001
 6.61335818626459E+0003	 2.39361220549339E-0001
 6.61335719433308E+0003	 2.38200981675636E-0001
 6.61335620240158E+0003	 2.37036591684721E-0001
 6.61335521047007E+0003	 2.35868178119126E-0001
 6.61335421853857E+0003	 2.34695868197954E-0001
 6.61335322660707E+0003	 2.33519788797574E-0001
 6.61335223467556E+0003	 2.32340066432574E-0001
 6.61335124274406E+0003	 2.31156827236980E-0001
 6.61335025081256E+0003	 2.29970196945742E-0001
 6.61334925888105E+0003	 2.28780300876490E-0001
 6.61334826694955E+0003	 2.27587263911557E-0001
 6.61334727501805E+0003	 2.26391210480271E-0001
 6.61334628308654E+0003	 2.25192264541522E-0001
 6.61334529115504E+0003	 2.23990549566600E-0001
 6.61334429922354E+0003	 2.22786188522304E-0001
 6.61334330729203E+0003	 2.21579303854326E-0001
 6.61334231536053E+0003	 2.20370017470909E-0001
 6.61334132342903E+0003	 2.19158450726774E-0001
 6.61334033149752E+0003	 2.17944724407325E-0001
 6.61333933956602E+0003	 2.16728958713125E-0001
 6.61333834763452E+0003	 2.15511273244645E-0001
 6.61333735570301E+0003	 2.14291786987285E-0001
 6.61333636377151E+0003	 2.13070618296666E-0001
 6.61333537184001E+0003	 2.11847884884193E-0001
 6.61333437990850E+0003	 2.10623703802886E-0001
 6.61333338797700E+0003	 2.09398191433484E-0001
 6.61333239604550E+0003	 2.08171463470809E-0001
 6.61333140411399E+0003	 2.06943634910402E-0001
 6.61333041218249E+0003	 2.05714820035426E-0001
 6.61332942025099E+0003	 2.04485132403820E-0001
 6.61332842831948E+0003	 2.03254684835730E-0001
 6.61332743638798E+0003	 2.02023589401188E-0001
 6.61332644445647E+0003	 2.00791957408057E-0001
 6.61332545252497E+0003	 1.99559899390228E-0001
 6.61332446059347E+0003	 1.98327525096073E-0001
 6.61332346866196E+0003	 1.97094943477153E-0001
 6.61332247673046E+0003	 1.95862262677174E-0001
 6.61332148479896E+0003	 1.94629590021191E-0001
 6.61332049286745E+0003	 1.93397032005066E-0001
 6.61331950093595E+0003	 1.92164694285161E-0001
 6.61331850900445E+0003	 1.90932681668281E-0001
 6.61331751707294E+0003	 1.89701098101858E-0001
 6.61331652514144E+0003	 1.88470046664369E-0001
 6.61331553320994E+0003	 1.87239629555998E-0001
 6.61331454127843E+0003	 1.86009948089522E-0001
 6.61331354934693E+0003	 1.84781102681446E-0001
 6.61331255741543E+0003	 1.83553192843354E-0001
 6.61331156548392E+0003	 1.82326317173498E-0001
 6.61331057355242E+0003	 1.81100573348610E-0001
 6.61330958162092E+0003	 1.79876058115940E-0001
 6.61330858968941E+0003	 1.78652867285520E-0001
 6.61330759775791E+0003	 1.77431095722650E-0001
 6.61330660582641E+0003	 1.76210837340596E-0001
 6.61330561389490E+0003	 1.74992185093519E-0001
 6.61330462196340E+0003	 1.73775230969609E-0001
 6.61330363003190E+0003	 1.72560065984443E-0001
 6.61330263810039E+0003	 1.71346780174552E-0001
 6.61330164616889E+0003	 1.70135462591199E-0001
 6.61330065423739E+0003	 1.68926201294373E-0001
 6.61329966230588E+0003	 1.67719083346991E-0001
 6.61329867037438E+0003	 1.66514194809303E-0001
 6.61329767844287E+0003	 1.65311620733514E-0001
 6.61329668651137E+0003	 1.64111445158600E-0001
 6.61329569457987E+0003	 1.62913751105341E-0001
 6.61329470264836E+0003	 1.61718620571556E-0001
 6.61329371071686E+0003	 1.60526134527530E-0001
 6.61329271878536E+0003	 1.59336372911659E-0001
 6.61329172685385E+0003	 1.58149414626287E-0001
 6.61329073492235E+0003	 1.56965337533752E-0001
 6.61328974299085E+0003	 1.55784218452622E-0001
 6.61328875105934E+0003	 1.54606133154142E-0001
 6.61328775912784E+0003	 1.53431156358876E-0001
 6.61328676719634E+0003	 1.52259361733547E-0001
 6.61328577526483E+0003	 1.51090821888078E-0001
 6.61328478333333E+0003	 1.49925608372833E-0001
 6.61328379140183E+0003	 1.48763791676053E-0001
 6.61328279947032E+0003	 1.47605441221499E-0001
 6.61328180753882E+0003	 1.46450625366278E-0001
 6.61328081560732E+0003	 1.45299411398883E-0001
 6.61327982367581E+0003	 1.44151865537425E-0001
 6.61327883174431E+0003	 1.43008052928060E-0001
 6.61327783981281E+0003	 1.41868037643620E-0001
 6.61327684788130E+0003	 1.40731882682440E-0001
 6.61327585594980E+0003	 1.39599649967384E-0001
 6.61327486401830E+0003	 1.38471400345070E-0001
 6.61327387208679E+0003	 1.37347193585289E-0001
 6.61327288015529E+0003	 1.36227088380638E-0001
 6.61327188822379E+0003	 1.35111142346327E-0001
 6.61327089629228E+0003	 1.33999412020215E-0001
 6.61326990436078E+0003	 1.32891952863017E-0001
 6.61326891242927E+0003	 1.31788819258734E-0001
 6.61326792049777E+0003	 1.30690064515265E-0001
 6.61326692856627E+0003	 1.29595740865233E-0001
 6.61326593663476E+0003	 1.28505899466997E-0001
 6.61326494470326E+0003	 1.27420590405876E-0001
 6.61326395277176E+0003	 1.26339862695564E-0001
 6.61326296084025E+0003	 1.25263764279752E-0001
 6.61326196890875E+0003	 1.24192342033939E-0001
 6.61326097697725E+0003	 1.23125641767459E-0001
 6.61325998504574E+0003	 1.22063708225685E-0001
 6.61325899311424E+0003	 1.21006585092455E-0001
 6.61325800118274E+0003	 1.19954314992679E-0001
 6.61325700925123E+0003	 1.18906939495151E-0001
 6.61325601731973E+0003	 1.17864499115559E-0001
 6.61325502538823E+0003	 1.16827033319693E-0001
 6.61325403345672E+0003	 1.15794580526839E-0001
 6.61325304152522E+0003	 1.14767178113387E-0001
 6.61325204959372E+0003	 1.13744862416613E-0001
 6.61325105766221E+0003	 1.12727668738669E-0001
 6.61325006573071E+0003	 1.11715631350760E-0001
 6.61324907379921E+0003	 1.10708783497511E-0001
 6.61324808186770E+0003	 1.09707157401525E-0001
 6.61324708993620E+0003	 1.08710784268135E-0001
 6.61324609800470E+0003	 1.07719694290330E-0001
 6.61324510607319E+0003	 1.06733916653880E-0001
 6.61324411414169E+0003	 1.05753479542638E-0001
 6.61324312221018E+0003	 1.04778410144019E-0001
 6.61324213027868E+0003	 1.03808734654673E-0001
 6.61324113834718E+0003	 1.02844478286317E-0001
 6.61324014641567E+0003	 1.01885665271759E-0001
 6.61323915448417E+0003	 1.00932318871085E-0001
 6.61323816255267E+0003	 9.99844613780190E-0002
 6.61323717062116E+0003	 9.90421141264495E-0002
 6.61323617868966E+0003	 9.81052974971281E-0002
 6.61323518675816E+0003	 9.71740309245206E-0002
 6.61323419482665E+0003	 9.62483329038237E-0002
 6.61323320289515E+0003	 9.53282209981372E-0002
 6.61323221096365E+0003	 9.44137118457874E-0002
 6.61323121903214E+0003	 9.35048211678030E-0002
 6.61323022710064E+0003	 9.26015637755366E-0002
 6.61322923516914E+0003	 9.17039535784276E-0002
 6.61322824323763E+0003	 9.08120035919076E-0002
 6.61322725130613E+0003	 8.99257259454394E-0002
 6.61322625937463E+0003	 8.90451318906887E-0002
 6.61322526744312E+0003	 8.81702318098243E-0002
 6.61322427551162E+0003	 8.73010352239416E-0002
 6.61322328358012E+0003	 8.64375508016074E-0002
 6.61322229164861E+0003	 8.55797863675200E-0002
 6.61322129971711E+0003	 8.47277489112811E-0002
 6.61322030778561E+0003	 8.38814445962765E-0002
 6.61321931585410E+0003	 8.30408787686577E-0002
 6.61321832392260E+0003	 8.22060559664255E-0002
 6.61321733199110E+0003	 8.13769799286056E-0002
 6.61321634005959E+0003	 8.05536536045157E-0002
 6.61321534812809E+0003	 7.97360791631175E-0002
 6.61321435619658E+0003	 7.89242580024497E-0002
 6.61321336426508E+0003	 7.81181907591379E-0002
 6.61321237233358E+0003	 7.73178773179763E-0002
 6.61321138040207E+0003	 7.65233168215755E-0002
 6.61321038847057E+0003	 7.57345076800748E-0002
 6.61320939653907E+0003	 7.49514475809105E-0002
 6.61320840460756E+0003	 7.41741334986393E-0002
 6.61320741267606E+0003	 7.34025617048091E-0002
 6.61320642074456E+0003	 7.26367277778759E-0002
 6.61320542881305E+0003	 7.18766266131563E-0002
 6.61320443688155E+0003	 7.11222524328192E-0002
 6.61320344495005E+0003	 7.03735987959067E-0002
 6.61320245301854E+0003	 6.96306586083795E-0002
 6.61320146108704E+0003	 6.88934241331851E-0002
 6.61320046915554E+0003	 6.81618870003431E-0002
 6.61319947722403E+0003	 6.74360382170426E-0002
 6.61319848529253E+0003	 6.67158681777490E-0002
 6.61319749336103E+0003	 6.60013666743133E-0002
 6.61319650142952E+0003	 6.52925229060840E-0002
 6.61319550949802E+0003	 6.45893254900128E-0002
 6.61319451756652E+0003	 6.38917624707522E-0002
 6.61319352563501E+0003	 6.31998213307426E-0002
 6.61319253370351E+0003	 6.25134890002832E-0002
 6.61319154177201E+0003	 6.18327518675811E-0002
 6.61319054984050E+0003	 6.11575957887804E-0002
 6.61318955790900E+0003	 6.04880060979616E-0002
 6.61318856597750E+0003	 5.98239676171119E-0002
 6.61318757404599E+0003	 5.91654646660619E-0002
 6.61318658211449E+0003	 5.85124810723843E-0002
 6.61318559018298E+0003	 5.78650001812533E-0002
 6.61318459825148E+0003	 5.72230048652598E-0002
 6.61318360631998E+0003	 5.65864775341813E-0002
 6.61318261438847E+0003	 5.59554001447022E-0002
 6.61318162245697E+0003	 5.53297542100811E-0002
 6.61318063052547E+0003	 5.47095208097661E-0002
 6.61317963859396E+0003	 5.40946805989514E-0002
 6.61317864666246E+0003	 5.34852138180739E-0002
 6.61317765473096E+0003	 5.28811003022504E-0002
 6.61317666279945E+0003	 5.22823194906485E-0002
 6.61317567086795E+0003	 5.16888504357936E-0002
 6.61317467893645E+0003	 5.11006718128067E-0002
 6.61317368700494E+0003	 5.05177619285731E-0002
 6.61317269507344E+0003	 4.99400987308399E-0002
 6.61317170314194E+0003	 4.93676598172401E-0002
 6.61317071121043E+0003	 4.88004224442427E-0002
 6.61316971927893E+0003	 4.82383635360268E-0002
 6.61316872734743E+0003	 4.76814596932780E-0002
 6.61316773541592E+0003	 4.71296872019073E-0002
 6.61316674348442E+0003	 4.65830220416911E-0002
 6.61316575155292E+0003	 4.60414398948284E-0002
 6.61316475962141E+0003	 4.55049161544205E-0002
 6.61316376768991E+0003	 4.49734259328655E-0002
 6.61316277575841E+0003	 4.44469440701714E-0002
 6.61316178382690E+0003	 4.39254451421864E-0002
 6.61316079189540E+0003	 4.34089034687443E-0002
 6.61315979996390E+0003	 4.28972931217267E-0002
 6.61315880803239E+0003	 4.23905879330402E-0002
 6.61315781610089E+0003	 4.18887615025084E-0002
 6.61315682416938E+0003	 4.13917872056793E-0002
 6.61315583223788E+0003	 4.08996382015477E-0002
 6.61315484030638E+0003	 4.04122874401917E-0002
 6.61315384837487E+0003	 3.99297076703245E-0002
 6.61315285644337E+0003	 3.94518714467606E-0002
 6.61315186451187E+0003	 3.89787511377976E-0002
 6.61315087258036E+0003	 3.85103189325119E-0002
 6.61314988064886E+0003	 3.80465468479709E-0002
 6.61314888871736E+0003	 3.75874067363602E-0002
 6.61314789678585E+0003	 3.71328702920257E-0002
 6.61314690485435E+0003	 3.66829090584342E-0002
 6.61314591292285E+0003	 3.62374944350478E-0002
 6.61314492099134E+0003	 3.57965976841172E-0002
 6.61314392905984E+0003	 3.53601899373915E-0002
 6.61314293712834E+0003	 3.49282422027452E-0002
 6.61314194519683E+0003	 3.45007253707254E-0002
 6.61314095326533E+0003	 3.40776102210151E-0002
 6.61313996133383E+0003	 3.36588674288184E-0002
 6.61313896940232E+0003	 3.32444675711625E-0002
 6.61313797747082E+0003	 3.28343811331231E-0002
 6.61313698553932E+0003	 3.24285785139678E-0002
 6.61313599360781E+0003	 3.20270300332229E-0002
 6.61313500167631E+0003	 3.16297059366605E-0002
 6.61313400974481E+0003	 3.12365764022088E-0002
 6.61313301781330E+0003	 3.08476115457849E-0002
 6.61313202588180E+0003	 3.04627814270515E-0002
 6.61313103395030E+0003	 3.00820560550966E-0002
 6.61313004201879E+0003	 2.97054053940383E-0002
 6.61312905008729E+0003	 2.93327993685544E-0002
 6.61312805815578E+0003	 2.89642078693369E-0002
 6.61312706622428E+0003	 2.85996007584731E-0002
 6.61312607429278E+0003	 2.82389478747519E-0002
 6.61312508236127E+0003	 2.78822190388981E-0002
 6.61312409042977E+0003	 2.75293840587322E-0002
 6.61312309849827E+0003	 2.71804127342593E-0002
 6.61312210656676E+0003	 2.68352748626843E-0002
 6.61312111463526E+0003	 2.64939402433571E-0002
 6.61312012270376E+0003	 2.61563786826442E-0002
 6.61311913077225E+0003	 2.58225599987314E-0002
 6.61311813884075E+0003	 2.54924540263536E-0002
 6.61311714690925E+0003	 2.51660306214555E-0002
 6.61311615497774E+0003	 2.48432596657810E-0002
 6.61311516304624E+0003	 2.45241110713931E-0002
 6.61311417111474E+0003	 2.42085547851237E-0002
 6.61311317918323E+0003	 2.38965607929534E-0002
 6.61311218725173E+0003	 2.35880991243225E-0002
 6.61311119532023E+0003	 2.32831398563712E-0002
 6.61311020338872E+0003	 2.29816531181124E-0002
 6.61310921145722E+0003	 2.26836090945340E-0002
 6.61310821952572E+0003	 2.23889780306321E-0002
 6.61310722759421E+0003	 2.20977302353766E-0002
 6.61310623566271E+0003	 2.18098360856059E-0002
 6.61310524373121E+0003	 2.15252660298547E-0002
 6.61310425179970E+0003	 2.12439905921114E-0002
 6.61310325986820E+0003	 2.09659803755081E-0002
 6.61310226793670E+0003	 2.06912060659406E-0002
 6.61310127600519E+0003	 2.04196384356206E-0002
 6.61310028407369E+0003	 2.01512483465585E-0002
 6.61309929214218E+0003	 1.98860067539786E-0002
 6.61309830021068E+0003	 1.96238847096635E-0002
 6.61309730827918E+0003	 1.93648533652321E-0002
 6.61309631634767E+0003	 1.91088839753472E-0002
 6.61309532441617E+0003	 1.88559479008551E-0002
 6.61309433248467E+0003	 1.86060166118563E-0002
 6.61309334055316E+0003	 1.83590616907075E-0002
 6.61309234862166E+0003	 1.81150548349544E-0002
 6.61309135669016E+0003	 1.78739678601961E-0002
 6.61309036475865E+0003	 1.76357727028813E-0002
 6.61308937282715E+0003	 1.74004414230344E-0002
 6.61308838089565E+0003	 1.71679462069142E-0002
 6.61308738896414E+0003	 1.69382593696033E-0002
 6.61308639703264E+0003	 1.67113533575292E-0002
 6.61308540510114E+0003	 1.64872007509164E-0002
 6.61308441316963E+0003	 1.62657742661705E-0002
 6.61308342123813E+0003	 1.60470467581942E-0002
 6.61308242930663E+0003	 1.58309912226341E-0002
 6.61308143737512E+0003	 1.56175807980603E-0002
 6.61308044544362E+0003	 1.54067887680777E-0002
 6.61307945351212E+0003	 1.51985885633695E-0002
 6.61307846158061E+0003	 1.49929537636732E-0002
 6.61307746964911E+0003	 1.47898580996895E-0002
 6.61307647771761E+0003	 1.45892754549231E-0002
 6.61307548578610E+0003	 1.43911798674582E-0002
 6.61307449385460E+0003	 1.41955455316657E-0002
 6.61307350192310E+0003	 1.40023467998459E-0002
 6.61307250999159E+0003	 1.38115581838034E-0002
 6.61307151806009E+0003	 1.36231543563582E-0002
 6.61307052612858E+0003	 1.34371101527901E-0002
 6.61306953419708E+0003	 1.32534005722196E-0002
 6.61306854226558E+0003	 1.30720007789236E-0002
 6.61306755033407E+0003	 1.28928861035877E-0002
 6.61306655840257E+0003	 1.27160320444946E-0002
 6.61306556647107E+0003	 1.25414142686505E-0002
 6.61306457453956E+0003	 1.23690086128483E-0002
 6.61306358260806E+0003	 1.21987910846697E-0002
 6.61306259067656E+0003	 1.20307378634256E-0002
 6.61306159874505E+0003	 1.18648253010368E-0002
 6.61306060681355E+0003	 1.17010299228537E-0002
 6.61305961488205E+0003	 1.15393284284179E-0002
 6.61305862295054E+0003	 1.13796976921647E-0002
 6.61305763101904E+0003	 1.12221147640680E-0002
 6.61305663908754E+0003	 1.10665568702279E-0002
 6.61305564715603E+0003	 1.09130014134029E-0002
 6.61305465522453E+0003	 1.07614259734853E-0002
 6.61305366329303E+0003	 1.06118083079231E-0002
 6.61305267136152E+0003	 1.04641263520876E-0002
 6.61305167943002E+0003	 1.03183582195885E-0002
 6.61305068749852E+0003	 1.01744822025356E-0002
 6.61304969556701E+0003	 1.00324767717516E-0002
 6.61304870363551E+0003	 9.89232057693201E-0003
 6.61304771170401E+0003	 9.75399244675786E-0003
 6.61304671977250E+0003	 9.61747138895902E-0003
 6.61304572784100E+0003	 9.48273659032992E-0003
 6.61304473590950E+0003	 9.34976741669946E-0003
 6.61304374397799E+0003	 9.21854341285484E-0003
 6.61304275204649E+0003	 9.08904430242131E-0003
 6.61304176011498E+0003	 8.96124998769814E-0003
 6.61304076818348E+0003	 8.83514054945242E-0003
 6.61303977625198E+0003	 8.71069624667113E-0003
 6.61303878432047E+0003	 8.58789751627298E-0003
 6.61303779238897E+0003	 8.46672497278078E-0003
 6.61303680045747E+0003	 8.34715940795566E-0003
 6.61303580852596E+0003	 8.22918179039367E-0003
 6.61303481659446E+0003	 8.11277326508658E-0003
 6.61303382466296E+0003	 7.99791515294701E-0003
 6.61303283273145E+0003	 7.88458895029979E-0003
 6.61303184079995E+0003	 7.77277632834015E-0003
 6.61303084886845E+0003	 7.66245913255971E-0003
 6.61302985693694E+0003	 7.55361938214161E-0003
 6.61302886500544E+0003	 7.44623926932572E-0003
 6.61302787307394E+0003	 7.34030115874473E-0003
 6.61302688114243E+0003	 7.23578758673263E-0003
 6.61302588921093E+0003	 7.13268126060604E-0003
 6.61302489727943E+0003	 7.03096505791983E-0003
 6.61302390534792E+0003	 6.93062202569790E-0003
 6.61302291341642E+0003	 6.83163537964006E-0003
 6.61302192148492E+0003	 6.73398850330600E-0003
 6.61302092955341E+0003	 6.63766494727749E-0003
 6.61301993762191E+0003	 6.54264842829948E-0003
 6.61301894569041E+0003	 6.44892282840133E-0003
 6.61301795375890E+0003	 6.35647219399903E-0003
 6.61301696182740E+0003	 6.26528073497910E-0003
 6.61301596989590E+0003	 6.17533282376547E-0003
 6.61301497796439E+0003	 6.08661299436994E-0003
 6.61301398603289E+0003	 5.99910594142710E-0003
 6.61301299410138E+0003	 5.91279651921483E-0003
 6.61301200216988E+0003	 5.82766974066086E-0003
 6.61301101023838E+0003	 5.74371077633651E-0003
 6.61301001830687E+0003	 5.66090495343816E-0003
 6.61300902637537E+0003	 5.57923775475759E-0003
 6.61300803444387E+0003	 5.49869481764144E-0003
 6.61300704251236E+0003	 5.41926193294106E-0003
 6.61300605058086E+0003	 5.34092504395320E-0003
 6.61300505864936E+0003	 5.26367024535217E-0003
 6.61300406671785E+0003	 5.18748378211451E-0003
 6.61300307478635E+0003	 5.11235204843638E-0003
 6.61300208285485E+0003	 5.03826158664475E-0003
 6.61300109092334E+0003	 4.96519908610265E-0003
 6.61300009899184E+0003	 4.89315138210940E-0003
 6.61299910706034E+0003	 4.82210545479617E-0003
 6.61299811512883E+0003	 4.75204842801759E-0003
 6.61299712319733E+0003	 4.68296756823991E-0003
 6.61299613126583E+0003	 4.61485028342615E-0003
 6.61299513933432E+0003	 4.54768412191892E-0003
 6.61299414740282E+0003	 4.48145677132126E-0003
 6.61299315547132E+0003	 4.41615605737604E-0003
 6.61299216353981E+0003	 4.35176994284431E-0003
 6.61299117160831E+0003	 4.28828652638310E-0003
 6.61299017967681E+0003	 4.22569404142302E-0003
 6.61298918774530E+0003	 4.16398085504615E-0003
 6.61298819581380E+0003	 4.10313546686441E-0003
 6.61298720388230E+0003	 4.04314650789899E-0003
 6.61298621195079E+0003	 3.98400273946100E-0003
 6.61298522001929E+0003	 3.92569305203385E-0003
 6.61298422808778E+0003	 3.86820646415737E-0003
 6.61298323615628E+0003	 3.81153212131437E-0003
 6.61298224422478E+0003	 3.75565929481949E-0003
 6.61298125229327E+0003	 3.70057738071091E-0003
 6.61298026036177E+0003	 3.64627589864505E-0003
 6.61297926843027E+0003	 3.59274449079448E-0003
 6.61297827649876E+0003	 3.53997292074919E-0003
 6.61297728456726E+0003	 3.48795107242165E-0003
 6.61297629263576E+0003	 3.43666894895560E-0003
 6.61297530070425E+0003	 3.38611667163888E-0003
 6.61297430877275E+0003	 3.33628447882041E-0003
 6.61297331684125E+0003	 3.28716272483150E-0003
 6.61297232490974E+0003	 3.23874187891168E-0003
 6.61297133297824E+0003	 3.19101252413903E-0003
 6.61297034104674E+0003	 3.14396535636536E-0003
 6.61296934911523E+0003	 3.09759118315604E-0003
 6.61296835718373E+0003	 3.05188092273500E-0003
 6.61296736525223E+0003	 3.00682560293449E-0003
 6.61296637332072E+0003	 2.96241636015019E-0003
 6.61296538138922E+0003	 2.91864443830135E-0003
 6.61296438945772E+0003	 2.87550118779630E-0003
 6.61296339752621E+0003	 2.83297806450315E-0003
 6.61296240559471E+0003	 2.79106662872604E-0003
 6.61296141366321E+0003	 2.74975854418668E-0003
 6.61296042173170E+0003	 2.70904557701142E-0003
 6.61295942980020E+0003	 2.66891959472386E-0003
 6.61295843786870E+0003	 2.62937256524297E-0003
 6.61295744593719E+0003	 2.59039655588681E-0003
 6.61295645400569E+0003	 2.55198373238188E-0003
 6.61295546207418E+0003	 2.51412635787806E-0003
 6.61295447014268E+0003	 2.47681679196925E-0003
 6.61295347821118E+0003	 2.44004748971966E-0003
 6.61295248627967E+0003	 2.40381100069578E-0003
 6.61295149434817E+0003	 2.36809996800404E-0003
 6.61295050241667E+0003	 2.33290712733422E-0003
 6.61294951048516E+0003	 2.29822530600854E-0003
 6.61294851855366E+0003	 2.26404742203644E-0003
 6.61294752662216E+0003	 2.23036648317518E-0003
 6.61294653469065E+0003	 2.19717558599607E-0003
 6.61294554275915E+0003	 2.16446791495652E-0003
 6.61294455082765E+0003	 2.13223674147778E-0003
 6.61294355889614E+0003	 2.10047542302842E-0003
 6.61294256696464E+0003	 2.06917740221355E-0003
 6.61294157503314E+0003	 2.03833620586981E-0003
 6.61294058310163E+0003	 2.00794544416610E-0003
 6.61293959117013E+0003	 1.97799880971005E-0003
 6.61293859923863E+0003	 1.94849007666017E-0003
 6.61293760730712E+0003	 1.91941309984393E-0003
 6.61293661537562E+0003	 1.89076181388138E-0003
 6.61293562344412E+0003	 1.86253023231467E-0003
 6.61293463151261E+0003	 1.83471244674332E-0003
 6.61293363958111E+0003	 1.80730262596519E-0003
 6.61293264764961E+0003	 1.78029501512327E-0003
 6.61293165571810E+0003	 1.75368393485824E-0003
 6.61293066378660E+0003	 1.72746378046682E-0003
 6.61292967185509E+0003	 1.70162902106592E-0003
 6.61292867992359E+0003	 1.67617419876254E-0003
 6.61292768799209E+0003	 1.65109392782955E-0003
 6.61292669606058E+0003	 1.62638289388724E-0003
 6.61292570412908E+0003	 1.60203585309075E-0003
 6.61292471219758E+0003	 1.57804763132326E-0003
 6.61292372026607E+0003	 1.55441312339510E-0003
 6.61292272833457E+0003	 1.53112729224875E-0003
 6.61292173640307E+0003	 1.50818516816962E-0003
 6.61292074447156E+0003	 1.48558184800282E-0003
 6.61291975254006E+0003	 1.46331249437576E-0003
 6.61291876060856E+0003	 1.44137233492678E-0003
 6.61291776867705E+0003	 1.41975666153955E-0003
 6.61291677674555E+0003	 1.39846082958360E-0003
 6.61291578481405E+0003	 1.37748025716068E-0003
 6.61291479288254E+0003	 1.35681042435719E-0003
 6.61291380095104E+0003	 1.33644687250257E-0003
 6.61291280901954E+0003	 1.31638520343367E-0003
 6.61291181708803E+0003	 1.29662107876524E-0003
 6.61291082515653E+0003	 1.27715021916636E-0003
 6.61290983322503E+0003	 1.25796840364301E-0003
 6.61290884129352E+0003	 1.23907146882667E-0003
 6.61290784936202E+0003	 1.22045530826903E-0003
 6.61290685743052E+0003	 1.20211587174276E-0003
 6.61290586549901E+0003	 1.18404916454848E-0003
 6.61290487356751E+0003	 1.16625124682771E-0003
 6.61290388163601E+0003	 1.14871823288217E-0003
 6.61290288970450E+0003	 1.13144629049900E-0003
 6.61290189777300E+0003	 1.11443164028231E-0003
 6.61290090584149E+0003	 1.09767055499084E-0003
 6.61289991390999E+0003	 1.08115935888175E-0003
 6.61289892197849E+0003	 1.06489442706070E-0003
 6.61289793004698E+0003	 1.04887218483802E-0003
 6.61289693811548E+0003	 1.03308910709111E-0003
 6.61289594618398E+0003	 1.01754171763311E-0003
 6.61289495425247E+0003	 1.00222658858760E-0003
 6.61289396232097E+0003	 9.87140339769714E-0004
 6.61289297038947E+0003	 9.72279638073274E-0004
 6.61289197845796E+0003	 9.57641196864253E-0004
 6.61289098652646E+0003	 9.43221775380356E-0004
 6.61288999459496E+0003	 9.29018178136829E-0004
 6.61288900266345E+0003	 9.15027254338453E-0004
 6.61288801073195E+0003	 9.01245897297703E-0004
 6.61288701880045E+0003	 8.87671043859092E-0004
 6.61288602686894E+0003	 8.74299673829667E-0004
 6.61288503493744E+0003	 8.61128809415649E-0004
 6.61288404300594E+0003	 8.48155514665223E-0004
 6.61288305107443E+0003	 8.35376894917419E-0004
 6.61288205914293E+0003	 8.22790096257124E-0004
 6.61288106721143E+0003	 8.10392304976153E-0004
 6.61288007527992E+0003	 7.98180747040387E-0004
 6.61287908334842E+0003	 7.86152687562972E-0004
 6.61287809141692E+0003	 7.74305430283503E-0004
 6.61287709948541E+0003	 7.62636317053233E-0004
 6.61287610755391E+0003	 7.51142727326222E-0004
 6.61287511562241E+0003	 7.39822077656440E-0004
 6.61287412369090E+0003	 7.28671821200782E-0004
 6.61287313175940E+0003	 7.17689447227944E-0004
 6.61287213982789E+0003	 7.06872480633175E-0004
 6.61287114789639E+0003	 6.96218481458809E-0004
 6.61287015596489E+0003	 6.85725044420608E-0004
 6.61286916403338E+0003	 6.75389798439818E-0004
 6.61286817210188E+0003	 6.65210406180952E-0004
 6.61286718017038E+0003	 6.55184563595230E-0004
 6.61286618823887E+0003	 6.45309999469645E-0004
 6.61286519630737E+0003	 6.35584474981622E-0004
 6.61286420437587E+0003	 6.26005783259210E-0004
 6.61286321244436E+0003	 6.16571748946779E-0004
 6.61286222051286E+0003	 6.07280227776176E-0004
 6.61286122858136E+0003	 5.98129106143288E-0004
 6.61286023664985E+0003	 5.89116300689969E-0004
 6.61285924471835E+0003	 5.80239757891290E-0004
 6.61285825278685E+0003	 5.71497453648051E-0004
 6.61285726085534E+0003	 5.62887392884519E-0004
 6.61285626892384E+0003	 5.54407609151340E-0004
 6.61285527699234E+0003	 5.46056164233567E-0004
 6.61285428506083E+0003	 5.37831147763765E-0004
 6.61285329312933E+0003	 5.29730676840132E-0004
 6.61285230119783E+0003	 5.21752895649584E-0004
 6.61285130926632E+0003	 5.13895975095774E-0004
 6.61285031733482E+0003	 5.06158112431952E-0004
 6.61284932540332E+0003	 4.98537530898652E-0004
 6.61284833347181E+0003	 4.91032479366122E-0004
 6.61284734154031E+0003	 4.83641231981471E-0004
 6.61284634960881E+0003	 4.76362087820461E-0004
 6.61284535767730E+0003	 4.69193370543890E-0004
 6.61284436574580E+0003	 4.62133428058522E-0004
 6.61284337381429E+0003	 4.55180632182502E-0004
 6.61284238188279E+0003	 4.48333378315203E-0004
 6.61284138995129E+0003	 4.41590085111455E-0004
 6.61284039801978E+0003	 4.34949194160096E-0004
 6.61283940608828E+0003	 4.28409169666795E-0004
 6.61283841415678E+0003	 4.21968498141086E-0004
 6.61283742222527E+0003	 4.15625688087574E-0004
 6.61283643029377E+0003	 4.09379269701240E-0004
 6.61283543836227E+0003	 4.03227794566809E-0004
 6.61283444643076E+0003	 3.97169835362112E-0004
 6.61283345449926E+0003	 3.91203985565408E-0004
 6.61283246256776E+0003	 3.85328859166591E-0004
 6.61283147063625E+0003	 3.79543090382248E-0004
 6.61283047870475E+0003	 3.73845333374515E-0004
 6.61282948677325E+0003	 3.68234261973659E-0004
 6.61282849484174E+0003	 3.62708569404366E-0004
 6.61282750291024E+0003	 3.57266968015661E-0004
 6.61282651097874E+0003	 3.51908189014423E-0004
 6.61282551904723E+0003	 3.46630982202429E-0004
 6.61282452711573E+0003	 3.41434115716916E-0004
 6.61282353518423E+0003	 3.36316375774547E-0004
 6.61282254325272E+0003	 3.31276566418821E-0004
 6.61282155132122E+0003	 3.26313509270782E-0004
 6.61282055938972E+0003	 3.21426043283074E-0004
 6.61281956745821E+0003	 3.16613024497221E-0004
 6.61281857552671E+0003	 3.11873325804139E-0004
 6.61281758359521E+0003	 3.07205836707800E-0004
 6.61281659166370E+0003	 3.02609463092029E-0004
 6.61281559973220E+0003	 2.98083126990375E-0004
 6.61281460780069E+0003	 2.93625766359017E-0004
 6.61281361586919E+0003	 2.89236334852680E-0004
 6.61281262393769E+0003	 2.84913801603475E-0004
 6.61281163200618E+0003	 2.80657151002686E-0004
 6.61281064007468E+0003	 2.76465382485407E-0004
 6.61280964814318E+0003	 2.72337510318020E-0004
 6.61280865621167E+0003	 2.68272563388476E-0004
