   position                 intensity
 6.61259579059872E+0003	 2.52083238072939E-0007
 6.61259697912180E+0003	 2.63549176045604E-0007
 6.61259816764489E+0003	 2.75494070690029E-0007
 6.61259935616797E+0003	 2.87935931070338E-0007
 6.61260054469106E+0003	 3.00893356197005E-0007
 6.61260173321414E+0003	 3.14385550851687E-0007
 6.61260292173723E+0003	 3.28432341708802E-0007
 6.61260411026031E+0003	 3.43054193755194E-0007
 6.61260529878339E+0003	 3.58272227009071E-0007
 6.61260648730648E+0003	 3.74108233539294E-0007
 6.61260767582956E+0003	 3.90584694785924E-0007
 6.61260886435265E+0003	 4.07724799182827E-0007
 6.61261005287573E+0003	 4.25552460082945E-0007
 6.61261124139881E+0003	 4.44092333986739E-0007
 6.61261242992190E+0003	 4.63369839074130E-0007
 6.61261361844498E+0003	 4.83411174040099E-0007
 6.61261480696807E+0003	 5.04243337233991E-0007
 6.61261599549115E+0003	 5.25894146102362E-0007
 6.61261718401424E+0003	 5.48392256935085E-0007
 6.61261837253732E+0003	 5.71767184914235E-0007
 6.61261956106040E+0003	 5.96049324465130E-0007
 6.61262074958349E+0003	 6.21269969908749E-0007
 6.61262193810657E+0003	 6.47461336414513E-0007
 6.61262312662966E+0003	 6.74656581252373E-0007
 6.61262431515274E+0003	 7.02889825342828E-0007
 6.61262550367583E+0003	 7.32196175103443E-0007
 6.61262669219891E+0003	 7.62611744590235E-0007
 6.61262788072199E+0003	 7.94173677932052E-0007
 6.61262906924508E+0003	 8.26920172056046E-0007
 6.61263025776816E+0003	 8.60890499702022E-0007
 6.61263144629125E+0003	 8.96125032723369E-0007
 6.61263263481433E+0003	 9.32665265672094E-0007
 6.61263382333742E+0003	 9.70553839665253E-0007
 6.61263501186050E+0003	 1.00983456653004E-0006
 6.61263620038358E+0003	 1.05055245322449E-0006
 6.61263738890667E+0003	 1.09275372653063E-0006
 6.61263857742975E+0003	 1.13648585801686E-0006
 6.61263976595284E+0003	 1.18179758926606E-0006
 6.61264095447592E+0003	 1.22873895736582E-0006
 6.61264214299901E+0003	 1.27736132065699E-0006
 6.61264333152209E+0003	 1.32771738473675E-0006
 6.61264452004517E+0003	 1.37986122871214E-0006
 6.61264570856826E+0003	 1.43384833169976E-0006
 6.61264689709134E+0003	 1.48973559956751E-0006
 6.61264808561443E+0003	 1.54758139191382E-0006
 6.61264927413751E+0003	 1.60744554927989E-0006
 6.61265046266059E+0003	 1.66938942059031E-0006
 6.61265165118368E+0003	 1.73347589081716E-0006
 6.61265283970676E+0003	 1.79976940886289E-0006
 6.61265402822985E+0003	 1.86833601565704E-0006
 6.61265521675293E+0003	 1.93924337246156E-0006
 6.61265640527602E+0003	 2.01256078937987E-0006
 6.61265759379910E+0003	 2.08835925406433E-0006
 6.61265878232218E+0003	 2.16671146061699E-0006
 6.61265997084527E+0003	 2.24769183867829E-0006
 6.61266115936835E+0003	 2.33137658269832E-0006
 6.61266234789144E+0003	 2.41784368138544E-0006
 6.61266353641452E+0003	 2.50717294732691E-0006
 6.61266472493761E+0003	 2.59944604677586E-0006
 6.61266591346069E+0003	 2.69474652959969E-0006
 6.61266710198377E+0003	 2.79315985938416E-0006
 6.61266829050686E+0003	 2.89477344368804E-0006
 6.61266947902994E+0003	 2.99967666444303E-0006
 6.61267066755303E+0003	 3.10796090849360E-0006
 6.61267185607611E+0003	 3.21971959827178E-0006
 6.61267304459920E+0003	 3.33504822260156E-0006
 6.61267423312228E+0003	 3.45404436762813E-0006
 6.61267542164536E+0003	 3.57680774786697E-0006
 6.61267661016845E+0003	 3.70344023736796E-0006
 6.61267779869153E+0003	 3.83404590098999E-0006
 6.61267898721462E+0003	 3.96873102578157E-0006
 6.61268017573770E+0003	 4.10760415246296E-0006
 6.61268136426078E+0003	 4.25077610700588E-0006
 6.61268255278387E+0003	 4.39836003230679E-0006
 6.61268374130695E+0003	 4.55047141994989E-0006
 6.61268492983004E+0003	 4.70722814205658E-0006
 6.61268611835312E+0003	 4.86875048321773E-0006
 6.61268730687621E+0003	 5.03516117250632E-0006
 6.61268849539929E+0003	 5.20658541556716E-0006
 6.61268968392237E+0003	 5.38315092678155E-0006
 6.61269087244546E+0003	 5.56498796150491E-0006
 6.61269206096854E+0003	 5.75222934837519E-0006
 6.61269324949163E+0003	 5.94501052169109E-0006
 6.61269443801471E+0003	 6.14346955385866E-0006
 6.61269562653780E+0003	 6.34774718790581E-0006
 6.61269681506088E+0003	 6.55798687006446E-0006
 6.61269800358396E+0003	 6.77433478242027E-0006
 6.61269919210705E+0003	 6.99693987563101E-0006
 6.61270038063013E+0003	 7.22595390171392E-0006
 6.61270156915322E+0003	 7.46153144690433E-0006
 6.61270275767630E+0003	 7.70382996458715E-0006
 6.61270394619939E+0003	 7.95300980830382E-0006
 6.61270513472247E+0003	 8.20923426483800E-0006
 6.61270632324555E+0003	 8.47266958738344E-0006
 6.61270751176864E+0003	 8.74348502879852E-0006
 6.61270870029172E+0003	 9.02185287495200E-0006
 6.61270988881481E+0003	 9.30794847816560E-0006
 6.61271107733789E+0003	 9.60195029075967E-0006
 6.61271226586098E+0003	 9.90403989870829E-0006
 6.61271345438406E+0003	 1.02144020554117E-0005
 6.61271464290714E+0003	 1.05332247155939E-0005
 6.61271583143023E+0003	 1.08606990693342E-0005
 6.61271701995331E+0003	 1.11970195762431E-0005
 6.61271820847640E+0003	 1.15423839997912E-0005
 6.61271939699948E+0003	 1.18969934418047E-0005
 6.61272058552256E+0003	 1.22610523771374E-0005
 6.61272177404565E+0003	 1.26347686885326E-0005
 6.61272296256873E+0003	 1.30183537016895E-0005
 6.61272415109182E+0003	 1.34120222205471E-0005
 6.61272533961490E+0003	 1.38159925628026E-0005
 6.61272652813799E+0003	 1.42304865956790E-0005
 6.61272771666107E+0003	 1.46557297719610E-0005
 6.61272890518415E+0003	 1.50919511663159E-0005
 6.61273009370724E+0003	 1.55393835119202E-0005
 6.61273128223032E+0003	 1.59982632374103E-0005
 6.61273247075341E+0003	 1.64688305041816E-0005
 6.61273365927649E+0003	 1.69513292440547E-0005
 6.61273484779958E+0003	 1.74460071973355E-0005
 6.61273603632266E+0003	 1.79531159512915E-0005
 6.61273722484574E+0003	 1.84729109790724E-0005
 6.61273841336883E+0003	 1.90056516790989E-0005
 6.61273960189191E+0003	 1.95516014149506E-0005
 6.61274079041500E+0003	 2.01110275557813E-0005
 6.61274197893808E+0003	 2.06842015172920E-0005
 6.61274316746117E+0003	 2.12713988032942E-0005
 6.61274435598425E+0003	 2.18728990478969E-0005
 6.61274554450733E+0003	 2.24889860583502E-0005
 6.61274673303042E+0003	 2.31199478585850E-0005
 6.61274792155350E+0003	 2.37660767334822E-0005
 6.61274911007659E+0003	 2.44276692739133E-0005
 6.61275029859967E+0003	 2.51050264225917E-0005
 6.61275148712275E+0003	 2.57984535207760E-0005
 6.61275267564584E+0003	 2.65082603558712E-0005
 6.61275386416892E+0003	 2.72347612099691E-0005
 6.61275505269201E+0003	 2.79782749093786E-0005
 6.61275624121509E+0003	 2.87391248751921E-0005
 6.61275742973818E+0003	 2.95176391749392E-0005
 6.61275861826126E+0003	 3.03141505753789E-0005
 6.61275980678434E+0003	 3.11289965964855E-0005
 6.61276099530743E+0003	 3.19625195666827E-0005
 6.61276218383051E+0003	 3.28150666793846E-0005
 6.61276337235360E+0003	 3.36869900509032E-0005
 6.61276456087668E+0003	 3.45786467797837E-0005
 6.61276574939977E+0003	 3.54903990076323E-0005
 6.61276693792285E+0003	 3.64226139815025E-0005
 6.61276812644593E+0003	 3.73756641179079E-0005
 6.61276931496902E+0003	 3.83499270685326E-0005
 6.61277050349210E+0003	 3.93457857877135E-0005
 6.61277169201519E+0003	 4.03636286017669E-0005
 6.61277288053827E+0003	 4.14038492802420E-0005
 6.61277406906136E+0003	 4.24668471091788E-0005
 6.61277525758444E+0003	 4.35530269664552E-0005
 6.61277644610752E+0003	 4.46627993993098E-0005
 6.61277763463061E+0003	 4.57965807041297E-0005
 6.61277882315369E+0003	 4.69547930085953E-0005
 6.61278001167678E+0003	 4.81378643562778E-0005
 6.61278120019986E+0003	 4.93462287937874E-0005
 6.61278238872295E+0003	 5.05803264605758E-0005
 6.61278357724603E+0003	 5.18406036814961E-0005
 6.61278476576911E+0003	 5.31275130622313E-0005
 6.61278595429220E+0003	 5.44415135877018E-0005
 6.61278714281528E+0003	 5.57830707235708E-0005
 6.61278833133837E+0003	 5.71526565209659E-0005
 6.61278951986145E+0003	 5.85507497245420E-0005
 6.61279070838453E+0003	 5.99778358840149E-0005
 6.61279189690762E+0003	 6.14344074692979E-0005
 6.61279308543070E+0003	 6.29209639893796E-0005
 6.61279427395379E+0003	 6.44380121150828E-0005
 6.61279546247687E+0003	 6.59860658058576E-0005
 6.61279665099996E+0003	 6.75656464407521E-0005
 6.61279783952304E+0003	 6.91772829537268E-0005
 6.61279902804612E+0003	 7.08215119734706E-0005
 6.61280021656921E+0003	 7.24988779678851E-0005
 6.61280140509229E+0003	 7.42099333934195E-0005
 6.61280259361538E+0003	 7.59552388494256E-0005
 6.61280378213846E+0003	 7.77353632377274E-0005
 6.61280497066155E+0003	 7.95508839275957E-0005
 6.61280615918463E+0003	 8.14023869263246E-0005
 6.61280734770771E+0003	 8.32904670556216E-0005
 6.61280853623080E+0003	 8.52157281340186E-0005
 6.61280972475388E+0003	 8.71787831655312E-0005
 6.61281091327697E+0003	 8.91802545347886E-0005
 6.61281210180005E+0003	 9.12207742088762E-0005
 6.61281329032314E+0003	 9.33009839461313E-0005
 6.61281447884622E+0003	 9.54215355121469E-0005
 6.61281566736930E+0003	 9.75830909032472E-0005
 6.61281685589239E+0003	 9.97863225777000E-0005
 6.61281804441547E+0003	 1.02031913694954E-0004
 6.61281923293856E+0003	 1.04320558363185E-0004
 6.61282042146164E+0003	 1.06652961895454E-0004
 6.61282160998473E+0003	 1.09029841074782E-0004
 6.61282279850781E+0003	 1.11451924428474E-0004
 6.61282398703089E+0003	 1.13919952512009E-0004
 6.61282517555398E+0003	 1.16434678202850E-0004
 6.61282636407706E+0003	 1.18996867004526E-0004
 6.61282755260015E+0003	 1.21607297361349E-0004
 6.61282874112323E+0003	 1.24266760984151E-0004
 6.61282992964631E+0003	 1.26976063187424E-0004
 6.61283111816940E+0003	 1.29736023238282E-0004
 6.61283230669248E+0003	 1.32547474717646E-0004
 6.61283349521557E+0003	 1.35411265894104E-0004
 6.61283468373865E+0003	 1.38328260110864E-0004
 6.61283587226174E+0003	 1.41299336186306E-0004
 6.61283706078482E+0003	 1.44325388828556E-0004
 6.61283824930790E+0003	 1.47407329064612E-0004
 6.61283943783099E+0003	 1.50546084684525E-0004
 6.61284062635407E+0003	 1.53742600701137E-0004
 6.61284181487716E+0003	 1.56997839825945E-0004
 6.61284300340024E+0003	 1.60312782961623E-0004
 6.61284419192333E+0003	 1.63688429711805E-0004
 6.61284538044641E+0003	 1.67125798908695E-0004
 6.61284656896949E+0003	 1.70625929159131E-0004
 6.61284775749258E+0003	 1.74189879409732E-0004
 6.61284894601566E+0003	 1.77818729531781E-0004
 6.61285013453875E+0003	 1.81513580926492E-0004
 6.61285132306183E+0003	 1.85275557151389E-0004
 6.61285251158492E+0003	 1.89105804568463E-0004
 6.61285370010800E+0003	 1.93005493014874E-0004
 6.61285488863108E+0003	 1.96975816496925E-0004
 6.61285607715417E+0003	 2.01017993908093E-0004
 6.61285726567725E+0003	 2.05133269771906E-0004
 6.61285845420034E+0003	 2.09322915010498E-0004
 6.61285964272342E+0003	 2.13588227739651E-0004
 6.61286083124650E+0003	 2.17930534091222E-0004
 6.61286201976959E+0003	 2.22351189063818E-0004
 6.61286320829267E+0003	 2.26851577402638E-0004
 6.61286439681576E+0003	 2.31433114509410E-0004
 6.61286558533884E+0003	 2.36097247383385E-0004
 6.61286677386193E+0003	 2.40845455594371E-0004
 6.61286796238501E+0003	 2.45679252288810E-0004
 6.61286915090809E+0003	 2.50600185229922E-0004
 6.61287033943118E+0003	 2.55609837872993E-0004
 6.61287152795426E+0003	 2.60709830476869E-0004
 6.61287271647735E+0003	 2.65901821252760E-0004
 6.61287390500043E+0003	 2.71187507551518E-0004
 6.61287509352352E+0003	 2.76568627090489E-0004
 6.61287628204660E+0003	 2.82046959221190E-0004
 6.61287747056968E+0003	 2.87624326238951E-0004
 6.61287865909277E+0003	 2.93302594735810E-0004
 6.61287984761585E+0003	 2.99083676997879E-0004
 6.61288103613894E+0003	 3.04969532448497E-0004
 6.61288222466202E+0003	 3.10962169138441E-0004
 6.61288341318511E+0003	 3.17063645284574E-0004
 6.61288460170819E+0003	 3.23276070858222E-0004
 6.61288579023127E+0003	 3.29601609224742E-0004
 6.61288697875436E+0003	 3.36042478835601E-0004
 6.61288816727744E+0003	 3.42600954974464E-0004
 6.61288935580053E+0003	 3.49279371558681E-0004
 6.61289054432361E+0003	 3.56080122997700E-0004
 6.61289173284670E+0003	 3.63005666109841E-0004
 6.61289292136978E+0003	 3.70058522098999E-0004
 6.61289410989286E+0003	 3.77241278592770E-0004
 6.61289529841595E+0003	 3.84556591743560E-0004
 6.61289648693903E+0003	 3.92007188394263E-0004
 6.61289767546212E+0003	 3.99595868310077E-0004
 6.61289886398520E+0003	 4.07325506478061E-0004
 6.61290005250828E+0003	 4.15199055476062E-0004
 6.61290124103137E+0003	 4.23219547912625E-0004
 6.61290242955445E+0003	 4.31390098939556E-0004
 6.61290361807754E+0003	 4.39713908838745E-0004
 6.61290480660062E+0003	 4.48194265684963E-0004
 6.61290599512371E+0003	 4.56834548086270E-0004
 6.61290718364679E+0003	 4.65638228003711E-0004
 6.61290837216987E+0003	 4.74608873651991E-0004
 6.61290956069296E+0003	 4.83750152482803E-0004
 6.61291074921604E+0003	 4.93065834252488E-0004
 6.61291193773913E+0003	 5.02559794175710E-0004
 6.61291312626221E+0003	 5.12236016166820E-0004
 6.61291431478530E+0003	 5.22098596170563E-0004
 6.61291550330838E+0003	 5.32151745583817E-0004
 6.61291669183146E+0003	 5.42399794769977E-0004
 6.61291788035455E+0003	 5.52847196667627E-0004
 6.61291906887763E+0003	 5.63498530495136E-0004
 6.61292025740072E+0003	 5.74358505552727E-0004
 6.61292144592380E+0003	 5.85431965123650E-0004
 6.61292263444689E+0003	 5.96723890475941E-0004
 6.61292382296997E+0003	 6.08239404966334E-0004
 6.61292501149305E+0003	 6.19983778247782E-0004
 6.61292620001614E+0003	 6.31962430582041E-0004
 6.61292738853922E+0003	 6.44180937258718E-0004
 6.61292857706231E+0003	 6.56645033122160E-0004
 6.61292976558539E+0003	 6.69360617207485E-0004
 6.61293095410847E+0003	 6.82333757487030E-0004
 6.61293214263156E+0003	 6.95570695728413E-0004
 6.61293333115464E+0003	 7.09077852465374E-0004
 6.61293451967773E+0003	 7.22861832082471E-0004
 6.61293570820081E+0003	 7.36929428014653E-0004
 6.61293689672390E+0003	 7.51287628062650E-0004
 6.61293808524698E+0003	 7.65943619825063E-0004
 6.61293927377006E+0003	 7.80904796247922E-0004
 6.61294046229315E+0003	 7.96178761292423E-0004
 6.61294165081623E+0003	 8.11773335721462E-0004
 6.61294283933932E+0003	 8.27696563005453E-0004
 6.61294402786240E+0003	 8.43956715347881E-0004
 6.61294521638549E+0003	 8.60562299830853E-0004
 6.61294640490857E+0003	 8.77522064680885E-0004
 6.61294759343165E+0003	 8.94845005654969E-0004
 6.61294878195474E+0003	 9.12540372546880E-0004
 6.61294997047782E+0003	 9.30617675813606E-0004
 6.61295115900091E+0003	 9.49086693321500E-0004
 6.61295234752399E+0003	 9.67957477211819E-0004
 6.61295353604708E+0003	 9.87240360884986E-0004
 6.61295472457016E+0003	 1.00694596610290E-0003
 6.61295591309324E+0003	 1.02708521020837E-0003
 6.61295710161633E+0003	 1.04766931346063E-0003
 6.61295829013941E+0003	 1.06870980648580E-0003
 6.61295947866250E+0003	 1.09021853784075E-0003
 6.61296066718558E+0003	 1.11220768168901E-0003
 6.61296185570867E+0003	 1.13468974558685E-0003
 6.61296304423175E+0003	 1.15767757837760E-0003
 6.61296423275483E+0003	 1.18118437819228E-0003
 6.61296542127792E+0003	 1.20522370055394E-0003
 6.61296660980100E+0003	 1.22980946658344E-0003
 6.61296779832409E+0003	 1.25495597130381E-0003
 6.61296898684717E+0003	 1.28067789204038E-0003
 6.61297017537025E+0003	 1.30699029691333E-0003
 6.61297136389334E+0003	 1.33390865341956E-0003
 6.61297255241642E+0003	 1.36144883710002E-0003
 6.61297374093951E+0003	 1.38962714028883E-0003
 6.61297492946259E+0003	 1.41846028094010E-0003
 6.61297611798568E+0003	 1.44796541152810E-0003
 6.61297730650876E+0003	 1.47816012801634E-0003
 6.61297849503184E+0003	 1.50906247889055E-0003
 6.61297968355493E+0003	 1.54069097425087E-0003
 6.61298087207801E+0003	 1.57306459495756E-0003
 6.61298206060110E+0003	 1.60620280182499E-0003
 6.61298324912418E+0003	 1.64012554485794E-0003
 6.61298443764727E+0003	 1.67485327252420E-0003
 6.61298562617035E+0003	 1.71040694105709E-0003
 6.61298681469343E+0003	 1.74680802378137E-0003
 6.61298800321652E+0003	 1.78407852045557E-0003
 6.61298919173960E+0003	 1.82224096662377E-0003
 6.61299038026269E+0003	 1.86131844296921E-0003
 6.61299156878577E+0003	 1.90133458466226E-0003
 6.61299275730886E+0003	 1.94231359069470E-0003
 6.61299394583194E+0003	 1.98428023319210E-0003
 6.61299513435502E+0003	 2.02725986669589E-0003
 6.61299632287811E+0003	 2.07127843740629E-0003
 6.61299751140119E+0003	 2.11636249237718E-0003
 6.61299869992428E+0003	 2.16253918865352E-0003
 6.61299988844736E+0003	 2.20983630234194E-0003
 6.61300107697044E+0003	 2.25828223760449E-0003
 6.61300226549353E+0003	 2.30790603556575E-0003
 6.61300345401661E+0003	 2.35873738312286E-0003
 6.61300464253970E+0003	 2.41080662164787E-0003
 6.61300583106278E+0003	 2.46414475557177E-0003
 6.61300701958587E+0003	 2.51878346083910E-0003
 6.61300820810895E+0003	 2.57475509322184E-0003
 6.61300939663203E+0003	 2.63209269648123E-0003
 6.61301058515512E+0003	 2.69083001036566E-0003
 6.61301177367820E+0003	 2.75100147843293E-0003
 6.61301296220129E+0003	 2.81264225568455E-0003
 6.61301415072437E+0003	 2.87578821600000E-0003
 6.61301533924746E+0003	 2.94047595935825E-0003
 6.61301652777054E+0003	 3.00674281883419E-0003
 6.61301771629362E+0003	 3.07462686735673E-0003
 6.61301890481671E+0003	 3.14416692421604E-0003
 6.61302009333979E+0003	 3.21540256130653E-0003
 6.61302128186288E+0003	 3.28837410909243E-0003
 6.61302247038596E+0003	 3.36312266228263E-0003
 6.61302365890905E+0003	 3.43969008520127E-0003
 6.61302484743213E+0003	 3.51811901684062E-0003
 6.61302603595521E+0003	 3.59845287558247E-0003
 6.61302722447830E+0003	 3.68073586357452E-0003
 6.61302841300138E+0003	 3.76501297074798E-0003
 6.61302960152447E+0003	 3.85132997846250E-0003
 6.61303079004755E+0003	 3.93973346276487E-0003
 6.61303197857064E+0003	 4.03027079724754E-0003
 6.61303316709372E+0003	 4.12299015549326E-0003
 6.61303435561680E+0003	 4.21794051309220E-0003
 6.61303554413989E+0003	 4.31517164921779E-0003
 6.61303673266297E+0003	 4.41473414774764E-0003
 6.61303792118606E+0003	 4.51667939791634E-0003
 6.61303910970914E+0003	 4.62105959448631E-0003
 6.61304029823222E+0003	 4.72792773742387E-0003
 6.61304148675531E+0003	 4.83733763106715E-0003
 6.61304267527839E+0003	 4.94934388277295E-0003
 6.61304386380148E+0003	 5.06400190103002E-0003
 6.61304505232456E+0003	 5.18136789302592E-0003
 6.61304624084765E+0003	 5.30149886165533E-0003
 6.61304742937073E+0003	 5.42445260195781E-0003
 6.61304861789381E+0003	 5.55028769697304E-0003
 6.61304980641690E+0003	 5.67906351300242E-0003
 6.61305099493998E+0003	 5.81084019426539E-0003
 6.61305218346307E+0003	 5.94567865693999E-0003
 6.61305337198615E+0003	 6.08364058257723E-0003
 6.61305456050924E+0003	 6.22478841087888E-0003
 6.61305574903232E+0003	 6.36918533182939E-0003
 6.61305693755540E+0003	 6.51689527717224E-0003
 6.61305812607849E+0003	 6.66798291122234E-0003
 6.61305931460157E+0003	 6.82251362100589E-0003
 6.61306050312466E+0003	 6.98055350571987E-0003
 6.61306169164774E+0003	 7.14216936550380E-0003
 6.61306288017083E+0003	 7.30742868951701E-0003
 6.61306406869391E+0003	 7.47639964331508E-0003
 6.61306525721699E+0003	 7.64915105551974E-0003
 6.61306644574008E+0003	 7.82575240377703E-0003
 6.61306763426316E+0003	 8.00627379999937E-0003
 6.61306882278625E+0003	 8.19078597488732E-0003
 6.61307001130933E+0003	 8.37936026172828E-0003
 6.61307119983242E+0003	 8.57206857946872E-0003
 6.61307238835550E+0003	 8.76898341505890E-0003
 6.61307357687858E+0003	 8.97017780506806E-0003
 6.61307476540167E+0003	 9.17572531656994E-0003
 6.61307595392475E+0003	 9.38570002729873E-0003
 6.61307714244784E+0003	 9.60017650507610E-0003
 6.61307833097092E+0003	 9.81922978651146E-0003
 6.61307951949400E+0003	 1.00429353549770E-0002
 6.61308070801709E+0003	 1.02713691178617E-0002
 6.61308189654017E+0003	 1.05046073831072E-0002
 6.61308308506326E+0003	 1.07427268350308E-0002
 6.61308427358634E+0003	 1.09858045094415E-0002
 6.61308546210943E+0003	 1.12339177680539E-0002
 6.61308665063251E+0003	 1.14871442722089E-0002
 6.61308783915559E+0003	 1.17455619559073E-0002
 6.61308902767868E+0003	 1.20092489981674E-0002
 6.61309021620176E+0003	 1.22782837947125E-0002
 6.61309140472485E+0003	 1.25527449290027E-0002
 6.61309259324793E+0003	 1.28327111426191E-0002
 6.61309378177102E+0003	 1.31182613050139E-0002
 6.61309497029410E+0003	 1.34094743826386E-0002
 6.61309615881718E+0003	 1.37064294074641E-0002
 6.61309734734027E+0003	 1.40092054449069E-0002
 6.61309853586335E+0003	 1.43178815611770E-0002
 6.61309972438644E+0003	 1.46325367900628E-0002
 6.61310091290952E+0003	 1.49532500991703E-0002
 6.61310210143261E+0003	 1.52801003556339E-0002
 6.61310328995569E+0003	 1.56131662913170E-0002
 6.61310447847877E+0003	 1.59525264675218E-0002
 6.61310566700186E+0003	 1.62982592392271E-0002
 6.61310685552494E+0003	 1.66504427188764E-0002
 6.61310804404803E+0003	 1.70091547397351E-0002
 6.61310923257111E+0003	 1.73744728188403E-0002
 6.61311042109419E+0003	 1.77464741195657E-0002
 6.61311160961728E+0003	 1.81252354138234E-0002
 6.61311279814036E+0003	 1.85108330439285E-0002
 6.61311398666345E+0003	 1.89033428841482E-0002
 6.61311517518653E+0003	 1.93028403019631E-0002
 6.61311636370962E+0003	 1.97094001190640E-0002
 6.61311755223270E+0003	 2.01230965721119E-0002
 6.61311874075578E+0003	 2.05440032732860E-0002
 6.61311992927887E+0003	 2.09721931706485E-0002
 6.61312111780195E+0003	 2.14077385083524E-0002
 6.61312230632504E+0003	 2.18507107867201E-0002
 6.61312349484812E+0003	 2.23011807222222E-0002
 6.61312468337121E+0003	 2.27592182073831E-0002
 6.61312587189429E+0003	 2.32248922706450E-0002
 6.61312706041737E+0003	 2.36982710362160E-0002
 6.61312824894046E+0003	 2.41794216839349E-0002
 6.61312943746354E+0003	 2.46684104091805E-0002
 6.61313062598663E+0003	 2.51653023828555E-0002
 6.61313181450971E+0003	 2.56701617114751E-0002
 6.61313300303280E+0003	 2.61830513973907E-0002
 6.61313419155588E+0003	 2.67040332991771E-0002
 6.61313538007896E+0003	 2.72331680922162E-0002
 6.61313656860205E+0003	 2.77705152295044E-0002
 6.61313775712513E+0003	 2.83161329027154E-0002
 6.61313894564822E+0003	 2.88700780035478E-0002
 6.61314013417130E+0003	 2.94324060853878E-0002
 6.61314132269439E+0003	 3.00031713253162E-0002
 6.61314251121747E+0003	 3.05824264864890E-0002
 6.61314369974055E+0003	 3.11702228809217E-0002
 6.61314488826364E+0003	 3.17666103327053E-0002
 6.61314607678672E+0003	 3.23716371416832E-0002
 6.61314726530981E+0003	 3.29853500476170E-0002
 6.61314845383289E+0003	 3.36077941948700E-0002
 6.61314964235597E+0003	 3.42390130976329E-0002
 6.61315083087906E+0003	 3.48790486057244E-0002
 6.61315201940214E+0003	 3.55279408709860E-0002
 6.61315320792523E+0003	 3.61857283143031E-0002
 6.61315439644831E+0003	 3.68524475932748E-0002
 6.61315558497140E+0003	 3.75281335705566E-0002
 6.61315677349448E+0003	 3.82128192829030E-0002
 6.61315796201756E+0003	 3.89065359109312E-0002
 6.61315915054065E+0003	 3.96093127496278E-0002
 6.61316033906373E+0003	 4.03211771796248E-0002
 6.61316152758682E+0003	 4.10421546392609E-0002
 6.61316271610990E+0003	 4.17722685974528E-0002
 6.61316390463299E+0003	 4.25115405273939E-0002
 6.61316509315607E+0003	 4.32599898810995E-0002
 6.61316628167915E+0003	 4.40176340648185E-0002
 6.61316747020224E+0003	 4.47844884153254E-0002
 6.61316865872532E+0003	 4.55605661771118E-0002
 6.61316984724841E+0003	 4.63458784804913E-0002
 6.61317103577149E+0003	 4.71404343206317E-0002
 6.61317222429458E+0003	 4.79442405375298E-0002
 6.61317341281766E+0003	 4.87573017969390E-0002
 6.61317460134074E+0003	 4.95796205722630E-0002
 6.61317578986383E+0003	 5.04111971274237E-0002
 6.61317697838691E+0003	 5.12520295007166E-0002
 6.61317816691000E+0003	 5.21021134896575E-0002
 6.61317935543308E+0003	 5.29614426368311E-0002
 6.61318054395616E+0003	 5.38300082167472E-0002
 6.61318173247925E+0003	 5.47077992237090E-0002
 6.61318292100233E+0003	 5.55948023606981E-0002
 6.61318410952542E+0003	 5.64910020292803E-0002
 6.61318529804850E+0003	 5.73963803205327E-0002
 6.61318648657159E+0003	 5.83109170069959E-0002
 6.61318767509467E+0003	 5.92345895356477E-0002
 6.61318886361775E+0003	 6.01673730219016E-0002
 6.61319005214084E+0003	 6.11092402446247E-0002
 6.61319124066392E+0003	 6.20601616421747E-0002
 6.61319242918701E+0003	 6.30201053094495E-0002
 6.61319361771009E+0003	 6.39890369959475E-0002
 6.61319480623318E+0003	 6.49669201048310E-0002
 6.61319599475626E+0003	 6.59537156929844E-0002
 6.61319718327934E+0003	 6.69493824720640E-0002
 6.61319837180243E+0003	 6.79538768105261E-0002
 6.61319956032551E+0003	 6.89671527366259E-0002
 6.61320074884860E+0003	 6.99891619423777E-0002
 6.61320193737168E+0003	 7.10198537884628E-0002
 6.61320312589477E+0003	 7.20591753100757E-0002
 6.61320431441785E+0003	 7.31070712236931E-0002
 6.61320550294093E+0003	 7.41634839347541E-0002
 6.61320669146402E+0003	 7.52283535462364E-0002
 6.61320787998710E+0003	 7.63016178681133E-0002
 6.61320906851019E+0003	 7.73832124276759E-0002
 6.61321025703327E+0003	 7.84730704807038E-0002
 6.61321144555636E+0003	 7.95711230234679E-0002
 6.61321263407944E+0003	 8.06772988055472E-0002
 6.61321382260252E+0003	 8.17915243434414E-0002
 6.61321501112561E+0003	 8.29137239349607E-0002
 6.61321619964869E+0003	 8.40438196743725E-0002
 6.61321738817178E+0003	 8.51817314682887E-0002
 6.61321857669486E+0003	 8.63273770522696E-0002
 6.61321976521794E+0003	 8.74806720081250E-0002
 6.61322095374103E+0003	 8.86415297818945E-0002
 6.61322214226411E+0003	 8.98098617024818E-0002
 6.61322333078720E+0003	 9.09855770009246E-0002
 6.61322451931028E+0003	 9.21685828302772E-0002
 6.61322570783337E+0003	 9.33587842860853E-0002
 6.61322689635645E+0003	 9.45560844274280E-0002
 6.61322808487953E+0003	 9.57603842985098E-0002
 6.61322927340262E+0003	 9.69715829507758E-0002
 6.61323046192570E+0003	 9.81895774655320E-0002
 6.61323165044879E+0003	 9.94142629770430E-0002
 6.61323283897187E+0003	 1.00645532696093E-0001
 6.61323402749496E+0003	 1.01883277933982E-0001
 6.61323521601804E+0003	 1.03127388126931E-0001
 6.61323640454112E+0003	 1.04377750860893E-0001
 6.61323759306421E+0003	 1.05634251896720E-0001
 6.61323878158729E+0003	 1.06896775195693E-0001
 6.61323997011038E+0003	 1.08165202945371E-0001
 6.61324115863346E+0003	 1.09439415585753E-0001
 6.61324234715655E+0003	 1.10719291835725E-0001
 6.61324353567963E+0003	 1.12004708719777E-0001
 6.61324472420271E+0003	 1.13295541594958E-0001
 6.61324591272580E+0003	 1.14591664178067E-0001
 6.61324710124888E+0003	 1.15892948573050E-0001
 6.61324828977197E+0003	 1.17199265298580E-0001
 6.61324947829505E+0003	 1.18510483315817E-0001
 6.61325066681813E+0003	 1.19826470056313E-0001
 6.61325185534122E+0003	 1.21147091450057E-0001
 6.61325304386430E+0003	 1.22472211953635E-0001
 6.61325423238739E+0003	 1.23801694578501E-0001
 6.61325542091047E+0003	 1.25135400919323E-0001
 6.61325660943356E+0003	 1.26473191182407E-0001
 6.61325779795664E+0003	 1.27814924214183E-0001
 6.61325898647972E+0003	 1.29160457529722E-0001
 6.61326017500281E+0003	 1.30509647341295E-0001
 6.61326136352589E+0003	 1.31862348586942E-0001
 6.61326255204898E+0003	 1.33218414959050E-0001
 6.61326374057206E+0003	 1.34577698932920E-0001
 6.61326492909515E+0003	 1.35940051795325E-0001
 6.61326611761823E+0003	 1.37305323673031E-0001
 6.61326730614131E+0003	 1.38673363561295E-0001
 6.61326849466440E+0003	 1.40044019352300E-0001
 6.61326968318748E+0003	 1.41417137863554E-0001
 6.61327087171057E+0003	 1.42792564866222E-0001
 6.61327206023365E+0003	 1.44170145113380E-0001
 6.61327324875674E+0003	 1.45549722368221E-0001
 6.61327443727982E+0003	 1.46931139432152E-0001
 6.61327562580290E+0003	 1.48314238172832E-0001
 6.61327681432599E+0003	 1.49698859552107E-0001
 6.61327800284907E+0003	 1.51084843653861E-0001
 6.61327919137216E+0003	 1.52472029711774E-0001
 6.61328037989524E+0003	 1.53860256136978E-0001
 6.61328156841833E+0003	 1.55249360545618E-0001
 6.61328275694141E+0003	 1.56639179786318E-0001
 6.61328394546449E+0003	 1.58029549967545E-0001
 6.61328513398758E+0003	 1.59420306484868E-0001
 6.61328632251066E+0003	 1.60811284048131E-0001
 6.61328751103375E+0003	 1.62202316708522E-0001
 6.61328869955683E+0003	 1.63593237885541E-0001
 6.61328988807991E+0003	 1.64983880393889E-0001
 6.61329107660300E+0003	 1.66374076470258E-0001
 6.61329226512608E+0003	 1.67763657800033E-0001
 6.61329345364917E+0003	 1.69152455543917E-0001
 6.61329464217225E+0003	 1.70540300364472E-0001
 6.61329583069534E+0003	 1.71927022452592E-0001
 6.61329701921842E+0003	 1.73312451553896E-0001
 6.61329820774150E+0003	 1.74696416995070E-0001
 6.61329939626459E+0003	 1.76078747710143E-0001
 6.61330058478767E+0003	 1.77459272266708E-0001
 6.61330177331076E+0003	 1.78837818892112E-0001
 6.61330296183384E+0003	 1.80214215499584E-0001
 6.61330415035693E+0003	 1.81588289714353E-0001
 6.61330533888001E+0003	 1.82959868899728E-0001
 6.61330652740309E+0003	 1.84328780183160E-0001
 6.61330771592618E+0003	 1.85694850482303E-0001
 6.61330890444926E+0003	 1.87057906531063E-0001
 6.61331009297235E+0003	 1.88417774905655E-0001
 6.61331128149543E+0003	 1.89774282050679E-0001
 6.61331247001852E+0003	 1.91127254305206E-0001
 6.61331365854160E+0003	 1.92476517928905E-0001
 6.61331484706468E+0003	 1.93821899128201E-0001
 6.61331603558777E+0003	 1.95163224082485E-0001
 6.61331722411085E+0003	 1.96500318970366E-0001
 6.61331841263394E+0003	 1.97833009996005E-0001
 6.61331960115702E+0003	 1.99161123415501E-0001
 6.61332078968011E+0003	 2.00484485563369E-0001
 6.61332197820319E+0003	 2.01802922879102E-0001
 6.61332316672627E+0003	 2.03116261933823E-0001
 6.61332435524936E+0003	 2.04424329457052E-0001
 6.61332554377244E+0003	 2.05726952363571E-0001
 6.61332673229553E+0003	 2.07023957780421E-0001
 6.61332792081861E+0003	 2.08315173074020E-0001
 6.61332910934169E+0003	 2.09600425877411E-0001
 6.61333029786478E+0003	 2.10879544117662E-0001
 6.61333148638786E+0003	 2.12152356043407E-0001
 6.61333267491095E+0003	 2.13418690252545E-0001
 6.61333386343403E+0003	 2.14678375720104E-0001
 6.61333505195712E+0003	 2.15931241826272E-0001
 6.61333624048020E+0003	 2.17177118384599E-0001
 6.61333742900328E+0003	 2.18415835670393E-0001
 6.61333861752637E+0003	 2.19647224449288E-0001
 6.61333980604945E+0003	 2.20871116006014E-0001
 6.61334099457254E+0003	 2.22087342173365E-0001
 6.61334218309562E+0003	 2.23295735361363E-0001
 6.61334337161871E+0003	 2.24496128586641E-0001
 6.61334456014179E+0003	 2.25688355502024E-0001
 6.61334574866487E+0003	 2.26872250426339E-0001
 6.61334693718796E+0003	 2.28047648374436E-0001
 6.61334812571104E+0003	 2.29214385087440E-0001
 6.61334931423413E+0003	 2.30372297063223E-0001
 6.61335050275721E+0003	 2.31521221587110E-0001
 6.61335169128030E+0003	 2.32660996762815E-0001
 6.61335287980338E+0003	 2.33791461543617E-0001
 6.61335406832646E+0003	 2.34912455763763E-0001
 6.61335525684955E+0003	 2.36023820170123E-0001
 6.61335644537263E+0003	 2.37125396454073E-0001
 6.61335763389572E+0003	 2.38217027283623E-0001
 6.61335882241880E+0003	 2.39298556335795E-0001
 6.61336001094188E+0003	 2.40369828329232E-0001
 6.61336119946497E+0003	 2.41430689057058E-0001
 6.61336238798805E+0003	 2.42480985419977E-0001
 6.61336357651114E+0003	 2.43520565459622E-0001
 6.61336476503422E+0003	 2.44549278392137E-0001
 6.61336595355731E+0003	 2.45566974642008E-0001
 6.61336714208039E+0003	 2.46573505876136E-0001
 6.61336833060347E+0003	 2.47568725038141E-0001
 6.61336951912656E+0003	 2.48552486382915E-0001
 6.61337070764964E+0003	 2.49524645511409E-0001
 6.61337189617273E+0003	 2.50485059405645E-0001
 6.61337308469581E+0003	 2.51433586463983E-0001
 6.61337427321890E+0003	 2.52370086536591E-0001
 6.61337546174198E+0003	 2.53294420961165E-0001
 6.61337665026506E+0003	 2.54206452598865E-0001
 6.61337783878815E+0003	 2.55106045870475E-0001
 6.61337902731123E+0003	 2.55993066792784E-0001
 6.61338021583432E+0003	 2.56867383015180E-0001
 6.61338140435740E+0003	 2.57728863856468E-0001
 6.61338259288049E+0003	 2.58577380341877E-0001
 6.61338378140357E+0003	 2.59412805240295E-0001
 6.61338496992665E+0003	 2.60235013101695E-0001
 6.61338615844974E+0003	 2.61043880294765E-0001
 6.61338734697282E+0003	 2.61839285044726E-0001
 6.61338853549591E+0003	 2.62621107471344E-0001
 6.61338972401899E+0003	 2.63389229627135E-0001
 6.61339091254208E+0003	 2.64143535535738E-0001
 6.61339210106516E+0003	 2.64883911230486E-0001
 6.61339328958824E+0003	 2.65610244793125E-0001
 6.61339447811133E+0003	 2.66322426392728E-0001
 6.61339566663441E+0003	 2.67020348324753E-0001
 6.61339685515750E+0003	 2.67703905050275E-0001
 6.61339804368058E+0003	 2.68372993235366E-0001
 6.61339923220366E+0003	 2.69027511790623E-0001
 6.61340042072675E+0003	 2.69667361910849E-0001
 6.61340160924983E+0003	 2.70292447114869E-0001
 6.61340279777292E+0003	 2.70902673285487E-0001
 6.61340398629600E+0003	 2.71497948709564E-0001
 6.61340517481909E+0003	 2.72078184118229E-0001
 6.61340636334217E+0003	 2.72643292727213E-0001
 6.61340755186525E+0003	 2.73193190277288E-0001
 6.61340874038834E+0003	 2.73727795074826E-0001
 6.61340992891142E+0003	 2.74247028032451E-0001
 6.61341111743451E+0003	 2.74750812709810E-0001
 6.61341230595759E+0003	 2.75239075354407E-0001
 6.61341349448068E+0003	 2.75711744942556E-0001
 6.61341468300376E+0003	 2.76168753220395E-0001
 6.61341587152684E+0003	 2.76610034744983E-0001
 6.61341706004993E+0003	 2.77035526925467E-0001
 6.61341824857301E+0003	 2.77445170064318E-0001
 6.61341943709610E+0003	 2.77838907398611E-0001
 6.61342062561918E+0003	 2.78216685141372E-0001
 6.61342181414227E+0003	 2.78578452522956E-0001
 6.61342300266535E+0003	 2.78924161832479E-0001
 6.61342419118843E+0003	 2.79253768459259E-0001
 6.61342537971152E+0003	 2.79567230934303E-0001
 6.61342656823460E+0003	 2.79864510971796E-0001
 6.61342775675769E+0003	 2.80145573510601E-0001
 6.61342894528077E+0003	 2.80410386755763E-0001
 6.61343013380385E+0003	 2.80658922220007E-0001
 6.61343132232694E+0003	 2.80891154765212E-0001
 6.61343251085002E+0003	 2.81107062643864E-0001
 6.61343369937311E+0003	 2.81306627540480E-0001
 6.61343488789619E+0003	 2.81489834612979E-0001
 6.61343607641928E+0003	 2.81656672534004E-0001
 6.61343726494236E+0003	 2.81807133532178E-0001
 6.61343845346544E+0003	 2.81941213433288E-0001
 6.61343964198853E+0003	 2.82058911701377E-0001
 6.61344083051161E+0003	 2.82160231479742E-0001
 6.61344201903470E+0003	 2.82245179631817E-0001
 6.61344320755778E+0003	 2.82313766781939E-0001
 6.61344439608087E+0003	 2.82366007355966E-0001
 6.61344558460395E+0003	 2.82401919621751E-0001
 6.61344677312703E+0003	 2.82421525729456E-0001
 6.61344796165012E+0003	 2.82424851751663E-0001
 6.61344915017320E+0003	 2.82411927723308E-0001
 6.61345033869629E+0003	 2.82382787681394E-0001
 6.61345152721937E+0003	 2.82337469704465E-0001
 6.61345271574246E+0003	 2.82276015951839E-0001
 6.61345390426554E+0003	 2.82198472702562E-0001
 6.61345509278862E+0003	 2.82104890394080E-0001
 6.61345628131171E+0003	 2.81995323660598E-0001
 6.61345746983479E+0003	 2.81869831371095E-0001
 6.61345865835788E+0003	 2.81728476667005E-0001
 6.61345984688096E+0003	 2.81571326999499E-0001
 6.61346103540405E+0003	 2.81398454166374E-0001
 6.61346222392713E+0003	 2.81209934348507E-0001
 6.61346341245021E+0003	 2.81005848145859E-0001
 6.61346460097330E+0003	 2.80786280612988E-0001
 6.61346578949638E+0003	 2.80551321294055E-0001
 6.61346697801947E+0003	 2.80301064257277E-0001
 6.61346816654255E+0003	 2.80035608128824E-0001
 6.61346935506563E+0003	 2.79755056126090E-0001
 6.61347054358872E+0003	 2.79459516090342E-0001
 6.61347173211180E+0003	 2.79149100518678E-0001
 6.61347292063489E+0003	 2.78823926595289E-0001
 6.61347410915797E+0003	 2.78484116221967E-0001
 6.61347529768106E+0003	 2.78129796047829E-0001
 6.61347648620414E+0003	 2.77761097498216E-0001
 6.61347767472722E+0003	 2.77378156802728E-0001
 6.61347886325031E+0003	 2.76981115022349E-0001
 6.61348005177339E+0003	 2.76570118075626E-0001
 6.61348124029648E+0003	 2.76145316763841E-0001
 6.61348242881956E+0003	 2.75706866795156E-0001
 6.61348361734265E+0003	 2.75254928807662E-0001
 6.61348480586573E+0003	 2.74789668391289E-0001
 6.61348599438881E+0003	 2.74311256108534E-0001
 6.61348718291190E+0003	 2.73819867513948E-0001
 6.61348837143498E+0003	 2.73315683172334E-0001
 6.61348955995807E+0003	 2.72798888675600E-0001
 6.61349074848115E+0003	 2.72269674658218E-0001
 6.61349193700424E+0003	 2.71728236811220E-0001
 6.61349312552732E+0003	 2.71174775894694E-0001
 6.61349431405040E+0003	 2.70609497748699E-0001
 6.61349550257349E+0003	 2.70032613302556E-0001
 6.61349669109657E+0003	 2.69444338582448E-0001
 6.61349787961966E+0003	 2.68844894717269E-0001
 6.61349906814274E+0003	 2.68234507942654E-0001
 6.61350025666582E+0003	 2.67613409603142E-0001
 6.61350144518891E+0003	 2.66981836152375E-0001
 6.61350263371199E+0003	 2.66340029151315E-0001
 6.61350382223508E+0003	 2.65688235264359E-0001
 6.61350501075816E+0003	 2.65026706253333E-0001
 6.61350619928125E+0003	 2.64355698969262E-0001
 6.61350738780433E+0003	 2.63675475341864E-0001
 6.61350857632741E+0003	 2.62986302366699E-0001
 6.61350976485050E+0003	 2.62288452089894E-0001
 6.61351095337358E+0003	 2.61582201590378E-0001
 6.61351214189667E+0003	 2.60867832959567E-0001
 6.61351333041975E+0003	 2.60145633278404E-0001
 6.61351451894284E+0003	 2.59415894591703E-0001
 6.61351570746592E+0003	 2.58678913879724E-0001
 6.61351689598900E+0003	 2.57934993026894E-0001
 6.61351808451209E+0003	 2.57184438787612E-0001
 6.61351927303517E+0003	 2.56427562749071E-0001
 6.61352046155826E+0003	 2.55664681291015E-0001
 6.61352165008134E+0003	 2.54896115542369E-0001
 6.61352283860443E+0003	 2.54122191334665E-0001
 6.61352402712751E+0003	 2.53343239152201E-0001
 6.61352521565059E+0003	 2.52559594078852E-0001
 6.61352640417368E+0003	 2.51771595741491E-0001
 6.61352759269676E+0003	 2.50979588249916E-0001
 6.61352878121985E+0003	 2.50183920133245E-0001
 6.61352996974293E+0003	 2.49384944272703E-0001
 6.61353115826602E+0003	 2.48583017830743E-0001
 6.61353234678910E+0003	 2.47778502176426E-0001
 6.61353353531218E+0003	 2.46971762807018E-0001
 6.61353472383527E+0003	 2.46163169265732E-0001
 6.61353591235835E+0003	 2.45353095055556E-0001
 6.61353710088144E+0003	 2.44541917549128E-0001
 6.61353828940452E+0003	 2.43730017894590E-0001
 6.61353947792760E+0003	 2.42917780917369E-0001
 6.61354066645069E+0003	 2.42105595017858E-0001
 6.61354185497377E+0003	 2.41293852064927E-0001
 6.61354304349686E+0003	 2.40482947285236E-0001
 6.61354423201994E+0003	 2.39673279148303E-0001
 6.61354542054303E+0003	 2.38865249247302E-0001
 6.61354660906611E+0003	 2.38059262175542E-0001
 6.61354779758919E+0003	 2.37255725398610E-0001
 6.61354898611228E+0003	 2.36455049122146E-0001
 6.61355017463536E+0003	 2.35657646155232E-0001
 6.61355136315845E+0003	 2.34863931769366E-0001
 6.61355255168153E+0003	 2.34074323553023E-0001
 6.61355374020462E+0003	 2.33289241261777E-0001
 6.61355492872770E+0003	 2.32509106663987E-0001
 6.61355611725078E+0003	 2.31734343382044E-0001
 6.61355730577387E+0003	 2.30965376729179E-0001
 6.61355849429695E+0003	 2.30202633541844E-0001
 6.61355968282004E+0003	 2.29446542007673E-0001
 6.61356087134312E+0003	 2.28697531489055E-0001
 6.61356205986621E+0003	 2.27956032342316E-0001
 6.61356324838929E+0003	 2.27222475732567E-0001
 6.61356443691237E+0003	 2.26497293444231E-0001
 6.61356562543546E+0003	 2.25780917687305E-0001
 6.61356681395854E+0003	 2.25073780899380E-0001
 6.61356800248163E+0003	 2.24376315543493E-0001
 6.61356919100471E+0003	 2.23688953901855E-0001
 6.61357037952780E+0003	 2.23012127865520E-0001
 6.61357156805088E+0003	 2.22346268720057E-0001
 6.61357275657396E+0003	 2.21691806927323E-0001
 6.61357394509705E+0003	 2.21049171903380E-0001
 6.61357513362013E+0003	 2.20418791792685E-0001
 6.61357632214322E+0003	 2.19801093238615E-0001
 6.61357751066630E+0003	 2.19196501150441E-0001
 6.61357869918938E+0003	 2.18605438466863E-0001
 6.61357988771247E+0003	 2.18028325916200E-0001
 6.61358107623555E+0003	 2.17465581773379E-0001
 6.61358226475864E+0003	 2.16917621613832E-0001
 6.61358345328172E+0003	 2.16384858064438E-0001
 6.61358464180481E+0003	 2.15867700551652E-0001
 6.61358583032789E+0003	 2.15366555046973E-0001
 6.61358701885097E+0003	 2.14881823809885E-0001
 6.61358820737406E+0003	 2.14413905128453E-0001
 6.61358939589714E+0003	 2.13963193057723E-0001
 6.61359058442023E+0003	 2.13530077156109E-0001
 6.61359177294331E+0003	 2.13114942219937E-0001
 6.61359296146640E+0003	 2.12718168016337E-0001
 6.61359414998948E+0003	 2.12340129014676E-0001
 6.61359533851256E+0003	 2.11981194116719E-0001
 6.61359652703565E+0003	 2.11641726385735E-0001
 6.61359771555873E+0003	 2.11322082774750E-0001
 6.61359890408182E+0003	 2.11022613854157E-0001
 6.61360009260490E+0003	 2.10743663538922E-0001
 6.61360128112799E+0003	 2.10485568815586E-0001
 6.61360246965107E+0003	 2.10248659469324E-0001
 6.61360365817415E+0003	 2.10033257811272E-0001
 6.61360484669724E+0003	 2.09839678406380E-0001
 6.61360603522032E+0003	 2.09668227802039E-0001
 6.61360722374341E+0003	 2.09519204257713E-0001
 6.61360841226649E+0003	 2.09392897475860E-0001
 6.61360960078957E+0003	 2.09289588334382E-0001
 6.61361078931266E+0003	 2.09209548620873E-0001
 6.61361197783574E+0003	 2.09153040768935E-0001
 6.61361316635883E+0003	 2.09120317596831E-0001
 6.61361435488191E+0003	 2.09111622048744E-0001
 6.61361554340500E+0003	 2.09127186938932E-0001
 6.61361673192808E+0003	 2.09167234699038E-0001
 6.61361792045116E+0003	 2.09231977128857E-0001
 6.61361910897425E+0003	 2.09321615150823E-0001
 6.61362029749733E+0003	 2.09436338568524E-0001
 6.61362148602042E+0003	 2.09576325829503E-0001
 6.61362267454350E+0003	 2.09741743792660E-0001
 6.61362386306659E+0003	 2.09932747500514E-0001
 6.61362505158967E+0003	 2.10149479956641E-0001
 6.61362624011275E+0003	 2.10392071908549E-0001
 6.61362742863584E+0003	 2.10660641636295E-0001
 6.61362861715892E+0003	 2.10955294747121E-0001
 6.61362980568201E+0003	 2.11276123976388E-0001
 6.61363099420509E+0003	 2.11623208995104E-0001
 6.61363218272818E+0003	 2.11996616224317E-0001
 6.61363337125126E+0003	 2.12396398656650E-0001
 6.61363455977434E+0003	 2.12822595685250E-0001
 6.61363574829743E+0003	 2.13275232940436E-0001
 6.61363693682051E+0003	 2.13754322134299E-0001
 6.61363812534360E+0003	 2.14259860913511E-0001
 6.61363931386668E+0003	 2.14791832720633E-0001
 6.61364050238977E+0003	 2.15350206664133E-0001
 6.61364169091285E+0003	 2.15934937397394E-0001
 6.61364287943593E+0003	 2.16545965006944E-0001
 6.61364406795902E+0003	 2.17183214910127E-0001
 6.61364525648210E+0003	 2.17846597762483E-0001
 6.61364644500519E+0003	 2.18536009375011E-0001
 6.61364763352827E+0003	 2.19251330641567E-0001
 6.61364882205135E+0003	 2.19992427476587E-0001
 6.61365001057444E+0003	 2.20759150763330E-0001
 6.61365119909752E+0003	 2.21551336312840E-0001
 6.61365238762061E+0003	 2.22368804833804E-0001
 6.61365357614369E+0003	 2.23211361913470E-0001
 6.61365476466678E+0003	 2.24078798009796E-0001
 6.61365595318986E+0003	 2.24970888454973E-0001
 6.61365714171294E+0003	 2.25887393470469E-0001
 6.61365833023603E+0003	 2.26828058193721E-0001
 6.61365951875911E+0003	 2.27792612716581E-0001
 6.61366070728220E+0003	 2.28780772135653E-0001
 6.61366189580528E+0003	 2.29792236614582E-0001
 6.61366308432837E+0003	 2.30826691458399E-0001
 6.61366427285145E+0003	 2.31883807199987E-0001
 6.61366546137453E+0003	 2.32963239698728E-0001
 6.61366664989762E+0003	 2.34064630251368E-0001
 6.61366783842070E+0003	 2.35187605715150E-0001
 6.61366902694379E+0003	 2.36331778643208E-0001
 6.61367021546687E+0003	 2.37496747432260E-0001
 6.61367140398996E+0003	 2.38682096482557E-0001
 6.61367259251304E+0003	 2.39887396370100E-0001
 6.61367378103612E+0003	 2.41112204031059E-0001
 6.61367496955921E+0003	 2.42356062958372E-0001
 6.61367615808229E+0003	 2.43618503410437E-0001
 6.61367734660538E+0003	 2.44899042631828E-0001
 6.61367853512846E+0003	 2.46197185085959E-0001
 6.61367972365154E+0003	 2.47512422699553E-0001
 6.61368091217463E+0003	 2.48844235118832E-0001
 6.61368210069771E+0003	 2.50192089977274E-0001
 6.61368328922080E+0003	 2.51555443174791E-0001
 6.61368447774388E+0003	 2.52933739168156E-0001
 6.61368566626697E+0003	 2.54326411272534E-0001
 6.61368685479005E+0003	 2.55732881973869E-0001
 6.61368804331313E+0003	 2.57152563251986E-0001
 6.61368923183622E+0003	 2.58584856914135E-0001
 6.61369042035930E+0003	 2.60029154938772E-0001
 6.61369160888239E+0003	 2.61484839829326E-0001
 6.61369279740547E+0003	 2.62951284977693E-0001
 6.61369398592856E+0003	 2.64427855037170E-0001
 6.61369517445164E+0003	 2.65913906304569E-0001
 6.61369636297472E+0003	 2.67408787111186E-0001
 6.61369755149781E+0003	 2.68911838222343E-0001
 6.61369874002089E+0003	 2.70422393245141E-0001
 6.61369992854398E+0003	 2.71939779044140E-0001
 6.61370111706706E+0003	 2.73463316164581E-0001
 6.61370230559015E+0003	 2.74992319262804E-0001
 6.61370349411323E+0003	 2.76526097543513E-0001
 6.61370468263631E+0003	 2.78063955203479E-0001
 6.61370587115940E+0003	 2.79605191881332E-0001
 6.61370705968248E+0003	 2.81149103113015E-0001
 6.61370824820557E+0003	 2.82694980792505E-0001
 6.61370943672865E+0003	 2.84242113637400E-0001
 6.61371062525174E+0003	 2.85789787658943E-0001
 6.61371181377482E+0003	 2.87337286636035E-0001
 6.61371300229790E+0003	 2.88883892592846E-0001
 6.61371419082099E+0003	 2.90428886279546E-0001
 6.61371537934407E+0003	 2.91971547655714E-0001
 6.61371656786716E+0003	 2.93511156375992E-0001
 6.61371775639024E+0003	 2.95046992277510E-0001
 6.61371894491332E+0003	 2.96578335868623E-0001
 6.61372013343641E+0003	 2.98104468818508E-0001
 6.61372132195949E+0003	 2.99624674447129E-0001
 6.61372251048258E+0003	 3.01138238215130E-0001
 6.61372369900566E+0003	 3.02644448213168E-0001
 6.61372488752875E+0003	 3.04142595650207E-0001
 6.61372607605183E+0003	 3.05631975340321E-0001
 6.61372726457491E+0003	 3.07111886187517E-0001
 6.61372845309800E+0003	 3.08581631668105E-0001
 6.61372964162108E+0003	 3.10040520310160E-0001
 6.61373083014417E+0003	 3.11487866169592E-0001
 6.61373201866725E+0003	 3.12922989302360E-0001
 6.61373320719034E+0003	 3.14345216232378E-0001
 6.61373439571342E+0003	 3.15753880414645E-0001
 6.61373558423650E+0003	 3.17148322693135E-0001
 6.61373677275959E+0003	 3.18527891753026E-0001
 6.61373796128267E+0003	 3.19891944566794E-0001
 6.61373914980576E+0003	 3.21239846833748E-0001
 6.61374033832884E+0003	 3.22570973412582E-0001
 6.61374152685193E+0003	 3.23884708746499E-0001
 6.61374271537501E+0003	 3.25180447280520E-0001
 6.61374390389809E+0003	 3.26457593870540E-0001
 6.61374509242118E+0003	 3.27715564183765E-0001
 6.61374628094426E+0003	 3.28953785090107E-0001
 6.61374746946735E+0003	 3.30171695044199E-0001
 6.61374865799043E+0003	 3.31368744457612E-0001
 6.61374984651351E+0003	 3.32544396060973E-0001
 6.61375103503660E+0003	 3.33698125255587E-0001
 6.61375222355968E+0003	 3.34829420454273E-0001
 6.61375341208277E+0003	 3.35937783411053E-0001
 6.61375460060585E+0003	 3.37022729539425E-0001
 6.61375578912894E+0003	 3.38083788218889E-0001
 6.61375697765202E+0003	 3.39120503089481E-0001
 6.61375816617510E+0003	 3.40132432334000E-0001
 6.61375935469819E+0003	 3.41119148947732E-0001
 6.61376054322127E+0003	 3.42080240995381E-0001
 6.61376173174436E+0003	 3.43015311855017E-0001
 6.61376292026744E+0003	 3.43923980448812E-0001
 6.61376410879053E+0003	 3.44805881460387E-0001
 6.61376529731361E+0003	 3.45660665538576E-0001
 6.61376648583669E+0003	 3.46487999487455E-0001
 6.61376767435978E+0003	 3.47287566442489E-0001
 6.61376886288286E+0003	 3.48059066032664E-0001
 6.61377005140595E+0003	 3.48802214528494E-0001
 6.61377123992903E+0003	 3.49516744975798E-0001
 6.61377242845212E+0003	 3.50202407315176E-0001
 6.61377361697520E+0003	 3.50858968487110E-0001
 6.61377480549828E+0003	 3.51486212522651E-0001
 6.61377599402137E+0003	 3.52083940619649E-0001
 6.61377718254445E+0003	 3.52651971204527E-0001
 6.61377837106754E+0003	 3.53190139979573E-0001
 6.61377955959062E+0003	 3.53698299955805E-0001
 6.61378074811371E+0003	 3.54176321471410E-0001
 6.61378193663679E+0003	 3.54624092195818E-0001
 6.61378312515987E+0003	 3.55041517119485E-0001
 6.61378431368296E+0003	 3.55428518529453E-0001
 6.61378550220604E+0003	 3.55785035970800E-0001
 6.61378669072913E+0003	 3.56111026194069E-0001
 6.61378787925221E+0003	 3.56406463088830E-0001
 6.61378906777529E+0003	 3.56671337603505E-0001
 6.61379025629838E+0003	 3.56905657651608E-0001
 6.61379144482146E+0003	 3.57109448004585E-0001
 6.61379263334455E+0003	 3.57282750171423E-0001
 6.61379382186763E+0003	 3.57425622265263E-0001
 6.61379501039072E+0003	 3.57538138857167E-0001
 6.61379619891380E+0003	 3.57620390817335E-0001
 6.61379738743688E+0003	 3.57672485143967E-0001
 6.61379857595997E+0003	 3.57694544780027E-0001
 6.61379976448305E+0003	 3.57686708418189E-0001
 6.61380095300614E+0003	 3.57649130294215E-0001
 6.61380214152922E+0003	 3.57581979969080E-0001
 6.61380333005231E+0003	 3.57485442100098E-0001
 6.61380451857539E+0003	 3.57359716201404E-0001
 6.61380570709847E+0003	 3.57205016394066E-0001
 6.61380689562156E+0003	 3.57021571146169E-0001
 6.61380808414464E+0003	 3.56809623003214E-0001
 6.61380927266773E+0003	 3.56569428309149E-0001
 6.61381046119081E+0003	 3.56301256918393E-0001
 6.61381164971390E+0003	 3.56005391899220E-0001
 6.61381283823698E+0003	 3.55682129228842E-0001
 6.61381402676006E+0003	 3.55331777480580E-0001
 6.61381521528315E+0003	 3.54954657503478E-0001
 6.61381640380623E+0003	 3.54551102094753E-0001
 6.61381759232932E+0003	 3.54121455665464E-0001
 6.61381878085240E+0003	 3.53666073899769E-0001
 6.61381996937549E+0003	 3.53185323408185E-0001
 6.61382115789857E+0003	 3.52679581375227E-0001
 6.61382234642165E+0003	 3.52149235201824E-0001
 6.61382353494474E+0003	 3.51594682142906E-0001
 6.61382472346782E+0003	 3.51016328940582E-0001
 6.61382591199091E+0003	 3.50414591453273E-0001
 6.61382710051399E+0003	 3.49789894281219E-0001
 6.61382828903707E+0003	 3.49142670388763E-0001
 6.61382947756016E+0003	 3.48473360723797E-0001
 6.61383066608324E+0003	 3.47782413834769E-0001
 6.61383185460633E+0003	 3.47070285485654E-0001
 6.61383304312941E+0003	 3.46337438269270E-0001
 6.61383423165250E+0003	 3.45584341219333E-0001
 6.61383542017558E+0003	 3.44811469421635E-0001
 6.61383660869866E+0003	 3.44019303624737E-0001
 6.61383779722175E+0003	 3.43208329850536E-0001
 6.61383898574483E+0003	 3.42379039005092E-0001
 6.61384017426792E+0003	 3.41531926490086E-0001
 6.61384136279100E+0003	 3.40667491815262E-0001
 6.61384255131409E+0003	 3.39786238212220E-0001
 6.61384373983717E+0003	 3.38888672249892E-0001
 6.61384492836025E+0003	 3.37975303452076E-0001
 6.61384611688334E+0003	 3.37046643917339E-0001
 6.61384730540642E+0003	 3.36103207941619E-0001
 6.61384849392951E+0003	 3.35145511643880E-0001
 6.61384968245259E+0003	 3.34174072595086E-0001
 6.61385087097568E+0003	 3.33189409450842E-0001
 6.61385205949876E+0003	 3.32192041587977E-0001
 6.61385324802184E+0003	 3.31182488745373E-0001
 6.61385443654493E+0003	 3.30161270669297E-0001
 6.61385562506801E+0003	 3.29128906763540E-0001
 6.61385681359110E+0003	 3.28085915744596E-0001
 6.61385800211418E+0003	 3.27032815302149E-0001
 6.61385919063726E+0003	 3.25970121765102E-0001
 6.61386037916035E+0003	 3.24898349773390E-0001
 6.61386156768343E+0003	 3.23818011955797E-0001
 6.61386275620652E+0003	 3.22729618613973E-0001
 6.61386394472960E+0003	 3.21633677412887E-0001
 6.61386513325269E+0003	 3.20530693077873E-0001
 6.61386632177577E+0003	 3.19421167098478E-0001
 6.61386751029885E+0003	 3.18305597439264E-0001
 6.61386869882194E+0003	 3.17184478257732E-0001
 6.61386988734502E+0003	 3.16058299629530E-0001
 6.61387107586811E+0003	 3.14927547281062E-0001
 6.61387226439119E+0003	 3.13792702329643E-0001
 6.61387345291428E+0003	 3.12654241031319E-0001
 6.61387464143736E+0003	 3.11512634536451E-0001
 6.61387582996044E+0003	 3.10368348653170E-0001
 6.61387701848353E+0003	 3.09221843618794E-0001
 6.61387820700661E+0003	 3.08073573879262E-0001
 6.61387939552970E+0003	 3.06923987876684E-0001
 6.61388058405278E+0003	 3.05773527845046E-0001
 6.61388177257587E+0003	 3.04622629614114E-0001
 6.61388296109895E+0003	 3.03471722421592E-0001
 6.61388414962203E+0003	 3.02321228733545E-0001
 6.61388533814512E+0003	 3.01171564073108E-0001
 6.61388652666820E+0003	 3.00023136857515E-0001
 6.61388771519129E+0003	 2.98876348243398E-0001
 6.61388890371437E+0003	 2.97731591980405E-0001
 6.61389009223746E+0003	 2.96589254273075E-0001
 6.61389128076054E+0003	 2.95449713650969E-0001
 6.61389246928362E+0003	 2.94313340847007E-0001
 6.61389365780671E+0003	 2.93180498683979E-0001
 6.61389484632979E+0003	 2.92051541969186E-0001
 6.61389603485288E+0003	 2.90926817397123E-0001
 6.61389722337596E+0003	 2.89806663460173E-0001
 6.61389841189904E+0003	 2.88691410367217E-0001
 6.61389960042213E+0003	 2.87581379970096E-0001
 6.61390078894521E+0003	 2.86476885697818E-0001
 6.61390197746830E+0003	 2.85378232498435E-0001
 6.61390316599138E+0003	 2.84285716788485E-0001
 6.61390435451447E+0003	 2.83199626409889E-0001
 6.61390554303755E+0003	 2.82120240594199E-0001
 6.61390673156063E+0003	 2.81047829934079E-0001
 6.61390792008372E+0003	 2.79982656361888E-0001
 6.61390910860680E+0003	 2.78924973135257E-0001
 6.61391029712989E+0003	 2.77875024829510E-0001
 6.61391148565297E+0003	 2.76833047336807E-0001
 6.61391267417606E+0003	 2.75799267871859E-0001
 6.61391386269914E+0003	 2.74773904984086E-0001
 6.61391505122222E+0003	 2.73757168576052E-0001
 6.61391623974531E+0003	 2.72749259928041E-0001
 6.61391742826839E+0003	 2.71750371728617E-0001
 6.61391861679148E+0003	 2.70760688111016E-0001
 6.61391980531456E+0003	 2.69780384695189E-0001
 6.61392099383765E+0003	 2.68809628635380E-0001
 6.61392218236073E+0003	 2.67848578673024E-0001
 6.61392337088381E+0003	 2.66897385194837E-0001
 6.61392455940690E+0003	 2.65956190295928E-0001
 6.61392574792998E+0003	 2.65025127847740E-0001
 6.61392693645307E+0003	 2.64104323570679E-0001
 6.61392812497615E+0003	 2.63193895111257E-0001
 6.61392931349923E+0003	 2.62293952123564E-0001
 6.61393050202232E+0003	 2.61404596354913E-0001
 6.61393169054540E+0003	 2.60525921735489E-0001
 6.61393287906849E+0003	 2.59658014471819E-0001
 6.61393406759157E+0003	 2.58800953143896E-0001
 6.61393525611466E+0003	 2.57954808805806E-0001
 6.61393644463774E+0003	 2.57119645089666E-0001
 6.61393763316082E+0003	 2.56295518312703E-0001
 6.61393882168391E+0003	 2.55482477587336E-0001
 6.61394001020699E+0003	 2.54680564934066E-0001
 6.61394119873008E+0003	 2.53889815397016E-0001
 6.61394238725316E+0003	 2.53110257161966E-0001
 6.61394357577625E+0003	 2.52341911676722E-0001
 6.61394476429933E+0003	 2.51584793773637E-0001
 6.61394595282241E+0003	 2.50838911794166E-0001
 6.61394714134550E+0003	 2.50104267715255E-0001
 6.61394832986858E+0003	 2.49380857277447E-0001
 6.61394951839167E+0003	 2.48668670114535E-0001
 6.61395070691475E+0003	 2.47967689884614E-0001
 6.61395189543784E+0003	 2.47277894402388E-0001
 6.61395308396092E+0003	 2.46599255772604E-0001
 6.61395427248400E+0003	 2.45931740524437E-0001
 6.61395546100709E+0003	 2.45275309746725E-0001
 6.61395664953017E+0003	 2.44629919223897E-0001
 6.61395783805326E+0003	 2.43995519572468E-0001
 6.61395902657634E+0003	 2.43372056377974E-0001
 6.61396021509943E+0003	 2.42759470332217E-0001
 6.61396140362251E+0003	 2.42157697370704E-0001
 6.61396259214559E+0003	 2.41566668810146E-0001
 6.61396378066868E+0003	 2.40986311485926E-0001
 6.61396496919176E+0003	 2.40416547889395E-0001
 6.61396615771485E+0003	 2.39857296304899E-0001
 6.61396734623793E+0003	 2.39308470946450E-0001
 6.61396853476101E+0003	 2.38769982093886E-0001
 6.61396972328410E+0003	 2.38241736228489E-0001
 6.61397091180718E+0003	 2.37723636167902E-0001
 6.61397210033027E+0003	 2.37215581200297E-0001
 6.61397328885335E+0003	 2.36717467217677E-0001
 6.61397447737644E+0003	 2.36229186848245E-0001
 6.61397566589952E+0003	 2.35750629587743E-0001
 6.61397685442260E+0003	 2.35281681929688E-0001
 6.61397804294569E+0003	 2.34822227494441E-0001
 6.61397923146877E+0003	 2.34372147157004E-0001
 6.61398041999186E+0003	 2.33931319173520E-0001
 6.61398160851494E+0003	 2.33499619306370E-0001
 6.61398279703803E+0003	 2.33076920947834E-0001
 6.61398398556111E+0003	 2.32663095242235E-0001
 6.61398517408419E+0003	 2.32258011206527E-0001
 6.61398636260728E+0003	 2.31861535849264E-0001
 6.61398755113036E+0003	 2.31473534287907E-0001
 6.61398873965345E+0003	 2.31093869864412E-0001
 6.61398992817653E+0003	 2.30722404259067E-0001
 6.61399111669962E+0003	 2.30358997602533E-0001
 6.61399230522270E+0003	 2.30003508586049E-0001
 6.61399349374578E+0003	 2.29655794569767E-0001
 6.61399468226887E+0003	 2.29315711689190E-0001
 6.61399587079195E+0003	 2.28983114959677E-0001
 6.61399705931504E+0003	 2.28657858378990E-0001
 6.61399824783812E+0003	 2.28339795027868E-0001
 6.61399943636120E+0003	 2.28028777168586E-0001
 6.61400062488429E+0003	 2.27724656341509E-0001
 6.61400181340737E+0003	 2.27427283459599E-0001
 6.61400300193046E+0003	 2.27136508900870E-0001
 6.61400419045354E+0003	 2.26852182598793E-0001
 6.61400537897663E+0003	 2.26574154130614E-0001
 6.61400656749971E+0003	 2.26302272803604E-0001
 6.61400775602279E+0003	 2.26036387739219E-0001
 6.61400894454588E+0003	 2.25776347955182E-0001
 6.61401013306896E+0003	 2.25522002445465E-0001
 6.61401132159205E+0003	 2.25273200258196E-0001
 6.61401251011513E+0003	 2.25029790571477E-0001
 6.61401369863822E+0003	 2.24791622767123E-0001
 6.61401488716130E+0003	 2.24558546502330E-0001
 6.61401607568438E+0003	 2.24330411779277E-0001
 6.61401726420747E+0003	 2.24107069012678E-0001
 6.61401845273055E+0003	 2.23888369095282E-0001
 6.61401964125364E+0003	 2.23674163461351E-0001
 6.61402082977672E+0003	 2.23464304148115E-0001
 6.61402201829981E+0003	 2.23258643855232E-0001
 6.61402320682289E+0003	 2.23057036002255E-0001
 6.61402439534597E+0003	 2.22859334784140E-0001
 6.61402558386906E+0003	 2.22665395224804E-0001
 6.61402677239214E+0003	 2.22475073228757E-0001
 6.61402796091523E+0003	 2.22288225630821E-0001
 6.61402914943831E+0003	 2.22104710243980E-0001
 6.61403033796140E+0003	 2.21924385905354E-0001
 6.61403152648448E+0003	 2.21747112520343E-0001
 6.61403271500756E+0003	 2.21572751104966E-0001
 6.61403390353065E+0003	 2.21401163826398E-0001
 6.61403509205373E+0003	 2.21232214041766E-0001
 6.61403628057682E+0003	 2.21065766335199E-0001
 6.61403746909990E+0003	 2.20901686553175E-0001
 6.61403865762298E+0003	 2.20739841838197E-0001
 6.61403984614607E+0003	 2.20580100660816E-0001
 6.61404103466915E+0003	 2.20422332850034E-0001
 6.61404222319224E+0003	 2.20266409622121E-0001
 6.61404341171532E+0003	 2.20112203607870E-0001
 6.61404460023841E+0003	 2.19959588878324E-0001
 6.61404578876149E+0003	 2.19808440969000E-0001
 6.61404697728457E+0003	 2.19658636902654E-0001
 6.61404816580766E+0003	 2.19510055210596E-0001
 6.61404935433074E+0003	 2.19362575952613E-0001
 6.61405054285383E+0003	 2.19216080735506E-0001
 6.61405173137691E+0003	 2.19070452730293E-0001
 6.61405291990000E+0003	 2.18925576688088E-0001
 6.61405410842308E+0003	 2.18781338954719E-0001
 6.61405529694616E+0003	 2.18637627484075E-0001
 6.61405648546925E+0003	 2.18494331850256E-0001
 6.61405767399233E+0003	 2.18351343258519E-0001
 6.61405886251542E+0003	 2.18208554555089E-0001
 6.61406005103850E+0003	 2.18065860235828E-0001
 6.61406123956159E+0003	 2.17923156453827E-0001
 6.61406242808467E+0003	 2.17780341025923E-0001
 6.61406361660775E+0003	 2.17637313438201E-0001
 6.61406480513084E+0003	 2.17493974850482E-0001
 6.61406599365392E+0003	 2.17350228099849E-0001
 6.61406718217701E+0003	 2.17205977703234E-0001
 6.61406837070009E+0003	 2.17061129859088E-0001
 6.61406955922318E+0003	 2.16915592448180E-0001
 6.61407074774626E+0003	 2.16769275033534E-0001
 6.61407193626934E+0003	 2.16622088859558E-0001
 6.61407312479243E+0003	 2.16473946850362E-0001
 6.61407431331551E+0003	 2.16324763607321E-0001
 6.61407550183860E+0003	 2.16174455405902E-0001
 6.61407669036168E+0003	 2.16022940191767E-0001
 6.61407787888476E+0003	 2.15870137576207E-0001
 6.61407906740785E+0003	 2.15715968830910E-0001
 6.61408025593093E+0003	 2.15560356882099E-0001
 6.61408144445402E+0003	 2.15403226304066E-0001
 6.61408263297710E+0003	 2.15244503312124E-0001
 6.61408382150019E+0003	 2.15084115755006E-0001
 6.61408501002327E+0003	 2.14921993106730E-0001
 6.61408619854635E+0003	 2.14758066457959E-0001
 6.61408738706944E+0003	 2.14592268506871E-0001
 6.61408857559252E+0003	 2.14424533549582E-0001
 6.61408976411561E+0003	 2.14254797470112E-0001
 6.61409095263869E+0003	 2.14082997729950E-0001
 6.61409214116178E+0003	 2.13909073357215E-0001
 6.61409332968486E+0003	 2.13732964935444E-0001
 6.61409451820794E+0003	 2.13554614592034E-0001
 6.61409570673103E+0003	 2.13373965986335E-0001
 6.61409689525411E+0003	 2.13190964297448E-0001
 6.61409808377720E+0003	 2.13005556211710E-0001
 6.61409927230028E+0003	 2.12817689909915E-0001
 6.61410046082337E+0003	 2.12627315054271E-0001
 6.61410164934645E+0003	 2.12434382775116E-0001
 6.61410283786953E+0003	 2.12238845657411E-0001
 6.61410402639262E+0003	 2.12040657727025E-0001
 6.61410521491570E+0003	 2.11839774436829E-0001
 6.61410640343879E+0003	 2.11636152652614E-0001
 6.61410759196187E+0003	 2.11429750638847E-0001
 6.61410878048495E+0003	 2.11220528044281E-0001
 6.61410996900804E+0003	 2.11008445887434E-0001
 6.61411115753112E+0003	 2.10793466541951E-0001
 6.61411234605421E+0003	 2.10575553721853E-0001
 6.61411353457729E+0003	 2.10354672466703E-0001
 6.61411472310038E+0003	 2.10130789126682E-0001
 6.61411591162346E+0003	 2.09903871347607E-0001
 6.61411710014654E+0003	 2.09673888055880E-0001
 6.61411828866963E+0003	 2.09440809443401E-0001
 6.61411947719271E+0003	 2.09204606952431E-0001
 6.61412066571580E+0003	 2.08965253260451E-0001
 6.61412185423888E+0003	 2.08722722264976E-0001
 6.61412304276197E+0003	 2.08476989068387E-0001
 6.61412423128505E+0003	 2.08228029962749E-0001
 6.61412541980813E+0003	 2.07975822414644E-0001
 6.61412660833122E+0003	 2.07720345050021E-0001
 6.61412779685430E+0003	 2.07461577639070E-0001
 6.61412898537739E+0003	 2.07199501081128E-0001
 6.61413017390047E+0003	 2.06934097389632E-0001
 6.61413136242356E+0003	 2.06665349677098E-0001
 6.61413255094664E+0003	 2.06393242140175E-0001
 6.61413373946972E+0003	 2.06117760044740E-0001
 6.61413492799281E+0003	 2.05838889711062E-0001
 6.61413611651589E+0003	 2.05556618499032E-0001
 6.61413730503898E+0003	 2.05270934793466E-0001
 6.61413849356206E+0003	 2.04981827989486E-0001
 6.61413968208515E+0003	 2.04689288477979E-0001
 6.61414087060823E+0003	 2.04393307631140E-0001
 6.61414205913131E+0003	 2.04093877788109E-0001
 6.61414324765440E+0003	 2.03790992240694E-0001
 6.61414443617748E+0003	 2.03484645219190E-0001
 6.61414562470057E+0003	 2.03174831878296E-0001
 6.61414681322365E+0003	 2.02861548283127E-0001
 6.61414800174673E+0003	 2.02544791395336E-0001
 6.61414919026982E+0003	 2.02224559059332E-0001
 6.61415037879290E+0003	 2.01900849988604E-0001
 6.61415156731599E+0003	 2.01573663752162E-0001
 6.61415275583907E+0003	 2.01243000761068E-0001
 6.61415394436216E+0003	 2.00908862255092E-0001
 6.61415513288524E+0003	 2.00571250289474E-0001
 6.61415632140832E+0003	 2.00230167721792E-0001
 6.61415750993141E+0003	 1.99885618198946E-0001
 6.61415869845449E+0003	 1.99537606144256E-0001
 6.61415988697758E+0003	 1.99186136744664E-0001
 6.61416107550066E+0003	 1.98831215938055E-0001
 6.61416226402375E+0003	 1.98472850400693E-0001
 6.61416345254683E+0003	 1.98111047534754E-0001
 6.61416464106991E+0003	 1.97745815455993E-0001
 6.61416582959300E+0003	 1.97377162981497E-0001
 6.61416701811608E+0003	 1.97005099617574E-0001
 6.61416820663917E+0003	 1.96629635547727E-0001
 6.61416939516225E+0003	 1.96250781620761E-0001
 6.61417058368534E+0003	 1.95868549338978E-0001
 6.61417177220842E+0003	 1.95482950846491E-0001
 6.61417296073150E+0003	 1.95093998917646E-0001
 6.61417414925459E+0003	 1.94701706945536E-0001
 6.61417533777767E+0003	 1.94306088930636E-0001
 6.61417652630076E+0003	 1.93907159469527E-0001
 6.61417771482384E+0003	 1.93504933743734E-0001
 6.61417890334692E+0003	 1.93099427508651E-0001
 6.61418009187001E+0003	 1.92690657082580E-0001
 6.61418128039309E+0003	 1.92278639335855E-0001
 6.61418246891618E+0003	 1.91863391680068E-0001
 6.61418365743926E+0003	 1.91444932057394E-0001
 6.61418484596235E+0003	 1.91023278930000E-0001
 6.61418603448543E+0003	 1.90598451269554E-0001
 6.61418722300851E+0003	 1.90170468546825E-0001
 6.61418841153160E+0003	 1.89739350721364E-0001
 6.61418960005468E+0003	 1.89305118231286E-0001
 6.61419078857777E+0003	 1.88867791983122E-0001
 6.61419197710085E+0003	 1.88427393341775E-0001
 6.61419316562394E+0003	 1.87983944120542E-0001
 6.61419435414702E+0003	 1.87537466571231E-0001
 6.61419554267010E+0003	 1.87087983374354E-0001
 6.61419673119319E+0003	 1.86635517629393E-0001
 6.61419791971627E+0003	 1.86180092845163E-0001
 6.61419910823936E+0003	 1.85721732930228E-0001
 6.61420029676244E+0003	 1.85260462183412E-0001
 6.61420148528553E+0003	 1.84796305284373E-0001
 6.61420267380861E+0003	 1.84329287284258E-0001
 6.61420386233169E+0003	 1.83859433596422E-0001
 6.61420505085478E+0003	 1.83386769987227E-0001
 6.61420623937786E+0003	 1.82911322566904E-0001
 6.61420742790095E+0003	 1.82433117780485E-0001
 6.61420861642403E+0003	 1.81952182398807E-0001
 6.61420980494712E+0003	 1.81468543509579E-0001
 6.61421099347020E+0003	 1.80982228508514E-0001
 6.61421218199328E+0003	 1.80493265090532E-0001
 6.61421337051637E+0003	 1.80001681241022E-0001
 6.61421455903945E+0003	 1.79507505227167E-0001
 6.61421574756254E+0003	 1.79010765589339E-0001
 6.61421693608562E+0003	 1.78511491132546E-0001
 6.61421812460870E+0003	 1.78009710917949E-0001
 6.61421931313179E+0003	 1.77505454254438E-0001
 6.61422050165487E+0003	 1.76998750690264E-0001
 6.61422169017796E+0003	 1.76489630004736E-0001
 6.61422287870104E+0003	 1.75978122199973E-0001
 6.61422406722413E+0003	 1.75464257492725E-0001
 6.61422525574721E+0003	 1.74948066306237E-0001
 6.61422644427029E+0003	 1.74429579262185E-0001
 6.61422763279338E+0003	 1.73908827172663E-0001
 6.61422882131646E+0003	 1.73385841032232E-0001
 6.61423000983955E+0003	 1.72860652010023E-0001
 6.61423119836263E+0003	 1.72333291441898E-0001
 6.61423238688572E+0003	 1.71803790822674E-0001
 6.61423357540880E+0003	 1.71272181798395E-0001
 6.61423476393188E+0003	 1.70738496158671E-0001
 6.61423595245497E+0003	 1.70202765829066E-0001
 6.61423714097805E+0003	 1.69665022863550E-0001
 6.61423832950114E+0003	 1.69125299437000E-0001
 6.61423951802422E+0003	 1.68583627837774E-0001
 6.61424070654731E+0003	 1.68040040460322E-0001
 6.61424189507039E+0003	 1.67494569797869E-0001
 6.61424308359347E+0003	 1.66947248435155E-0001
 6.61424427211656E+0003	 1.66398109041225E-0001
 6.61424546063964E+0003	 1.65847184362287E-0001
 6.61424664916273E+0003	 1.65294507214622E-0001
 6.61424783768581E+0003	 1.64740110477552E-0001
 6.61424902620889E+0003	 1.64184027086475E-0001
 6.61425021473198E+0003	 1.63626290025949E-0001
 6.61425140325506E+0003	 1.63066932322846E-0001
 6.61425259177815E+0003	 1.62505987039556E-0001
 6.61425378030123E+0003	 1.61943487267255E-0001
 6.61425496882432E+0003	 1.61379466119242E-0001
 6.61425615734740E+0003	 1.60813956724321E-0001
 6.61425734587048E+0003	 1.60246992220257E-0001
 6.61425853439357E+0003	 1.59678605747289E-0001
 6.61425972291665E+0003	 1.59108830441706E-0001
 6.61426091143974E+0003	 1.58537699429482E-0001
 6.61426209996282E+0003	 1.57965245819981E-0001
 6.61426328848591E+0003	 1.57391502699718E-0001
 6.61426447700899E+0003	 1.56816503126187E-0001
 6.61426566553207E+0003	 1.56240280121754E-0001
 6.61426685405516E+0003	 1.55662866667611E-0001
 6.61426804257824E+0003	 1.55084295697798E-0001
 6.61426923110133E+0003	 1.54504600093286E-0001
 6.61427041962441E+0003	 1.53923812676132E-0001
 6.61427160814750E+0003	 1.53341966203694E-0001
 6.61427279667058E+0003	 1.52759093362914E-0001
 6.61427398519366E+0003	 1.52175226764669E-0001
 6.61427517371675E+0003	 1.51590398938187E-0001
 6.61427636223983E+0003	 1.51004642325531E-0001
 6.61427755076292E+0003	 1.50417989276154E-0001
 6.61427873928600E+0003	 1.49830472041514E-0001
 6.61427992780909E+0003	 1.49242122769767E-0001
 6.61428111633217E+0003	 1.48652973500521E-0001
 6.61428230485525E+0003	 1.48063056159664E-0001
 6.61428349337834E+0003	 1.47472402554262E-0001
 6.61428468190142E+0003	 1.46881044367518E-0001
 6.61428587042451E+0003	 1.46289013153813E-0001
 6.61428705894759E+0003	 1.45696340333810E-0001
 6.61428824747067E+0003	 1.45103057189632E-0001
 6.61428943599376E+0003	 1.44509194860106E-0001
 6.61429062451684E+0003	 1.43914784336086E-0001
 6.61429181303993E+0003	 1.43319856455841E-0001
 6.61429300156301E+0003	 1.42724441900517E-0001
 6.61429419008610E+0003	 1.42128571189673E-0001
 6.61429537860918E+0003	 1.41532274676886E-0001
 6.61429656713226E+0003	 1.40935582545433E-0001
 6.61429775565535E+0003	 1.40338524804041E-0001
 6.61429894417843E+0003	 1.39741131282714E-0001
 6.61430013270152E+0003	 1.39143431628632E-0001
 6.61430132122460E+0003	 1.38545455302126E-0001
 6.61430250974769E+0003	 1.37947231572723E-0001
 6.61430369827077E+0003	 1.37348789515269E-0001
 6.61430488679385E+0003	 1.36750158006124E-0001
 6.61430607531694E+0003	 1.36151365719435E-0001
 6.61430726384002E+0003	 1.35552441123485E-0001
 6.61430845236311E+0003	 1.34953412477108E-0001
 6.61430964088619E+0003	 1.34354307826196E-0001
 6.61431082940928E+0003	 1.33755155000264E-0001
 6.61431201793236E+0003	 1.33155981609111E-0001
 6.61431320645544E+0003	 1.32556815039536E-0001
 6.61431439497853E+0003	 1.31957682452154E-0001
 6.61431558350161E+0003	 1.31358610778269E-0001
 6.61431677202470E+0003	 1.30759626716840E-0001
 6.61431796054778E+0003	 1.30160756731514E-0001
 6.61431914907087E+0003	 1.29562027047746E-0001
 6.61432033759395E+0003	 1.28963463649995E-0001
 6.61432152611703E+0003	 1.28365092278994E-0001
 6.61432271464012E+0003	 1.27766938429107E-0001
 6.61432390316320E+0003	 1.27169027345765E-0001
 6.61432509168629E+0003	 1.26571384022979E-0001
 6.61432628020937E+0003	 1.25974033200935E-0001
 6.61432746873245E+0003	 1.25376999363671E-0001
 6.61432865725554E+0003	 1.24780306736837E-0001
 6.61432984577862E+0003	 1.24183979285537E-0001
 6.61433103430171E+0003	 1.23588040712249E-0001
 6.61433222282479E+0003	 1.22992514454835E-0001
 6.61433341134788E+0003	 1.22397423684633E-0001
 6.61433459987096E+0003	 1.21802791304627E-0001
 6.61433578839404E+0003	 1.21208639947713E-0001
 6.61433697691713E+0003	 1.20614991975040E-0001
 6.61433816544021E+0003	 1.20021869474442E-0001
 6.61433935396330E+0003	 1.19429294258958E-0001
 6.61434054248638E+0003	 1.18837287865433E-0001
 6.61434173100947E+0003	 1.18245871553212E-0001
 6.61434291953255E+0003	 1.17655066302922E-0001
 6.61434410805563E+0003	 1.17064892815339E-0001
 6.61434529657872E+0003	 1.16475371510348E-0001
 6.61434648510180E+0003	 1.15886522525994E-0001
 6.61434767362489E+0003	 1.15298365717616E-0001
 6.61434886214797E+0003	 1.14710920657083E-0001
 6.61435005067106E+0003	 1.14124206632119E-0001
 6.61435123919414E+0003	 1.13538242645710E-0001
 6.61435242771722E+0003	 1.12953047415623E-0001
 6.61435361624031E+0003	 1.12368639374001E-0001
 6.61435480476339E+0003	 1.11785036667066E-0001
 6.61435599328648E+0003	 1.11202257154908E-0001
 6.61435718180956E+0003	 1.10620318411374E-0001
 6.61435837033264E+0003	 1.10039237724057E-0001
 6.61435955885573E+0003	 1.09459032094371E-0001
 6.61436074737881E+0003	 1.08879718237735E-0001
 6.61436193590190E+0003	 1.08301312583851E-0001
 6.61436312442498E+0003	 1.07723831277079E-0001
 6.61436431294807E+0003	 1.07147290176915E-0001
 6.61436550147115E+0003	 1.06571704858562E-0001
 6.61436668999423E+0003	 1.05997090613615E-0001
 6.61436787851732E+0003	 1.05423462450829E-0001
 6.61436906704040E+0003	 1.04850835097004E-0001
 6.61437025556349E+0003	 1.04279222997964E-0001
 6.61437144408657E+0003	 1.03708640319639E-0001
 6.61437263260966E+0003	 1.03139100949248E-0001
 6.61437382113274E+0003	 1.02570618496595E-0001
 6.61437500965582E+0003	 1.02003206295450E-0001
 6.61437619817891E+0003	 1.01436877405053E-0001
 6.61437738670199E+0003	 1.00871644611707E-0001
 6.61437857522508E+0003	 1.00307520430485E-0001
 6.61437976374816E+0003	 9.97445171070312E-0002
 6.61438095227125E+0003	 9.91826466194764E-0002
 6.61438214079433E+0003	 9.86219206804498E-0002
 6.61438332931741E+0003	 9.80623507391984E-0002
 6.61438451784050E+0003	 9.75039479838093E-0002
 6.61438570636358E+0003	 9.69467233435362E-0002
 6.61438689488667E+0003	 9.63906874912278E-0002
 6.61438808340975E+0003	 9.58358508458615E-0002
 6.61438927193284E+0003	 9.52822235751781E-0002
 6.61439046045592E+0003	 9.47298155984200E-0002
 6.61439164897900E+0003	 9.41786365891703E-0002
 6.61439283750209E+0003	 9.36286959782935E-0002
 6.61439402602517E+0003	 9.30800029569760E-0002
 6.61439521454826E+0003	 9.25325664798672E-0002
 6.61439640307134E+0003	 9.19863952683193E-0002
 6.61439759159442E+0003	 9.14414978137241E-0002
 6.61439878011751E+0003	 9.08978823809469E-0002
 6.61439996864059E+0003	 9.03555570118567E-0002
 6.61440115716368E+0003	 8.98145295289508E-0002
 6.61440234568676E+0003	 8.92748075390708E-0002
 6.61440353420985E+0003	 8.87363984372138E-0002
 6.61440472273293E+0003	 8.81993094104288E-0002
 6.61440591125601E+0003	 8.76635474418078E-0002
 6.61440709977910E+0003	 8.71291193145584E-0002
 6.61440828830218E+0003	 8.65960316161630E-0002
 6.61440947682527E+0003	 8.60642907426235E-0002
 6.61441066534835E+0003	 8.55339029027841E-0002
 6.61441185387144E+0003	 8.50048741227338E-0002
 6.61441304239452E+0003	 8.44772102502858E-0002
 6.61441423091760E+0003	 8.39509169595327E-0002
 6.61441541944069E+0003	 8.34259997554700E-0002
 6.61441660796377E+0003	 8.29024639786929E-0002
 6.61441779648686E+0003	 8.23803148101568E-0002
 6.61441898500994E+0003	 8.18595572760031E-0002
 6.61442017353303E+0003	 8.13401962524456E-0002
 6.61442136205611E+0003	 8.08222364707152E-0002
 6.61442255057919E+0003	 8.03056825220587E-0002
 6.61442373910228E+0003	 7.97905388627902E-0002
 6.61442492762536E+0003	 7.92768098193907E-0002
 6.61442611614845E+0003	 7.87644995936522E-0002
 6.61442730467153E+0003	 7.82536122678635E-0002
 6.61442849319461E+0003	 7.77441518100349E-0002
 6.61442968171770E+0003	 7.72361220791561E-0002
 6.61443087024078E+0003	 7.67295268304838E-0002
 6.61443205876387E+0003	 7.62243697208590E-0002
 6.61443324728695E+0003	 7.57206543140431E-0002
 6.61443443581004E+0003	 7.52183840860747E-0002
 6.61443562433312E+0003	 7.47175624306416E-0002
 6.61443681285620E+0003	 7.42181926644607E-0002
 6.61443800137929E+0003	 7.37202780326669E-0002
 6.61443918990237E+0003	 7.32238217141998E-0002
 6.61444037842546E+0003	 7.27288268271925E-0002
 6.61444156694854E+0003	 7.22352964343487E-0002
 6.61444275547163E+0003	 7.17432335483108E-0002
 6.61444394399471E+0003	 7.12526411370104E-0002
 6.61444513251779E+0003	 7.07635221289997E-0002
 6.61444632104088E+0003	 7.02758794187535E-0002
 6.61444750956396E+0003	 6.97897158719454E-0002
 6.61444869808705E+0003	 6.93050343306853E-0002
 6.61444988661013E+0003	 6.88218376187195E-0002
 6.61445107513322E+0003	 6.83401285465840E-0002
 6.61445226365630E+0003	 6.78599099167098E-0002
 6.61445345217938E+0003	 6.73811845284738E-0002
 6.61445464070247E+0003	 6.69039551831898E-0002
 6.61445582922555E+0003	 6.64282246890352E-0002
 6.61445701774864E+0003	 6.59539958659098E-0002
 6.61445820627172E+0003	 6.54812715502205E-0002
 6.61445939479481E+0003	 6.50100545995880E-0002
 6.61446058331789E+0003	 6.45403478974687E-0002
 6.61446177184097E+0003	 6.40721543576903E-0002
 6.61446296036406E+0003	 6.36054769288931E-0002
 6.61446414888714E+0003	 6.31403185988760E-0002
 6.61446533741023E+0003	 6.26766823988374E-0002
 6.61446652593331E+0003	 6.22145714075127E-0002
 6.61446771445639E+0003	 6.17539887551981E-0002
 6.61446890297948E+0003	 6.12949376276606E-0002
 6.61447009150256E+0003	 6.08374212699270E-0002
 6.61447128002565E+0003	 6.03814429899493E-0002
 6.61447246854873E+0003	 5.99270061621412E-0002
 6.61447365707182E+0003	 5.94741142307830E-0002
 6.61447484559490E+0003	 5.90227707132888E-0002
 6.61447603411798E+0003	 5.85729792033349E-0002
 6.61447722264107E+0003	 5.81247433738427E-0002
 6.61447841116415E+0003	 5.76780669798147E-0002
 6.61447959968724E+0003	 5.72329538610188E-0002
 6.61448078821032E+0003	 5.67894079445185E-0002
 6.61448197673341E+0003	 5.63474332470445E-0002
 6.61448316525649E+0003	 5.59070338772065E-0002
 6.61448435377957E+0003	 5.54682140375390E-0002
 6.61448554230266E+0003	 5.50309780263832E-0002
 6.61448673082574E+0003	 5.45953302395970E-0002
 6.61448791934883E+0003	 5.41612751720945E-0002
 6.61448910787191E+0003	 5.37288174192119E-0002
 6.61449029639500E+0003	 5.32979616778953E-0002
 6.61449148491808E+0003	 5.28687127477124E-0002
 6.61449267344116E+0003	 5.24410755316826E-0002
 6.61449386196425E+0003	 5.20150550369275E-0002
 6.61449505048733E+0003	 5.15906563751361E-0002
 6.61449623901042E+0003	 5.11678847628487E-0002
 6.61449742753350E+0003	 5.07467455215532E-0002
 6.61449861605658E+0003	 5.03272440775983E-0002
 6.61449980457967E+0003	 4.99093859619170E-0002
 6.61450099310275E+0003	 4.94931768095671E-0002
 6.61450218162584E+0003	 4.90786223590818E-0002
 6.61450337014892E+0003	 4.86657284516352E-0002
 6.61450455867201E+0003	 4.82545010300203E-0002
 6.61450574719509E+0003	 4.78449461374420E-0002
 6.61450693571817E+0003	 4.74370699161226E-0002
 6.61450812424126E+0003	 4.70308786057258E-0002
 6.61450931276434E+0003	 4.66263785415948E-0002
 6.61451050128743E+0003	 4.62235761528091E-0002
 6.61451168981051E+0003	 4.58224779600616E-0002
 6.61451287833360E+0003	 4.54230905733562E-0002
 6.61451406685668E+0003	 4.50254206895280E-0002
 6.61451525537976E+0003	 4.46294750895910E-0002
 6.61451644390285E+0003	 4.42352606359114E-0002
 6.61451763242593E+0003	 4.38427842692125E-0002
 6.61451882094902E+0003	 4.34520530054131E-0002
 6.61452000947210E+0003	 4.30630739323011E-0002
 6.61452119799519E+0003	 4.26758542060474E-0002
 6.61452238651827E+0003	 4.22904010475623E-0002
 6.61452357504135E+0003	 4.19067217386987E-0002
 6.61452476356444E+0003	 4.15248236183054E-0002
 6.61452595208752E+0003	 4.11447140781345E-0002
 6.61452714061061E+0003	 4.07664005586069E-0002
 6.61452832913369E+0003	 4.03898905444416E-0002
 6.61452951765678E+0003	 4.00151915601513E-0002
 6.61453070617986E+0003	 3.96423111654095E-0002
 6.61453189470294E+0003	 3.92712569502959E-0002
 6.61453308322603E+0003	 3.89020365304220E-0002
 6.61453427174911E+0003	 3.85346575419433E-0002
 6.61453546027220E+0003	 3.81691276364656E-0002
 6.61453664879528E+0003	 3.78054544758463E-0002
 6.61453783731836E+0003	 3.74436457268999E-0002
 6.61453902584145E+0003	 3.70837090560124E-0002
 6.61454021436453E+0003	 3.67256521236696E-0002
 6.61454140288762E+0003	 3.63694825789053E-0002
 6.61454259141070E+0003	 3.60152080536763E-0002
 6.61454377993379E+0003	 3.56628361571697E-0002
 6.61454496845687E+0003	 3.53123744700481E-0002
 6.61454615697995E+0003	 3.49638305386397E-0002
 6.61454734550304E+0003	 3.46172118690792E-0002
 6.61454853402612E+0003	 3.42725259214061E-0002
 6.61454972254921E+0003	 3.39297801036261E-0002
 6.61455091107229E+0003	 3.35889817657432E-0002
 6.61455209959538E+0003	 3.32501381937672E-0002
 6.61455328811846E+0003	 3.29132566037061E-0002
 6.61455447664154E+0003	 3.25783441355456E-0002
 6.61455566516463E+0003	 3.22454078472258E-0002
 6.61455685368771E+0003	 3.19144547086206E-0002
 6.61455804221080E+0003	 3.15854915955258E-0002
 6.61455923073388E+0003	 3.12585252836617E-0002
 6.61456041925697E+0003	 3.09335624426991E-0002
 6.61456160778005E+0003	 3.06106096303127E-0002
 6.61456279630313E+0003	 3.02896732862693E-0002
 6.61456398482622E+0003	 2.99707597265573E-0002
 6.61456517334930E+0003	 2.96538751375624E-0002
 6.61456636187239E+0003	 2.93390255702990E-0002
 6.61456755039547E+0003	 2.90262169346983E-0002
 6.61456873891856E+0003	 2.87154549939639E-0002
 6.61456992744164E+0003	 2.84067453589992E-0002
 6.61457111596472E+0003	 2.81000934829102E-0002
 6.61457230448781E+0003	 2.77955046555935E-0002
 6.61457349301089E+0003	 2.74929839984122E-0002
 6.61457468153398E+0003	 2.71925364589657E-0002
 6.61457587005706E+0003	 2.68941668059598E-0002
 6.61457705858014E+0003	 2.65978796241814E-0002
 6.61457824710323E+0003	 2.63036793095832E-0002
 6.61457943562631E+0003	 2.60115700644831E-0002
 6.61458062414940E+0003	 2.57215558928839E-0002
 6.61458181267248E+0003	 2.54336405959171E-0002
 6.61458300119557E+0003	 2.51478277674153E-0002
 6.61458418971865E+0003	 2.48641207896184E-0002
 6.61458537824173E+0003	 2.45825228290170E-0002
 6.61458656676482E+0003	 2.43030368323366E-0002
 6.61458775528790E+0003	 2.40256655226678E-0002
 6.61458894381099E+0003	 2.37504113957444E-0002
 6.61459013233407E+0003	 2.34772767163747E-0002
 6.61459132085716E+0003	 2.32062635150269E-0002
 6.61459250938024E+0003	 2.29373735845742E-0002
 6.61459369790332E+0003	 2.26706084772000E-0002
 6.61459488642641E+0003	 2.24059695014678E-0002
 6.61459607494949E+0003	 2.21434577195576E-0002
 6.61459726347258E+0003	 2.18830739446699E-0002
 6.61459845199566E+0003	 2.16248187386008E-0002
 6.61459964051875E+0003	 2.13686924094906E-0002
 6.61460082904183E+0003	 2.11146950097438E-0002
 6.61460201756491E+0003	 2.08628263341278E-0002
 6.61460320608800E+0003	 2.06130859180455E-0002
 6.61460439461108E+0003	 2.03654730359873E-0002
 6.61460558313417E+0003	 2.01199867001603E-0002
 6.61460677165725E+0003	 1.98766256592976E-0002
 6.61460796018033E+0003	 1.96353883976464E-0002
 6.61460914870342E+0003	 1.93962731341353E-0002
 6.61461033722650E+0003	 1.91592778217221E-0002
 6.61461152574959E+0003	 1.89244001469199E-0002
 6.61461271427267E+0003	 1.86916375295033E-0002
 6.61461390279576E+0003	 1.84609871223909E-0002
 6.61461509131884E+0003	 1.82324458117075E-0002
 6.61461627984192E+0003	 1.80060102170211E-0002
 6.61461746836501E+0003	 1.77816766917559E-0002
 6.61461865688809E+0003	 1.75594413237788E-0002
 6.61461984541118E+0003	 1.73392999361586E-0002
 6.61462103393426E+0003	 1.71212480880953E-0002
 6.61462222245735E+0003	 1.69052810760185E-0002
 6.61462341098043E+0003	 1.66913939348524E-0002
 6.61462459950351E+0003	 1.64795814394446E-0002
 6.61462578802660E+0003	 1.62698381061578E-0002
 6.61462697654968E+0003	 1.60621581946203E-0002
 6.61462816507277E+0003	 1.58565357096333E-0002
 6.61462935359585E+0003	 1.56529644032326E-0002
 6.61463054211894E+0003	 1.54514377769006E-0002
 6.61463173064202E+0003	 1.52519490839270E-0002
 6.61463291916510E+0003	 1.50544913319131E-0002
 6.61463410768819E+0003	 1.48590572854181E-0002
 6.61463529621127E+0003	 1.46656394687434E-0002
 6.61463648473436E+0003	 1.44742301688501E-0002
 6.61463767325744E+0003	 1.42848214384083E-0002
 6.61463886178053E+0003	 1.40974050989728E-0002
 6.61464005030361E+0003	 1.39119727442806E-0002
 6.61464123882669E+0003	 1.37285157436696E-0002
 6.61464242734978E+0003	 1.35470252456101E-0002
 6.61464361587286E+0003	 1.33674921813484E-0002
 6.61464480439595E+0003	 1.31899072686569E-0002
 6.61464599291903E+0003	 1.30142610156860E-0002
 6.61464718144211E+0003	 1.28405437249151E-0002
 6.61464836996520E+0003	 1.26687454971969E-0002
 6.61464955848828E+0003	 1.24988562358910E-0002
 6.61465074701137E+0003	 1.23308656510833E-0002
 6.61465193553445E+0003	 1.21647632638849E-0002
 6.61465312405754E+0003	 1.20005384108086E-0002
 6.61465431258062E+0003	 1.18381802482155E-0002
 6.61465550110370E+0003	 1.16776777568305E-0002
 6.61465668962679E+0003	 1.15190197463184E-0002
 6.61465787814987E+0003	 1.13621948599206E-0002
 6.61465906667296E+0003	 1.12071915791436E-0002
 6.61466025519604E+0003	 1.10539982284974E-0002
 6.61466144371913E+0003	 1.09026029802792E-0002
 6.61466263224221E+0003	 1.07529938593963E-0002
 6.61466382076529E+0003	 1.06051587482261E-0002
 6.61466500928838E+0003	 1.04590853915066E-0002
 6.61466619781146E+0003	 1.03147614012547E-0002
 6.61466738633455E+0003	 1.01721742617072E-0002
 6.61466857485763E+0003	 1.00313113342805E-0002
 6.61466976338072E+0003	 9.89215986254420E-0003
 6.61467095190380E+0003	 9.75470697720561E-0003
 6.61467214042688E+0003	 9.61893970110021E-0003
 6.61467332894997E+0003	 9.48484495418376E-0003
 6.61467451747305E+0003	 9.35240955852308E-0003
 6.61467570599614E+0003	 9.22162024328095E-0003
 6.61467689451922E+0003	 9.09246364969114E-0003
 6.61467808304230E+0003	 8.96492633602039E-0003
 6.61467927156539E+0003	 8.83899478251323E-0003
 6.61468046008847E+0003	 8.71465539631630E-0003
 6.61468164861156E+0003	 8.59189451637851E-0003
 6.61468283713464E+0003	 8.47069841832353E-0003
 6.61468402565773E+0003	 8.35105331929183E-0003
 6.61468521418081E+0003	 8.23294538274819E-0003
 6.61468640270389E+0003	 8.11636072325237E-0003
 6.61468759122698E+0003	 8.00128541118928E-0003
 6.61468877975006E+0003	 7.88770547745614E-0003
 6.61468996827315E+0003	 7.77560691810351E-0003
 6.61469115679623E+0003	 7.66497569892747E-0003
 6.61469234531932E+0003	 7.55579776001064E-0003
 6.61469353384240E+0003	 7.44805902020899E-0003
 6.61469472236548E+0003	 7.34174538158241E-0003
 6.61469591088857E+0003	 7.23684273376649E-0003
 6.61469709941165E+0003	 7.13333695828352E-0003
 6.61469828793474E+0003	 7.03121393279022E-0003
 6.61469947645782E+0003	 6.93045953526061E-0003
 6.61470066498091E+0003	 6.83105964810178E-0003
 6.61470185350399E+0003	 6.73300016220101E-0003
 6.61470304202707E+0003	 6.63626698090233E-0003
 6.61470423055016E+0003	 6.54084602391107E-0003
 6.61470541907324E+0003	 6.44672323112493E-0003
 6.61470660759633E+0003	 6.35388456639002E-0003
 6.61470779611941E+0003	 6.26231602118080E-0003
 6.61470898464250E+0003	 6.17200361820259E-0003
 6.61471017316558E+0003	 6.08293341491569E-0003
 6.61471136168866E+0003	 5.99509150698004E-0003
 6.61471255021175E+0003	 5.90846403161950E-0003
 6.61471373873483E+0003	 5.82303717090520E-0003
 6.61471492725792E+0003	 5.73879715495705E-0003
 6.61471611578100E+0003	 5.65573026506276E-0003
 6.61471730430408E+0003	 5.57382283671429E-0003
 6.61471849282717E+0003	 5.49306126256071E-0003
 6.61471968135025E+0003	 5.41343199527774E-0003
 6.61472086987334E+0003	 5.33492155035322E-0003
 6.61472205839642E+0003	 5.25751650878893E-0003
 6.61472324691951E+0003	 5.18120351971803E-0003
 6.61472443544259E+0003	 5.10596930293873E-0003
 6.61472562396567E+0003	 5.03180065136399E-0003
 6.61472681248876E+0003	 4.95868443338742E-0003
 6.61472800101184E+0003	 4.88660759516568E-0003
 6.61472918953493E+0003	 4.81555716281780E-0003
 6.61473037805801E+0003	 4.74552024454161E-0003
 6.61473156658110E+0003	 4.67648403264784E-0003
 6.61473275510418E+0003	 4.60843580551250E-0003
 6.61473394362726E+0003	 4.54136292944790E-0003
 6.61473513215035E+0003	 4.47525286049320E-0003
 6.61473632067343E+0003	 4.41009314612496E-0003
 6.61473750919652E+0003	 4.34587142688868E-0003
 6.61473869771960E+0003	 4.28257543795200E-0003
 6.61473988624269E+0003	 4.22019301058033E-0003
 6.61474107476577E+0003	 4.15871207353612E-0003
 6.61474226328885E+0003	 4.09812065440241E-0003
 6.61474345181194E+0003	 4.03840688083182E-0003
 6.61474464033502E+0003	 3.97955898172203E-0003
 6.61474582885811E+0003	 3.92156528831874E-0003
 6.61474701738119E+0003	 3.86441423524733E-0003
 6.61474820590427E+0003	 3.80809436147421E-0003
 6.61474939442736E+0003	 3.75259431119929E-0003
 6.61475058295044E+0003	 3.69790283468049E-0003
 6.61475177147353E+0003	 3.64400878899174E-0003
 6.61475295999661E+0003	 3.59090113871571E-0003
 6.61475414851970E+0003	 3.53856895657234E-0003
 6.61475533704278E+0003	 3.48700142398483E-0003
 6.61475652556586E+0003	 3.43618783158408E-0003
 6.61475771408895E+0003	 3.38611757965317E-0003
 6.61475890261203E+0003	 3.33678017851297E-0003
 6.61476009113512E+0003	 3.28816524885062E-0003
 6.61476127965820E+0003	 3.24026252199179E-0003
 6.61476246818129E+0003	 3.19306184011857E-0003
 6.61476365670437E+0003	 3.14655315643400E-0003
 6.61476484522745E+0003	 3.10072653527488E-0003
 6.61476603375054E+0003	 3.05557215217421E-0003
 6.61476722227362E+0003	 3.01108029387448E-0003
 6.61476841079671E+0003	 2.96724135829356E-0003
 6.61476959931979E+0003	 2.92404585444421E-0003
 6.61477078784288E+0003	 2.88148440230892E-0003
 6.61477197636596E+0003	 2.83954773267125E-0003
 6.61477316488904E+0003	 2.79822668690517E-0003
 6.61477435341213E+0003	 2.75751221672377E-0003
 6.61477554193521E+0003	 2.71739538388865E-0003
 6.61477673045830E+0003	 2.67786735988144E-0003
 6.61477791898138E+0003	 2.63891942553867E-0003
 6.61477910750447E+0003	 2.60054297065147E-0003
 6.61478029602755E+0003	 2.56272949353134E-0003
 6.61478148455063E+0003	 2.52547060054330E-0003
 6.61478267307372E+0003	 2.48875800560770E-0003
 6.61478386159680E+0003	 2.45258352967207E-0003
 6.61478505011989E+0003	 2.41693910015409E-0003
 6.61478623864297E+0003	 2.38181675035715E-0003
 6.61478742716605E+0003	 2.34720861885941E-0003
 6.61478861568914E+0003	 2.31310694887797E-0003
 6.61478980421222E+0003	 2.27950408760896E-0003
 6.61479099273531E+0003	 2.24639248554490E-0003
 6.61479218125839E+0003	 2.21376469577047E-0003
 6.61479336978148E+0003	 2.18161337323774E-0003
 6.61479455830456E+0003	 2.14993127402202E-0003
 6.61479574682764E+0003	 2.11871125455939E-0003
 6.61479693535073E+0003	 2.08794627086691E-0003
 6.61479812387381E+0003	 2.05762937774663E-0003
 6.61479931239690E+0003	 2.02775372797434E-0003
 6.61480050091998E+0003	 1.99831257147405E-0003
 6.61480168944307E+0003	 1.96929925447918E-0003
 6.61480287796615E+0003	 1.94070721868139E-0003
 6.61480406648923E+0003	 1.91253000036796E-0003
 6.61480525501232E+0003	 1.88476122954850E-0003
 6.61480644353540E+0003	 1.85739462907216E-0003
 6.61480763205849E+0003	 1.83042401373568E-0003
 6.61480882058157E+0003	 1.80384328938366E-0003
 6.61481000910466E+0003	 1.77764645200130E-0003
 6.61481119762774E+0003	 1.75182758680083E-0003
 6.61481238615082E+0003	 1.72638086730204E-0003
 6.61481357467391E+0003	 1.70130055440776E-0003
 6.61481476319699E+0003	 1.67658099547503E-0003
 6.61481595172008E+0003	 1.65221662338249E-0003
 6.61481714024316E+0003	 1.62820195559479E-0003
 6.61481832876625E+0003	 1.60453159322447E-0003
 6.61481951728933E+0003	 1.58120022009204E-0003
 6.61482070581241E+0003	 1.55820260178482E-0003
 6.61482189433550E+0003	 1.53553358471496E-0003
 6.61482308285858E+0003	 1.51318809517740E-0003
 6.61482427138167E+0003	 1.49116113840804E-0003
 6.61482545990475E+0003	 1.46944779764275E-0003
 6.61482664842783E+0003	 1.44804323317762E-0003
 6.61482783695092E+0003	 1.42694268143099E-0003
 6.61482902547400E+0003	 1.40614145400751E-0003
 6.61483021399709E+0003	 1.38563493676481E-0003
 6.61483140252017E+0003	 1.36541858888304E-0003
 6.61483259104326E+0003	 1.34548794193771E-0003
 6.61483377956634E+0003	 1.32583859897614E-0003
 6.61483496808942E+0003	 1.30646623359790E-0003
 6.61483615661251E+0003	 1.28736658903944E-0003
 6.61483734513559E+0003	 1.26853547726331E-0003
 6.61483853365868E+0003	 1.24996877805222E-0003
 6.61483972218176E+0003	 1.23166243810815E-0003
 6.61484091070485E+0003	 1.21361247015677E-0003
 6.61484209922793E+0003	 1.19581495205742E-0003
 6.61484328775101E+0003	 1.17826602591887E-0003
 6.61484447627410E+0003	 1.16096189722098E-0003
 6.61484566479718E+0003	 1.14389883394254E-0003
 6.61484685332027E+0003	 1.12707316569534E-0003
 6.61484804184335E+0003	 1.11048128286476E-0003
 6.61484923036644E+0003	 1.09411963575691E-0003
 6.61485041888952E+0003	 1.07798473375250E-0003
 6.61485160741260E+0003	 1.06207314446754E-0003
 6.61485279593569E+0003	 1.04638149292098E-0003
 6.61485398445877E+0003	 1.03090646070934E-0003
 6.61485517298186E+0003	 1.01564478518858E-0003
 6.61485636150494E+0003	 1.00059325866297E-0003
 6.61485755002802E+0003	 9.85748727581380E-0004
 6.61485873855111E+0003	 9.71108091740755E-0004
 6.61485992707419E+0003	 9.56668303497006E-0004
 6.61486111559728E+0003	 9.42426366983244E-0004
 6.61486230412036E+0003	 9.28379337335446E-0004
 6.61486349264345E+0003	 9.14524319925543E-0004
 6.61486468116653E+0003	 9.00858469601950E-0004
 6.61486586968961E+0003	 8.87378989937562E-0004
 6.61486705821270E+0003	 8.74083132485184E-0004
 6.61486824673578E+0003	 8.60968196040417E-0004
 6.61486943525887E+0003	 8.48031525911978E-0004
 6.61487062378195E+0003	 8.35270513199427E-0004
 6.61487181230504E+0003	 8.22682594078314E-0004
 6.61487300082812E+0003	 8.10265249092668E-0004
 6.61487418935120E+0003	 7.98016002454851E-0004
 6.61487537787429E+0003	 7.85932421352697E-0004
 6.61487656639737E+0003	 7.74012115263952E-0004
 6.61487775492046E+0003	 7.62252735277895E-0004
 6.61487894344354E+0003	 7.50651973424200E-0004
 6.61488013196663E+0003	 7.39207562008891E-0004
 6.61488132048971E+0003	 7.27917272957420E-0004
 6.61488250901279E+0003	 7.16778917164769E-0004
 6.61488369753588E+0003	 7.05790343852548E-0004
 6.61488488605896E+0003	 6.94949439933035E-0004
 6.61488607458205E+0003	 6.84254129380086E-0004
 6.61488726310513E+0003	 6.73702372606882E-0004
 6.61488845162822E+0003	 6.63292165850448E-0004
 6.61488964015130E+0003	 6.53021540562872E-0004
 6.61489082867438E+0003	 6.42888562809202E-0004
 6.61489201719747E+0003	 6.32891332671932E-0004
 6.61489320572055E+0003	 6.23027983662032E-0004
 6.61489439424364E+0003	 6.13296682136470E-0004
 6.61489558276672E+0003	 6.03695626722161E-0004
 6.61489677128980E+0003	 5.94223047746304E-0004
 6.61489795981289E+0003	 5.84877206673026E-0004
 6.61489914833597E+0003	 5.75656395546306E-0004
 6.61490033685906E+0003	 5.66558936439114E-0004
 6.61490152538214E+0003	 5.57583180908706E-0004
 6.61490271390523E+0003	 5.48727509458052E-0004
 6.61490390242831E+0003	 5.39990331003313E-0004
 6.61490509095139E+0003	 5.31370082347350E-0004
 6.61490627947448E+0003	 5.22865227659206E-0004
 6.61490746799756E+0003	 5.14474257959509E-0004
 6.61490865652065E+0003	 5.06195690611785E-0004
 6.61490984504373E+0003	 4.98028068819599E-0004
 6.61491103356682E+0003	 4.89969961129518E-0004
 6.61491222208990E+0003	 4.82019960939849E-0004
 6.61491341061298E+0003	 4.74176686015119E-0004
 6.61491459913607E+0003	 4.66438778006252E-0004
 6.61491578765915E+0003	 4.58804901976442E-0004
 6.61491697618224E+0003	 4.51273745932656E-0004
 6.61491816470532E+0003	 4.43844020362780E-0004
 6.61491935322841E+0003	 4.36514457778347E-0004
 6.61492054175149E+0003	 4.29283812262851E-0004
 6.61492173027457E+0003	 4.22150859025613E-0004
 6.61492291879766E+0003	 4.15114393961189E-0004
 6.61492410732074E+0003	 4.08173233214297E-0004
 6.61492529584383E+0003	 4.01326212750244E-0004
 6.61492648436691E+0003	 3.94572187930859E-0004
 6.61492767288999E+0003	 3.87910033095897E-0004
 6.61492886141308E+0003	 3.81338641149924E-0004
 6.61493004993616E+0003	 3.74856923154663E-0004
 6.61493123845925E+0003	 3.68463807926799E-0004
 6.61493242698233E+0003	 3.62158241641245E-0004
 6.61493361550542E+0003	 3.55939187439850E-0004
 6.61493480402850E+0003	 3.49805625045562E-0004
 6.61493599255158E+0003	 3.43756550382044E-0004
 6.61493718107467E+0003	 3.37790975198732E-0004
 6.61493836959775E+0003	 3.31907926701350E-0004
 6.61493955812084E+0003	 3.26106447187879E-0004
 6.61494074664392E+0003	 3.20385593689982E-0004
 6.61494193516701E+0003	 3.14744437619898E-0004
 6.61494312369009E+0003	 3.09182064422793E-0004
 6.61494431221317E+0003	 3.03697573234598E-0004
 6.61494550073626E+0003	 2.98290076545319E-0004
 6.61494668925934E+0003	 2.92958699867839E-0004
 6.61494787778243E+0003	 2.87702581412206E-0004
 6.61494906630551E+0003	 2.82520871765438E-0004
 6.61495025482860E+0003	 2.77412733576818E-0004
 6.61495144335168E+0003	 2.72377341248720E-0004
 6.61495263187476E+0003	 2.67413880632954E-0004
 6.61495382039785E+0003	 2.62521548732637E-0004
 6.61495500892093E+0003	 2.57699553409601E-0004
 6.61495619744402E+0003	 2.52947113097355E-0004
 6.61495738596710E+0003	 2.48263456519579E-0004
 6.61495857449019E+0003	 2.43647822414180E-0004
 6.61495976301327E+0003	 2.39099459262906E-0004
 6.61496095153635E+0003	 2.34617625026510E-0004
 6.61496214005944E+0003	 2.30201586885491E-0004
 6.61496332858252E+0003	 2.25850620986383E-0004
 6.61496451710561E+0003	 2.21564012193611E-0004
 6.61496570562869E+0003	 2.17341053846917E-0004
 6.61496689415177E+0003	 2.13181047524328E-0004
 6.61496808267486E+0003	 2.09083302810687E-0004
 6.61496927119794E+0003	 2.05047137071733E-0004
 6.61497045972103E+0003	 2.01071875233710E-0004
 6.61497164824411E+0003	 1.97156849568518E-0004
