1.400000000000000000e+01 5.896900624082367370e-01 6.019119366772505142e-01 1.191601999085487140e+00 -1.167728019377856086e-02
2.000000000000000000e+01 7.473407036263359782e-01 7.528911353098818315e-01 1.500231838936217699e+00 -3.867260162865093776e-03
3.000000000000000000e+01 9.233023795698277469e-01 9.286078494135003858e-01 1.851910228983328022e+00 -3.145326572206119664e-03
4.000000000000000000e+01 1.065259021752860358e+00 1.070806095561473548e+00 2.136065117314333683e+00 -3.098045848806130209e-03
5.000000000000000000e+01 1.189197752131835095e+00 1.194964930457778518e+00 2.384162682589613613e+00 -5.683663756706369696e-03
6.000000000000000000e+01 1.301010067307552864e+00 1.306927257759391559e+00 2.607937325066944645e+00 8.322199618699954726e-04
7.000000000000000000e+01 1.403785868270904791e+00 1.409840379387581555e+00 2.813626247658486346e+00 5.974596006867560760e-03
8.000000000000000000e+01 1.499514415340514439e+00 1.505648550798666996e+00 3.005162966139181435e+00 -3.035232058983261538e-03
9.000000000000000000e+01 1.589477278693624651e+00 1.595716412150031127e+00 3.185193690843656000e+00 -6.838841688840524569e-03
1.000000000000000000e+02 1.674646107648474658e+00 1.680946228467672610e+00 3.355592336116147045e+00 -3.562318538469888551e-03
