3.299999999999999822e+00 6.384296314346417089e-01 6.773892866700712556e-01 1.315818918104712854e+00 -4.413603685023792522e-02
1.000000000000000000e+01 1.174139165709141119e+00 1.202402360568907591e+00 2.376541526278048710e+00 3.439688163340060001e-02
2.000000000000000000e+01 1.657099692983704742e+00 1.689978399784813679e+00 3.347078092768518420e+00 2.274375843418718901e-02
3.000000000000000000e+01 2.029074800412378199e+00 2.063759208654231347e+00 4.092834009066609546e+00 1.296914420174299920e-02
4.000000000000000000e+01 2.343033893557751934e+00 2.379135127204760281e+00 4.722169020762512659e+00 3.787973147322354350e-02
5.000000000000000000e+01 2.620304184806435455e+00 2.657016892401200536e+00 5.277321077207636435e+00 -1.139263650607524880e-02
6.000000000000000000e+01 2.870735418522245119e+00 2.908515826345811739e+00 5.779251244868056858e+00 3.721921283602824815e-02
7.000000000000000000e+01 3.101376022167214419e+00 3.139759564358422406e+00 6.241135586525636825e+00 -2.976781687775797991e-02
8.000000000000000000e+01 3.316144635693425879e+00 3.355044941489937482e+00 6.671189577183363362e+00 2.252090851469379373e-02
9.000000000000000000e+01 3.517999758249467757e+00 3.557142316367105650e+00 7.075142074616573851e+00 -2.684491237040553813e-02
1.000000000000000000e+02 3.708722279245949327e+00 3.748562063688343660e+00 7.457284342934292987e+00 -2.246790931796116553e-02
