5.000000000000000000e+00 7.789811909939615697e-01 8.057620611974640745e-01 1.584743252191425533e+00 1.372223117040771712e-02
1.000000000000000000e+01 1.123046941273011523e+00 1.151455231411122826e+00 2.274502172684134571e+00 -3.478307796338064861e-03
3.000000000000000000e+01 1.948200648414657232e+00 1.983657837931282142e+00 3.931858486345939596e+00 4.305933793391503173e-03
4.000000000000000000e+01 2.250366353467783131e+00 2.287285828898650841e+00 4.537652182366434417e+00 -1.830877859451796041e-02
5.000000000000000000e+01 2.516556549256864450e+00 2.554982148682952481e+00 5.071538697939816487e+00 -3.427962037848963917e-02
6.000000000000000000e+01 2.757538786568729083e+00 2.796902960193058618e+00 5.554441746761787257e+00 -2.268287786282918717e-02
7.000000000000000000e+01 2.979132776202781496e+00 3.019416995168430429e+00 5.998549771371211925e+00 2.866989149134280268e-02
8.000000000000000000e+01 3.185634251962073726e+00 3.226395188401117942e+00 6.412029440363191668e+00 -2.915674582298777295e-02
9.000000000000000000e+01 3.379364732440270913e+00 3.421069590700873686e+00 6.800434323141145043e+00 -3.350711830028707539e-02
1.000000000000000000e+02 3.562899835359708778e+00 3.604985757233000410e+00 7.167885592592709187e+00 1.973994694707492670e-02
