1.400000000000000000e+01 5.376672229288171900e-01 5.683482003083345502e-01 1.106015423237151740e+00 2.346424563843818589e-04
2.000000000000000000e+01 7.245622422877354696e-01 7.304515028566672674e-01 1.455013745144402737e+00 -8.019287888611170700e-03
3.000000000000000000e+01 9.018245451157388404e-01 9.069857703652300929e-01 1.808810315480968933e+00 5.537042207719666820e-03
4.000000000000000000e+01 1.042660621272542887e+00 1.048023205593879847e+00 2.090683826866422734e+00 -1.793650611027430841e-03
5.000000000000000000e+01 1.165049597535361858e+00 1.170602362185798384e+00 2.335651959721160242e+00 5.006314075545414966e-03
6.000000000000000000e+01 1.275194682171157057e+00 1.280923075681505763e+00 2.556117757852662820e+00 4.315956050894520502e-03
7.000000000000000000e+01 1.376329310491673841e+00 1.382184031223758103e+00 2.758513341715431721e+00 2.567395769522029525e-03
8.000000000000000000e+01 1.470436971104033708e+00 1.476386651076183165e+00 2.946823622180216873e+00 3.745544102176978640e-03
9.000000000000000000e+01 1.558886586436984967e+00 1.564924120928353757e+00 3.123810707365338502e+00 -6.399502844830706749e-03
1.000000000000000000e+02 1.642683929780605512e+00 1.648799070449048498e+00 3.291483000229654010e+00 8.164681911379645385e-03
