5.000000000000000000e+00 7.474544582247402147e-01 7.775447443907993472e-01 1.524999202615539673e+00 4.048251664592328325e-03
1.000000000000000000e+01 1.091181709110125686e+00 1.120993018001108954e+00 2.212174727111234418e+00 -2.922667429016279073e-02
3.000000000000000000e+01 1.900353339977100209e+00 1.937010191812531090e+00 3.837363531789631299e+00 -5.038870612760870671e-03
4.000000000000000000e+01 2.195823950111839729e+00 2.234113604047298640e+00 4.429937554159138813e+00 2.718480140639201181e-02
5.000000000000000000e+01 2.456134836874901417e+00 2.495919514063486666e+00 4.952054350938388083e+00 -1.104875216470624366e-02
6.000000000000000000e+01 2.691606266061280728e+00 2.732491665051554719e+00 5.424097931112835447e+00 -1.930547229055168401e-02
7.000000000000000000e+01 2.908210773316274977e+00 2.950050310794335218e+00 5.858261084110610639e+00 1.460743045697121545e-02
8.000000000000000000e+01 3.109770511138841176e+00 3.152613020281474832e+00 6.262383531420315563e+00 1.847962751643095203e-02
9.000000000000000000e+01 3.299252176470456988e+00 3.342765173523639888e+00 6.642017349994096875e+00 -2.136804160040028933e-03
1.000000000000000000e+02 3.478462218294867458e+00 3.522570701610904020e+00 7.001032919905771479e+00 3.667856555142989805e-02
