4.229793019629553008e+00 3.879812092921960609e+00 3.558634858834734516e+00 3.264407527769333406e+00 2.995627126243775695e+00 2.750336791384969892e+00 2.527712056762461579e+00 2.326078225760611851e+00 2.144130612269266489e+00 1.980824804032220054e+00 1.835376912304378605e+00 1.705897382052657951e+00 1.592776487347141057e+00 1.493683226150311683e+00 1.409396709217609844e+00 1.337361933722528429e+00 1.278750824000610020e+00 1.231582555211111929e+00 1.195267036001957495e+00 1.170319137698885292e+00 1.154765838743750939e+00 1.148737449950409717e+00
4.034533025938578987e+00 3.689754899173876002e+00 3.374168286136071337e+00 3.086357411631183378e+00 2.824516095399129512e+00 2.587589157830734177e+00 2.373500457350697257e+00 2.180597740042077071e+00 2.008074887227067062e+00 1.854519829348289850e+00 1.718769678488292429e+00 1.599517904828086534e+00 1.496703538259668731e+00 1.408031120098661049e+00 1.333706852911251239e+00 1.272635425278981547e+00 1.224031927805214304e+00 1.187476785857685124e+00 1.161458489362780178e+00 1.146650284928861785e+00 1.141444101411576817e+00 1.144841330694917225e+00
3.850604395158698345e+00 3.510545726334392658e+00 3.200431345032361374e+00 2.919348472367870428e+00 2.665225890585933399e+00 2.436211431765546109e+00 2.230198759744462134e+00 2.046942646948324729e+00 1.883834468526255801e+00 1.739805015693044909e+00 1.614057027678799550e+00 1.505251402619534717e+00 1.412345988969470945e+00 1.334025858234415107e+00 1.270073183788283044e+00 1.219533131069585830e+00 1.180993573721013323e+00 1.154979413900516727e+00 1.139358786896460307e+00 1.134081788743349639e+00 1.139120469490079834e+00 1.152822461771977780e+00
3.676682637581461854e+00 3.341258675311942206e+00 3.037503674321389457e+00 2.763188569261711525e+00 2.516721343000666078e+00 2.295468668505041610e+00 2.098624349180454818e+00 1.924353552378198273e+00 1.770234647854109555e+00 1.636525567556230243e+00 1.520562975511289050e+00 1.422140879361447841e+00 1.338964589961275875e+00 1.271493725587821144e+00 1.217555071265426392e+00 1.177540283267523691e+00 1.149392136500281936e+00 1.133119168014162348e+00 1.127789794634789233e+00 1.132571065199794225e+00 1.147699543083356977e+00 1.171345912594512040e+00
3.512539427025437533e+00 3.182449270054692914e+00 2.884654513471660131e+00 2.617270231390323776e+00 2.378320619485617016e+00 2.165347997800304736e+00 1.977572257535141320e+00 1.812105506611030536e+00 1.667964361952692709e+00 1.543915764136644775e+00 1.437884769029113219e+00 1.349444682164128606e+00 1.276646945441922254e+00 1.219581633346182858e+00 1.175954839245610284e+00 1.145831485823422646e+00 1.128093005252012615e+00 1.121853136468905277e+00 1.126798079166447808e+00 1.141379906129125654e+00 1.166255167991268271e+00 1.199720134913899283e+00
3.357831803806683002e+00 3.033222223809434404e+00 2.741687534925862035e+00 2.481415827823717724e+00 2.250021928448725728e+00 2.045417996048547682e+00 1.866347985691638289e+00 1.710129049891764952e+00 1.575878673985704026e+00 1.461494776089898195e+00 1.365356366280613631e+00 1.287190637969829687e+00 1.224857728263761603e+00 1.177725384197835679e+00 1.144325369763683264e+00 1.124372253252688525e+00 1.116883580087871586e+00 1.120444850980479856e+00 1.135490747541557210e+00 1.160006654783524827e+00 1.193966264499861207e+00 1.237086067164838044e+00
3.212254644794118263e+00 2.893141784658877391e+00 2.607965690417319404e+00 2.354729428201149943e+00 2.130960996425603771e+00 1.935296248082909454e+00 1.764937960050026566e+00 1.618088215751178449e+00 1.493145235064029963e+00 1.388486955998177397e+00 1.302877676939901530e+00 1.234642255032755598e+00 1.182355592135372779e+00 1.145253541126943997e+00 1.122498550654593918e+00 1.112307956438481016e+00 1.115087664150117286e+00 1.128311299987284411e+00 1.153020802534986622e+00 1.187375088310669291e+00 1.230856580972589098e+00 1.283399691997920700e+00
3.075701591708992044e+00 2.762030757978126694e+00 2.483404453750249541e+00 2.237099517510179325e+00 2.021635069253611139e+00 1.834327775026391993e+00 1.672350076747078251e+00 1.535258341334920340e+00 1.420022107017319346e+00 1.325200262318878330e+00 1.249658788646794250e+00 1.191049799304366497e+00 1.149354472948204142e+00 1.122180142401450365e+00 1.109676694386535267e+00 1.109190852543865402e+00 1.121926000107144050e+00 1.145354006174529982e+00 1.179481044121225564e+00 1.223517356141511359e+00 1.276152821848420382e+00 1.337916152815406878e+00
2.947217873202045091e+00 2.639297067884647685e+00 2.366959865916961281e+00 2.128368617589318834e+00 1.920774032220943006e+00 1.741716359720166807e+00 1.589111272110372841e+00 1.461491567623760313e+00 1.355676783334978097e+00 1.270764382018309435e+00 1.205035911511487479e+00 1.156851479610542244e+00 1.125099278311346707e+00 1.108119821609873545e+00 1.105181540792413486e+00 1.115112151960557796e+00 1.137404843646586672e+00 1.170671722881362786e+00 1.214098662102843784e+00 1.267376971247502260e+00 1.329357790634056125e+00 1.399895308536841965e+00
2.826695811684990289e+00 2.524445642835576376e+00 2.259025739924154230e+00 2.027740261604418670e+00 1.828090790361268203e+00 1.657559874479598738e+00 1.514288527478844459e+00 1.395793564967031219e+00 1.299558053714030548e+00 1.224910071399003764e+00 1.168985885146927473e+00 1.131017837307607632e+00 1.108943309917392428e+00 1.102121248991551283e+00 1.109144124762025507e+00 1.129083702312225546e+00 1.160830400750391345e+00 1.203565540626590602e+00 1.256283389567189657e+00 1.319059685993865250e+00 1.390232698603061534e+00 1.469404483317728882e+00
2.713856843657513895e+00 2.417674356411062320e+00 2.159169113345583479e+00 1.935384124371557713e+00 1.743719940270237023e+00 1.581885421666681335e+00 1.447618548307698427e+00 1.338437607150438247e+00 1.252081855037209479e+00 1.187144933404054692e+00 1.140736439868744512e+00 1.112988075991215853e+00 1.100874145609107346e+00 1.104155404143732033e+00 1.120868934721307886e+00 1.150426514436626801e+00 1.191566545420547518e+00 1.244151521469883948e+00 1.306242306963469435e+00 1.377886288134153592e+00 1.458078593454358973e+00 1.545491198732497740e+00
2.608494882604445841e+00 2.318543524232246078e+00 2.066660423578862815e+00 1.850195236700865165e+00 1.666556203001866798e+00 1.513674853525930564e+00 1.388468694350883714e+00 1.288551684414493304e+00 1.212039343779643064e+00 1.156781159275316329e+00 1.120589964428957197e+00 1.102741789694121843e+00 1.100375005493509084e+00 1.113442993346815513e+00 1.139774819121049054e+00 1.179241685280288277e+00 1.230022763765326932e+00 1.291703600343351521e+00 1.362822272721234240e+00 1.443217031682543672e+00 1.532226324954511387e+00 1.628509625625301549e+00
2.510078949877425192e+00 2.226226875050075549e+00 1.981136885539556358e+00 1.772220828600417963e+00 1.597019696763206431e+00 1.452985806777514988e+00 1.336742073942738029e+00 1.246350587179829938e+00 1.179571081834981383e+00 1.133943032349224334e+00 1.107639696777337202e+00 1.099456734416456083e+00 1.107148881627973980e+00 1.130020584994417820e+00 1.166140310495882959e+00 1.214960835575249476e+00 1.275007430771508465e+00 1.345659896633464747e+00 1.426137492319194067e+00 1.515141537804631344e+00 1.612811715245823674e+00 1.717575968684520893e+00
2.418298499463503948e+00 2.140647645955954026e+00 1.902433335209326337e+00 1.701391780556063438e+00 1.534636592395657750e+00 1.399145161353989586e+00 1.291871053286847593e+00 1.211177723094858827e+00 1.153783451813918948e+00 1.117807502498195049e+00 1.101775701175682132e+00 1.103230547569755471e+00 1.120930771189098563e+00 1.153046383459780166e+00 1.198913584747065109e+00 1.256976557002807748e+00 1.326594028202767062e+00 1.406139162202366677e+00 1.495566809347220305e+00 1.593013535128424918e+00 1.699018333750611731e+00 1.812076427122807143e+00
2.332644489488050255e+00 2.061260512730315853e+00 1.830330695877187219e+00 1.637387648723616751e+00 1.478756518396564301e+00 1.351798321246016066e+00 1.253763235348241301e+00 1.182555151395913828e+00 1.134704544939517668e+00 1.108670728238653869e+00 1.102225725939181444e+00 1.113365876405374211e+00 1.140900264816671950e+00 1.182697204246254685e+00 1.238188077574895241e+00 1.305364553048532938e+00 1.384005261823116673e+00 1.472391856549860378e+00 1.570550884846794837e+00 1.676822220840247457e+00 1.790957954149305920e+00 1.912108281034408108e+00
2.253399443210439390e+00 1.988492038474670709e+00 1.764682060451555623e+00 1.579416159956140264e+00 1.429072672494091867e+00 1.310793576430153262e+00 1.222398086310052756e+00 1.160474581958700790e+00 1.122128629958074830e+00 1.105988627091924359e+00 1.109182209680564357e+00 1.130147693438647183e+00 1.167218012706805474e+00 1.218274825769412262e+00 1.283167825089911895e+00 1.359502463228822622e+00 1.447375171874220934e+00 1.544650506568373771e+00 1.651224614802772273e+00 1.765716850447665909e+00 1.887854901836443888e+00 2.016952976039953160e+00
2.179861999020029639e+00 1.921571140308111270e+00 1.704950328234910550e+00 1.527416524082573668e+00 1.385290862298828474e+00 1.276298084660411281e+00 1.196863780337388272e+00 1.144281661511066917e+00 1.115543276162674902e+00 1.109082306679436636e+00 1.121863021062657451e+00 1.152668217431896291e+00 1.199151833593793404e+00 1.259999396434505314e+00 1.333999215045690301e+00 1.419548466998878267e+00 1.515942354777741974e+00 1.621958426353647509e+00 1.736864372871852913e+00 1.859848481186768820e+00 1.989855590675922548e+00 2.126725061527896976e+00
2.112026735878584915e+00 1.860051221689454692e+00 1.650696100389126064e+00 1.480988869025359422e+00 1.347424839345179537e+00 1.247413987561620585e+00 1.177056979724131480e+00 1.133795747593216774e+00 1.114820678414308874e+00 1.117909657105865540e+00 1.140457286225176503e+00 1.180959349016718507e+00 1.236605319032854977e+00 1.306928550065096228e+00 1.389969627513715889e+00 1.484611824284389536e+00 1.589841571150389932e+00 1.704489087906244205e+00 1.827595410612576021e+00 1.958675087185687058e+00 2.096388213490863350e+00 2.240737658622522499e+00
2.049202574639954921e+00 1.804007100599700930e+00 1.601922819448369895e+00 1.440149687605437379e+00 1.315201304545014382e+00 1.224002163542973642e+00 1.162710994152008848e+00 1.128820385459552433e+00 1.119736337014672678e+00 1.132338000232046005e+00 1.164352975484409969e+00 1.214371133285834681e+00 1.279537783536240703e+00 1.359214228118677870e+00 1.451233227054404828e+00 1.554827246381582428e+00 1.668397024331539136e+00 1.791515497478462393e+00 1.922772275930350050e+00 2.061768457193819959e+00 2.207414580671217319e+00 2.359109361031143326e+00
1.991356390064061843e+00 1.752844728151967235e+00 1.558193887336307260e+00 1.404729461140374447e+00 1.288163053439448147e+00 1.205712499058931186e+00 1.153584648721902584e+00 1.129527634949019754e+00 1.129623405776228218e+00 1.151721154186675644e+00 1.193423968764792287e+00 1.252812195721737520e+00 1.327346869385451100e+00 1.416175652498959936e+00 1.517129865510590925e+00 1.629505089713678023e+00 1.751816913107587137e+00 1.883212900520607302e+00 2.022555299729944522e+00 2.169255907681529205e+00 2.322278527574890727e+00 2.481229055897886226e+00
1.938488620956089648e+00 1.706441410786076140e+00 1.519669312701620312e+00 1.374087755632311669e+00 1.265968739241544405e+00 1.192470145214833410e+00 1.149461173783432599e+00 1.134938103246176944e+00 1.144435406688103285e+00 1.176003412293276096e+00 1.227329667343991737e+00 1.296250007651162051e+00 1.380159476994959444e+00 1.477979568286523993e+00 1.587901197364293804e+00 1.708632194609966737e+00 1.839450200708868666e+00 1.978887430750279286e+00 2.126218258303249176e+00 2.280515124981003172e+00 2.441130957976283877e+00 2.607232862484927693e+00
1.889867773299026332e+00 1.665113546992138760e+00 1.485635155041123756e+00 1.348109660150185185e+00 1.248561801672151583e+00 1.183889284361411054e+00 1.150276516684632044e+00 1.144990098422950853e+00 1.163927880202648257e+00 1.205110930648071399e+00 1.266034476678239429e+00 1.344012120826817203e+00 1.437217898822670037e+00 1.543967996526521613e+00 1.662752422535679564e+00 1.792158021881965713e+00 1.931324757230621803e+00 2.078767407312235971e+00 2.233900846201735124e+00 2.395475688034276462e+00 2.563385385142722406e+00 2.736511815313428908e+00
1.845769602499426121e+00 1.627954657991407261e+00 1.455994781753386036e+00 1.326658163037398142e+00 1.235526684355920057e+00 1.179847661625976096e+00 1.155498493684724126e+00 1.159535949382841213e+00 1.187866443828176077e+00 1.238847400693663392e+00 1.308903413665443383e+00 1.396115473473416690e+00 1.498498345257892161e+00 1.614087317173903191e+00 1.741652429514563671e+00 1.879459696487134623e+00 2.026857587445557662e+00 2.182181194452104123e+00 2.345005067925725051e+00 2.514192586499803816e+00 2.689185001974683242e+00 2.869199262122019700e+00
1.805738882764818642e+00 1.594925839295688652e+00 1.430667656979645708e+00 1.309070534227248173e+00 1.226776062985215576e+00 1.180232693357397000e+00 1.165022408164254175e+00 1.178316764383423365e+00 1.216075155319282786e+00 1.276538433073941103e+00 1.355870028779072145e+00 1.452419189642980113e+00 1.563776973527838621e+00 1.688382920178946645e+00 1.824576316163331713e+00 1.970702891035497561e+00 2.126222920435164365e+00 2.289164121167612809e+00 2.459488630654242503e+00 2.635997286337821599e+00 2.817968481705175332e+00 3.004672367011226974e+00
1.769574982731176194e+00 1.565574731303796430e+00 1.408944444254558892e+00 1.295752380647436919e+00 1.222339984754838849e+00 1.184577754361894497e+00 1.178512641184486176e+00 1.201081184164199733e+00 1.248402968611166397e+00 1.318178464351955403e+00 1.406741981209585379e+00 1.512560030111426812e+00 1.633033001025890218e+00 1.766273482094218972e+00 1.910925878369177155e+00 2.065324954986454742e+00 2.228795932280697389e+00 2.399681844018136445e+00 2.577407635657458673e+00 2.761042108829168562e+00 2.949919916225577143e+00 3.143002948600805535e+00
1.736842202906504928e+00 1.540159885044224630e+00 1.391324633569199776e+00 1.286425104953353271e+00 1.221615172394083570e+00 1.192739037779695588e+00 1.195837085339227057e+00 1.227737678088199447e+00 1.284488366240106760e+00 1.363560966574801858e+00 1.461339826111833329e+00 1.576543880446692025e+00 1.705657918328500111e+00 1.847648471415699989e+00 2.000679987135655757e+00 2.163286037920892912e+00 2.334612464341384364e+00 2.513079353375866631e+00 2.698148744577938185e+00 2.888793927770884729e+00 3.084441824701343648e+00 3.284178930719879208e+00
1.708024473923530850e+00 1.518501418118754609e+00 1.377405702936896681e+00 1.280792674782477825e+00 1.224497963166576886e+00 1.204586372066781985e+00 1.216743405729512562e+00 1.258097646219540344e+00 1.324124815407519584e+00 1.412470230929579795e+00 1.519546680810919925e+00 1.643752917262554458e+00 1.781668948688386322e+00 1.932315917600845534e+00 2.093663283205533077e+00 2.264366880126403192e+00 2.443466774288963528e+00 2.629425205237854613e+00 2.821701750618017535e+00 3.019251649780619218e+00 3.221596352106839145e+00 3.427599869862270943e+00
1.682306481225919415e+00 1.500194347672235917e+00 1.366869835246362852e+00 1.278466976952756573e+00 1.230777112540022200e+00 1.219581579711223940e+00 1.241148457434260610e+00 1.291893212149482606e+00 1.367158925143620918e+00 1.464738412743868512e+00 1.581043059015466712e+00 1.714197392701877432e+00 1.860915587232568447e+00 2.020079538955831033e+00 2.189895812551822196e+00 2.368588299916684736e+00 2.555388810888204798e+00 2.748717931056879671e+00 2.948145833503430513e+00 3.152414139573805230e+00 3.361276215043405458e+00 3.573564834338525120e+00
1.659972858856792799e+00 1.484824389096178754e+00 1.359308145131944645e+00 1.279142100116572589e+00 1.240075635371623797e+00 1.238051351671796807e+00 1.268929789690194543e+00 1.328868849915517014e+00 1.413372000202239853e+00 1.520205027027172306e+00 1.645647602486630889e+00 1.787698789322043957e+00 1.943193821032190627e+00 2.110766033141578735e+00 2.288799908281729856e+00 2.475363524502311563e+00 2.669794769753929931e+00 2.870395718652461792e+00 3.076807565320645477e+00 3.287796392244507260e+00 3.502978613530993712e+00 3.721508292650084204e+00
1.640611955159679392e+00 1.472707344963777087e+00 1.355025757724016566e+00 1.283112021605050446e+00 1.252745084698612121e+00 1.259740399213877593e+00 1.299724840048733565e+00 1.368870886574397039e+00 1.462608471203339144e+00 1.578707076256819386e+00 1.713186992082052607e+00 1.864106319770670428e+00 2.028274760306438385e+00 2.204419877868911470e+00 2.390377674656247731e+00 2.584742757600697161e+00 2.786677046157508553e+00 2.994495477456953658e+00 3.207765926040701654e+00 3.425405000820056944e+00 3.646818417461113349e+00 3.871444768619494603e+00
