2.799999999999999972e-03 2.899999999999999800e-03 2.999999999999999629e-03 3.099999999999999457e-03 3.199999999999999286e-03 3.299999999999999115e-03 3.399999999999998943e-03 3.499999999999998772e-03 3.599999999999998600e-03 3.699999999999998429e-03 3.799999999999998258e-03 3.899999999999998086e-03 3.999999999999998349e-03 4.099999999999997743e-03 4.199999999999997138e-03 4.299999999999997401e-03 4.399999999999997663e-03 4.499999999999997058e-03 4.599999999999996453e-03 4.699999999999996715e-03 4.799999999999996977e-03 4.899999999999996372e-03
2.799999999999999972e-03 2.899999999999999800e-03 2.999999999999999629e-03 3.099999999999999457e-03 3.199999999999999286e-03 3.299999999999999115e-03 3.399999999999998943e-03 3.499999999999998772e-03 3.599999999999998600e-03 3.699999999999998429e-03 3.799999999999998258e-03 3.899999999999998086e-03 3.999999999999998349e-03 4.099999999999997743e-03 4.199999999999997138e-03 4.299999999999997401e-03 4.399999999999997663e-03 4.499999999999997058e-03 4.599999999999996453e-03 4.699999999999996715e-03 4.799999999999996977e-03 4.899999999999996372e-03
2.799999999999999972e-03 2.899999999999999800e-03 2.999999999999999629e-03 3.099999999999999457e-03 3.199999999999999286e-03 3.299999999999999115e-03 3.399999999999998943e-03 3.499999999999998772e-03 3.599999999999998600e-03 3.699999999999998429e-03 3.799999999999998258e-03 3.899999999999998086e-03 3.999999999999998349e-03 4.099999999999997743e-03 4.199999999999997138e-03 4.299999999999997401e-03 4.399999999999997663e-03 4.499999999999997058e-03 4.599999999999996453e-03 4.699999999999996715e-03 4.799999999999996977e-03 4.899999999999996372e-03
2.799999999999999972e-03 2.899999999999999800e-03 2.999999999999999629e-03 3.099999999999999457e-03 3.199999999999999286e-03 3.299999999999999115e-03 3.399999999999998943e-03 3.499999999999998772e-03 3.599999999999998600e-03 3.699999999999998429e-03 3.799999999999998258e-03 3.899999999999998086e-03 3.999999999999998349e-03 4.099999999999997743e-03 4.199999999999997138e-03 4.299999999999997401e-03 4.399999999999997663e-03 4.499999999999997058e-03 4.599999999999996453e-03 4.699999999999996715e-03 4.799999999999996977e-03 4.899999999999996372e-03
2.799999999999999972e-03 2.899999999999999800e-03 2.999999999999999629e-03 3.099999999999999457e-03 3.199999999999999286e-03 3.299999999999999115e-03 3.399999999999998943e-03 3.499999999999998772e-03 3.599999999999998600e-03 3.699999999999998429e-03 3.799999999999998258e-03 3.899999999999998086e-03 3.999999999999998349e-03 4.099999999999997743e-03 4.199999999999997138e-03 4.299999999999997401e-03 4.399999999999997663e-03 4.499999999999997058e-03 4.599999999999996453e-03 4.699999999999996715e-03 4.799999999999996977e-03 4.899999999999996372e-03
2.799999999999999972e-03 2.899999999999999800e-03 2.999999999999999629e-03 3.099999999999999457e-03 3.199999999999999286e-03 3.299999999999999115e-03 3.399999999999998943e-03 3.499999999999998772e-03 3.599999999999998600e-03 3.699999999999998429e-03 3.799999999999998258e-03 3.899999999999998086e-03 3.999999999999998349e-03 4.099999999999997743e-03 4.199999999999997138e-03 4.299999999999997401e-03 4.399999999999997663e-03 4.499999999999997058e-03 4.599999999999996453e-03 4.699999999999996715e-03 4.799999999999996977e-03 4.899999999999996372e-03
2.799999999999999972e-03 2.899999999999999800e-03 2.999999999999999629e-03 3.099999999999999457e-03 3.199999999999999286e-03 3.299999999999999115e-03 3.399999999999998943e-03 3.499999999999998772e-03 3.599999999999998600e-03 3.699999999999998429e-03 3.799999999999998258e-03 3.899999999999998086e-03 3.999999999999998349e-03 4.099999999999997743e-03 4.199999999999997138e-03 4.299999999999997401e-03 4.399999999999997663e-03 4.499999999999997058e-03 4.599999999999996453e-03 4.699999999999996715e-03 4.799999999999996977e-03 4.899999999999996372e-03
2.799999999999999972e-03 2.899999999999999800e-03 2.999999999999999629e-03 3.099999999999999457e-03 3.199999999999999286e-03 3.299999999999999115e-03 3.399999999999998943e-03 3.499999999999998772e-03 3.599999999999998600e-03 3.699999999999998429e-03 3.799999999999998258e-03 3.899999999999998086e-03 3.999999999999998349e-03 4.099999999999997743e-03 4.199999999999997138e-03 4.299999999999997401e-03 4.399999999999997663e-03 4.499999999999997058e-03 4.599999999999996453e-03 4.699999999999996715e-03 4.799999999999996977e-03 4.899999999999996372e-03
2.799999999999999972e-03 2.899999999999999800e-03 2.999999999999999629e-03 3.099999999999999457e-03 3.199999999999999286e-03 3.299999999999999115e-03 3.399999999999998943e-03 3.499999999999998772e-03 3.599999999999998600e-03 3.699999999999998429e-03 3.799999999999998258e-03 3.899999999999998086e-03 3.999999999999998349e-03 4.099999999999997743e-03 4.199999999999997138e-03 4.299999999999997401e-03 4.399999999999997663e-03 4.499999999999997058e-03 4.599999999999996453e-03 4.699999999999996715e-03 4.799999999999996977e-03 4.899999999999996372e-03
2.799999999999999972e-03 2.899999999999999800e-03 2.999999999999999629e-03 3.099999999999999457e-03 3.199999999999999286e-03 3.299999999999999115e-03 3.399999999999998943e-03 3.499999999999998772e-03 3.599999999999998600e-03 3.699999999999998429e-03 3.799999999999998258e-03 3.899999999999998086e-03 3.999999999999998349e-03 4.099999999999997743e-03 4.199999999999997138e-03 4.299999999999997401e-03 4.399999999999997663e-03 4.499999999999997058e-03 4.599999999999996453e-03 4.699999999999996715e-03 4.799999999999996977e-03 4.899999999999996372e-03
2.799999999999999972e-03 2.899999999999999800e-03 2.999999999999999629e-03 3.099999999999999457e-03 3.199999999999999286e-03 3.299999999999999115e-03 3.399999999999998943e-03 3.499999999999998772e-03 3.599999999999998600e-03 3.699999999999998429e-03 3.799999999999998258e-03 3.899999999999998086e-03 3.999999999999998349e-03 4.099999999999997743e-03 4.199999999999997138e-03 4.299999999999997401e-03 4.399999999999997663e-03 4.499999999999997058e-03 4.599999999999996453e-03 4.699999999999996715e-03 4.799999999999996977e-03 4.899999999999996372e-03
2.799999999999999972e-03 2.899999999999999800e-03 2.999999999999999629e-03 3.099999999999999457e-03 3.199999999999999286e-03 3.299999999999999115e-03 3.399999999999998943e-03 3.499999999999998772e-03 3.599999999999998600e-03 3.699999999999998429e-03 3.799999999999998258e-03 3.899999999999998086e-03 3.999999999999998349e-03 4.099999999999997743e-03 4.199999999999997138e-03 4.299999999999997401e-03 4.399999999999997663e-03 4.499999999999997058e-03 4.599999999999996453e-03 4.699999999999996715e-03 4.799999999999996977e-03 4.899999999999996372e-03
2.799999999999999972e-03 2.899999999999999800e-03 2.999999999999999629e-03 3.099999999999999457e-03 3.199999999999999286e-03 3.299999999999999115e-03 3.399999999999998943e-03 3.499999999999998772e-03 3.599999999999998600e-03 3.699999999999998429e-03 3.799999999999998258e-03 3.899999999999998086e-03 3.999999999999998349e-03 4.099999999999997743e-03 4.199999999999997138e-03 4.299999999999997401e-03 4.399999999999997663e-03 4.499999999999997058e-03 4.599999999999996453e-03 4.699999999999996715e-03 4.799999999999996977e-03 4.899999999999996372e-03
2.799999999999999972e-03 2.899999999999999800e-03 2.999999999999999629e-03 3.099999999999999457e-03 3.199999999999999286e-03 3.299999999999999115e-03 3.399999999999998943e-03 3.499999999999998772e-03 3.599999999999998600e-03 3.699999999999998429e-03 3.799999999999998258e-03 3.899999999999998086e-03 3.999999999999998349e-03 4.099999999999997743e-03 4.199999999999997138e-03 4.299999999999997401e-03 4.399999999999997663e-03 4.499999999999997058e-03 4.599999999999996453e-03 4.699999999999996715e-03 4.799999999999996977e-03 4.899999999999996372e-03
2.799999999999999972e-03 2.899999999999999800e-03 2.999999999999999629e-03 3.099999999999999457e-03 3.199999999999999286e-03 3.299999999999999115e-03 3.399999999999998943e-03 3.499999999999998772e-03 3.599999999999998600e-03 3.699999999999998429e-03 3.799999999999998258e-03 3.899999999999998086e-03 3.999999999999998349e-03 4.099999999999997743e-03 4.199999999999997138e-03 4.299999999999997401e-03 4.399999999999997663e-03 4.499999999999997058e-03 4.599999999999996453e-03 4.699999999999996715e-03 4.799999999999996977e-03 4.899999999999996372e-03
2.799999999999999972e-03 2.899999999999999800e-03 2.999999999999999629e-03 3.099999999999999457e-03 3.199999999999999286e-03 3.299999999999999115e-03 3.399999999999998943e-03 3.499999999999998772e-03 3.599999999999998600e-03 3.699999999999998429e-03 3.799999999999998258e-03 3.899999999999998086e-03 3.999999999999998349e-03 4.099999999999997743e-03 4.199999999999997138e-03 4.299999999999997401e-03 4.399999999999997663e-03 4.499999999999997058e-03 4.599999999999996453e-03 4.699999999999996715e-03 4.799999999999996977e-03 4.899999999999996372e-03
2.799999999999999972e-03 2.899999999999999800e-03 2.999999999999999629e-03 3.099999999999999457e-03 3.199999999999999286e-03 3.299999999999999115e-03 3.399999999999998943e-03 3.499999999999998772e-03 3.599999999999998600e-03 3.699999999999998429e-03 3.799999999999998258e-03 3.899999999999998086e-03 3.999999999999998349e-03 4.099999999999997743e-03 4.199999999999997138e-03 4.299999999999997401e-03 4.399999999999997663e-03 4.499999999999997058e-03 4.599999999999996453e-03 4.699999999999996715e-03 4.799999999999996977e-03 4.899999999999996372e-03
2.799999999999999972e-03 2.899999999999999800e-03 2.999999999999999629e-03 3.099999999999999457e-03 3.199999999999999286e-03 3.299999999999999115e-03 3.399999999999998943e-03 3.499999999999998772e-03 3.599999999999998600e-03 3.699999999999998429e-03 3.799999999999998258e-03 3.899999999999998086e-03 3.999999999999998349e-03 4.099999999999997743e-03 4.199999999999997138e-03 4.299999999999997401e-03 4.399999999999997663e-03 4.499999999999997058e-03 4.599999999999996453e-03 4.699999999999996715e-03 4.799999999999996977e-03 4.899999999999996372e-03
2.799999999999999972e-03 2.899999999999999800e-03 2.999999999999999629e-03 3.099999999999999457e-03 3.199999999999999286e-03 3.299999999999999115e-03 3.399999999999998943e-03 3.499999999999998772e-03 3.599999999999998600e-03 3.699999999999998429e-03 3.799999999999998258e-03 3.899999999999998086e-03 3.999999999999998349e-03 4.099999999999997743e-03 4.199999999999997138e-03 4.299999999999997401e-03 4.399999999999997663e-03 4.499999999999997058e-03 4.599999999999996453e-03 4.699999999999996715e-03 4.799999999999996977e-03 4.899999999999996372e-03
2.799999999999999972e-03 2.899999999999999800e-03 2.999999999999999629e-03 3.099999999999999457e-03 3.199999999999999286e-03 3.299999999999999115e-03 3.399999999999998943e-03 3.499999999999998772e-03 3.599999999999998600e-03 3.699999999999998429e-03 3.799999999999998258e-03 3.899999999999998086e-03 3.999999999999998349e-03 4.099999999999997743e-03 4.199999999999997138e-03 4.299999999999997401e-03 4.399999999999997663e-03 4.499999999999997058e-03 4.599999999999996453e-03 4.699999999999996715e-03 4.799999999999996977e-03 4.899999999999996372e-03
2.799999999999999972e-03 2.899999999999999800e-03 2.999999999999999629e-03 3.099999999999999457e-03 3.199999999999999286e-03 3.299999999999999115e-03 3.399999999999998943e-03 3.499999999999998772e-03 3.599999999999998600e-03 3.699999999999998429e-03 3.799999999999998258e-03 3.899999999999998086e-03 3.999999999999998349e-03 4.099999999999997743e-03 4.199999999999997138e-03 4.299999999999997401e-03 4.399999999999997663e-03 4.499999999999997058e-03 4.599999999999996453e-03 4.699999999999996715e-03 4.799999999999996977e-03 4.899999999999996372e-03
2.799999999999999972e-03 2.899999999999999800e-03 2.999999999999999629e-03 3.099999999999999457e-03 3.199999999999999286e-03 3.299999999999999115e-03 3.399999999999998943e-03 3.499999999999998772e-03 3.599999999999998600e-03 3.699999999999998429e-03 3.799999999999998258e-03 3.899999999999998086e-03 3.999999999999998349e-03 4.099999999999997743e-03 4.199999999999997138e-03 4.299999999999997401e-03 4.399999999999997663e-03 4.499999999999997058e-03 4.599999999999996453e-03 4.699999999999996715e-03 4.799999999999996977e-03 4.899999999999996372e-03
2.799999999999999972e-03 2.899999999999999800e-03 2.999999999999999629e-03 3.099999999999999457e-03 3.199999999999999286e-03 3.299999999999999115e-03 3.399999999999998943e-03 3.499999999999998772e-03 3.599999999999998600e-03 3.699999999999998429e-03 3.799999999999998258e-03 3.899999999999998086e-03 3.999999999999998349e-03 4.099999999999997743e-03 4.199999999999997138e-03 4.299999999999997401e-03 4.399999999999997663e-03 4.499999999999997058e-03 4.599999999999996453e-03 4.699999999999996715e-03 4.799999999999996977e-03 4.899999999999996372e-03
2.799999999999999972e-03 2.899999999999999800e-03 2.999999999999999629e-03 3.099999999999999457e-03 3.199999999999999286e-03 3.299999999999999115e-03 3.399999999999998943e-03 3.499999999999998772e-03 3.599999999999998600e-03 3.699999999999998429e-03 3.799999999999998258e-03 3.899999999999998086e-03 3.999999999999998349e-03 4.099999999999997743e-03 4.199999999999997138e-03 4.299999999999997401e-03 4.399999999999997663e-03 4.499999999999997058e-03 4.599999999999996453e-03 4.699999999999996715e-03 4.799999999999996977e-03 4.899999999999996372e-03
2.799999999999999972e-03 2.899999999999999800e-03 2.999999999999999629e-03 3.099999999999999457e-03 3.199999999999999286e-03 3.299999999999999115e-03 3.399999999999998943e-03 3.499999999999998772e-03 3.599999999999998600e-03 3.699999999999998429e-03 3.799999999999998258e-03 3.899999999999998086e-03 3.999999999999998349e-03 4.099999999999997743e-03 4.199999999999997138e-03 4.299999999999997401e-03 4.399999999999997663e-03 4.499999999999997058e-03 4.599999999999996453e-03 4.699999999999996715e-03 4.799999999999996977e-03 4.899999999999996372e-03
2.799999999999999972e-03 2.899999999999999800e-03 2.999999999999999629e-03 3.099999999999999457e-03 3.199999999999999286e-03 3.299999999999999115e-03 3.399999999999998943e-03 3.499999999999998772e-03 3.599999999999998600e-03 3.699999999999998429e-03 3.799999999999998258e-03 3.899999999999998086e-03 3.999999999999998349e-03 4.099999999999997743e-03 4.199999999999997138e-03 4.299999999999997401e-03 4.399999999999997663e-03 4.499999999999997058e-03 4.599999999999996453e-03 4.699999999999996715e-03 4.799999999999996977e-03 4.899999999999996372e-03
2.799999999999999972e-03 2.899999999999999800e-03 2.999999999999999629e-03 3.099999999999999457e-03 3.199999999999999286e-03 3.299999999999999115e-03 3.399999999999998943e-03 3.499999999999998772e-03 3.599999999999998600e-03 3.699999999999998429e-03 3.799999999999998258e-03 3.899999999999998086e-03 3.999999999999998349e-03 4.099999999999997743e-03 4.199999999999997138e-03 4.299999999999997401e-03 4.399999999999997663e-03 4.499999999999997058e-03 4.599999999999996453e-03 4.699999999999996715e-03 4.799999999999996977e-03 4.899999999999996372e-03
2.799999999999999972e-03 2.899999999999999800e-03 2.999999999999999629e-03 3.099999999999999457e-03 3.199999999999999286e-03 3.299999999999999115e-03 3.399999999999998943e-03 3.499999999999998772e-03 3.599999999999998600e-03 3.699999999999998429e-03 3.799999999999998258e-03 3.899999999999998086e-03 3.999999999999998349e-03 4.099999999999997743e-03 4.199999999999997138e-03 4.299999999999997401e-03 4.399999999999997663e-03 4.499999999999997058e-03 4.599999999999996453e-03 4.699999999999996715e-03 4.799999999999996977e-03 4.899999999999996372e-03
2.799999999999999972e-03 2.899999999999999800e-03 2.999999999999999629e-03 3.099999999999999457e-03 3.199999999999999286e-03 3.299999999999999115e-03 3.399999999999998943e-03 3.499999999999998772e-03 3.599999999999998600e-03 3.699999999999998429e-03 3.799999999999998258e-03 3.899999999999998086e-03 3.999999999999998349e-03 4.099999999999997743e-03 4.199999999999997138e-03 4.299999999999997401e-03 4.399999999999997663e-03 4.499999999999997058e-03 4.599999999999996453e-03 4.699999999999996715e-03 4.799999999999996977e-03 4.899999999999996372e-03
2.799999999999999972e-03 2.899999999999999800e-03 2.999999999999999629e-03 3.099999999999999457e-03 3.199999999999999286e-03 3.299999999999999115e-03 3.399999999999998943e-03 3.499999999999998772e-03 3.599999999999998600e-03 3.699999999999998429e-03 3.799999999999998258e-03 3.899999999999998086e-03 3.999999999999998349e-03 4.099999999999997743e-03 4.199999999999997138e-03 4.299999999999997401e-03 4.399999999999997663e-03 4.499999999999997058e-03 4.599999999999996453e-03 4.699999999999996715e-03 4.799999999999996977e-03 4.899999999999996372e-03
