5.000000000000000104e-04 1.500000000000000031e-03 2.500000000000000052e-03 3.500000000000000073e-03 4.500000000000000527e-03 5.499999999999999681e-03 6.500000000000000569e-03 7.499999999999999722e-03 8.500000000000000611e-03 9.500000000000001499e-03
5.000000000000000104e-04 1.500000000000000031e-03 2.500000000000000052e-03 3.500000000000000073e-03 4.500000000000000527e-03 5.499999999999999681e-03 6.500000000000000569e-03 7.499999999999999722e-03 8.500000000000000611e-03 9.500000000000001499e-03
5.000000000000000104e-04 1.500000000000000031e-03 2.500000000000000052e-03 3.500000000000000073e-03 4.500000000000000527e-03 5.499999999999999681e-03 6.500000000000000569e-03 7.499999999999999722e-03 8.500000000000000611e-03 9.500000000000001499e-03
5.000000000000000104e-04 1.500000000000000031e-03 2.500000000000000052e-03 3.500000000000000073e-03 4.500000000000000527e-03 5.499999999999999681e-03 6.500000000000000569e-03 7.499999999999999722e-03 8.500000000000000611e-03 9.500000000000001499e-03
5.000000000000000104e-04 1.500000000000000031e-03 2.500000000000000052e-03 3.500000000000000073e-03 4.500000000000000527e-03 5.499999999999999681e-03 6.500000000000000569e-03 7.499999999999999722e-03 8.500000000000000611e-03 9.500000000000001499e-03
5.000000000000000104e-04 1.500000000000000031e-03 2.500000000000000052e-03 3.500000000000000073e-03 4.500000000000000527e-03 5.499999999999999681e-03 6.500000000000000569e-03 7.499999999999999722e-03 8.500000000000000611e-03 9.500000000000001499e-03
5.000000000000000104e-04 1.500000000000000031e-03 2.500000000000000052e-03 3.500000000000000073e-03 4.500000000000000527e-03 5.499999999999999681e-03 6.500000000000000569e-03 7.499999999999999722e-03 8.500000000000000611e-03 9.500000000000001499e-03
5.000000000000000104e-04 1.500000000000000031e-03 2.500000000000000052e-03 3.500000000000000073e-03 4.500000000000000527e-03 5.499999999999999681e-03 6.500000000000000569e-03 7.499999999999999722e-03 8.500000000000000611e-03 9.500000000000001499e-03
5.000000000000000104e-04 1.500000000000000031e-03 2.500000000000000052e-03 3.500000000000000073e-03 4.500000000000000527e-03 5.499999999999999681e-03 6.500000000000000569e-03 7.499999999999999722e-03 8.500000000000000611e-03 9.500000000000001499e-03
5.000000000000000104e-04 1.500000000000000031e-03 2.500000000000000052e-03 3.500000000000000073e-03 4.500000000000000527e-03 5.499999999999999681e-03 6.500000000000000569e-03 7.499999999999999722e-03 8.500000000000000611e-03 9.500000000000001499e-03
5.000000000000000104e-04 1.500000000000000031e-03 2.500000000000000052e-03 3.500000000000000073e-03 4.500000000000000527e-03 5.499999999999999681e-03 6.500000000000000569e-03 7.499999999999999722e-03 8.500000000000000611e-03 9.500000000000001499e-03
5.000000000000000104e-04 1.500000000000000031e-03 2.500000000000000052e-03 3.500000000000000073e-03 4.500000000000000527e-03 5.499999999999999681e-03 6.500000000000000569e-03 7.499999999999999722e-03 8.500000000000000611e-03 9.500000000000001499e-03
5.000000000000000104e-04 1.500000000000000031e-03 2.500000000000000052e-03 3.500000000000000073e-03 4.500000000000000527e-03 5.499999999999999681e-03 6.500000000000000569e-03 7.499999999999999722e-03 8.500000000000000611e-03 9.500000000000001499e-03
5.000000000000000104e-04 1.500000000000000031e-03 2.500000000000000052e-03 3.500000000000000073e-03 4.500000000000000527e-03 5.499999999999999681e-03 6.500000000000000569e-03 7.499999999999999722e-03 8.500000000000000611e-03 9.500000000000001499e-03
5.000000000000000104e-04 1.500000000000000031e-03 2.500000000000000052e-03 3.500000000000000073e-03 4.500000000000000527e-03 5.499999999999999681e-03 6.500000000000000569e-03 7.499999999999999722e-03 8.500000000000000611e-03 9.500000000000001499e-03
5.000000000000000104e-04 1.500000000000000031e-03 2.500000000000000052e-03 3.500000000000000073e-03 4.500000000000000527e-03 5.499999999999999681e-03 6.500000000000000569e-03 7.499999999999999722e-03 8.500000000000000611e-03 9.500000000000001499e-03
5.000000000000000104e-04 1.500000000000000031e-03 2.500000000000000052e-03 3.500000000000000073e-03 4.500000000000000527e-03 5.499999999999999681e-03 6.500000000000000569e-03 7.499999999999999722e-03 8.500000000000000611e-03 9.500000000000001499e-03
5.000000000000000104e-04 1.500000000000000031e-03 2.500000000000000052e-03 3.500000000000000073e-03 4.500000000000000527e-03 5.499999999999999681e-03 6.500000000000000569e-03 7.499999999999999722e-03 8.500000000000000611e-03 9.500000000000001499e-03
5.000000000000000104e-04 1.500000000000000031e-03 2.500000000000000052e-03 3.500000000000000073e-03 4.500000000000000527e-03 5.499999999999999681e-03 6.500000000000000569e-03 7.499999999999999722e-03 8.500000000000000611e-03 9.500000000000001499e-03
