3.502184498268105017e+03 2.699243717808140097e+00
3.512199629671760704e+03 3.958672356624803879e+00
3.636084717658411591e+03 1.683543114897153137e+00
3.638265603880991875e+03 7.394014513226994101e-01
3.650576859270708610e+03 8.888440394395994426e-01
3.677578602030933325e+03 1.067189948701332547e+00
3.683062371920217629e+03 1.216691694354764097e+00
3.688757218424813800e+03 3.518162558387454730e+00
3.694067634378099228e+03 1.688000841381663619e+00
3.698778842349241586e+03 8.016522248171455978e-01
3.700705632409596092e+03 1.249585441803374941e+00
3.706412195855385107e+03 1.498544297883508181e+00
