4.022356807316613867e+03 4.340361678454838223e-01
4.025051774914463294e+03 3.266867652729883997e-01
4.030154919480517492e+03 4.907811266660148108e-01
4.033494021250349306e+03 4.693685593293146496e-01
4.037094835061185222e+03 4.414641644350256744e-01
4.055524444987104744e+03 4.990262958608742139e-01
4.058934339235540392e+03 4.484120829626538907e-01
4.062652367258444428e+03 4.503120239566387739e-01
4.071940677975946073e+03 4.588661469978803087e-01
4.075612987020984292e+03 4.378188829272480764e-01
4.079390201054045974e+03 5.499522141620775129e-01
4.083042844862437960e+03 4.191092898963852953e-01
4.085012156286413756e+03 4.948717327660827059e-01
4.088197197267248157e+03 4.978754840802259163e-01
4.091581744265063662e+03 5.187104393400829849e-01
4.095285937119844675e+03 5.188747143365183279e-01
4.096911357086628414e+03 5.264950196833533269e-01
4.103707708073859976e+03 1.170536802261359810e+00
4.127410266246021820e+03 5.581027602941186494e-01
4.131020028821182677e+03 4.769487546267132116e-01
4.134729082580146496e+03 4.388455520942604049e-01
4.138902987917773316e+03 4.933796022616808719e-01
4.141308929348168022e+03 3.492394430228484281e-01
4.144405609335752160e+03 4.545552358857273823e-01
4.147721206977756083e+03 5.026991766057248290e-01
4.151258986377692054e+03 5.512852731516272309e-01
4.153014997010963270e+03 4.454758464510804594e-01
4.155171662939603266e+03 5.733549430680785486e-01
4.156925416042516190e+03 5.522951050673760021e-01
4.159975796393660858e+03 1.020622688685587365e+00
4.163906664787158661e+03 1.099270357087958949e+00
