4.577481350240701431e+03 2.821742320159156492e+00
4.777468862211075248e+03 2.094895834435646975e+00
4.793784989475464499e+03 4.887955660106463318e-01
4.874342370173088057e+03 7.949319416822581141e-01
4.901714617335478579e+03 6.362505602681365335e-01
4.918133092439529719e+03 1.133028588379870083e+00
4.919835560540551342e+03 4.857460543269214170e-01
4.921426288921399646e+03 2.998106359154137368e-01
4.934845303696545670e+03 9.989902627345429442e-01
4.936874421180564241e+03 5.365542715314932654e-01
4.939259867801038126e+03 4.797253792624336377e-01
4.942515649000006306e+03 3.864796240191883392e-01
4.947393208180383226e+03 9.343152170441252347e-01
4.954338213577656461e+03 4.915556391166027161e-01
4.957457277100184001e+03 4.775161020268595680e-01
4.971431891392147008e+03 9.218265393329273805e-02
4.979687429477216028e+03 1.229720373766638897e+00
5.000811691105897808e+03 5.786181343464795734e-01
5.005034659991802982e+03 1.613974119778066152e+00
5.007964179597208386e+03 8.266464276680173251e-01
5.010301007657838454e+03 3.991998470093430229e-01
5.030497098626497063e+03 4.354609413303718313e-01
5.036620766193421332e+03 5.003212587767704722e-01
5.053512938340311848e+03 4.585856225539236553e-01
5.060145852839948930e+03 4.696096849761439707e-01
5.098015016274035588e+03 7.565418428969759024e-01
5.100084357172067939e+03 1.245908944295104348e+00
5.110849469103080082e+03 5.545255426053518066e-01
5.163874440098636114e+03 8.807403965264027912e-01
5.188208940464940497e+03 5.008554654319676835e-01
5.317572700539348261e+03 6.132865575718138285e-01
