3.185621573051631913e+03 7.362772906294228203e-01
3.205279982139482854e+03 2.524444779338352429e+00
3.206995046533582808e+03 2.787182896582308445e+00
3.231848262782205893e+03 4.757006637938512306e-01
3.247543957871626390e+03 5.731937752200702008e-01
3.249797113435071878e+03 4.654021109116128763e-01
3.251876820643029532e+03 4.125289974541111460e-01
3.255545926500410587e+03 8.093801916145815234e-01
3.314775391714224497e+03 2.859681490001945381e+00
3.326709366270388273e+03 1.428325158714144560e+00
3.328652628141088826e+03 3.789075520789634277e-01
3.331906420993595475e+03 5.096505024156767760e-01
3.341206152885220035e+03 3.729938938071845067e-01
3.349372056962939496e+03 4.710820352208471284e-01
3.408371640345599189e+03 5.124929645762975605e-01
