7.662014632540627645e+03 6.733918457031250000e+02
7.662034632369924111e+03 6.612443237304687500e+02
7.662054632199219668e+03 6.556832275390625000e+02
7.662074632028517044e+03 6.565405273437500000e+02
7.662094631857812601e+03 6.737565307617187500e+02
7.662114631687108158e+03 6.806278076171875000e+02
7.662134631516404625e+03 6.846286621093750000e+02
7.662154631345700182e+03 6.859064331054687500e+02
7.662174631174996648e+03 6.841610107421875000e+02
7.662194631004293115e+03 6.854719238281250000e+02
7.662214630833588672e+03 6.867592773437500000e+02
7.662234630662884229e+03 6.853775024414062500e+02
7.662254630492181604e+03 6.835350952148437500e+02
7.662274630321477161e+03 6.825177001953125000e+02
7.662294630150773628e+03 6.818963012695312500e+02
7.662314629980069185e+03 6.804353027343750000e+02
7.662334629809364742e+03 6.778045043945312500e+02
7.662354629638662118e+03 6.775481567382812500e+02
7.662374629467957675e+03 6.805911865234375000e+02
7.662394629297254141e+03 6.842278442382812500e+02
7.662414629126549698e+03 6.876598510742187500e+02
7.662434628955845255e+03 6.892985229492187500e+02
7.662454628785142631e+03 6.860978393554687500e+02
7.662474628614438188e+03 6.867478637695312500e+02
7.662494628443733745e+03 6.856796875000000000e+02
7.662514628273030212e+03 6.836345214843750000e+02
7.662534628102325769e+03 6.807628784179687500e+02
7.662554627931622235e+03 6.822503051757812500e+02
7.662574627760918702e+03 6.841695556640625000e+02
7.662594627590214259e+03 6.861011962890625000e+02
7.662614627419510725e+03 6.846828613281250000e+02
7.662634627248806282e+03 6.855692749023437500e+02
7.662654627078102749e+03 6.863916015625000000e+02
7.662674626907399215e+03 6.861455688476562500e+02
7.662694626736694772e+03 6.861446533203125000e+02
7.662714626565991239e+03 6.864311523437500000e+02
7.662734626395286796e+03 6.858101196289062500e+02
7.662754626224583262e+03 6.800979614257812500e+02
7.662774626053879729e+03 6.797291259765625000e+02
7.662794625883175286e+03 6.805385742187500000e+02
7.662814625712470843e+03 6.822756347656250000e+02
7.662834625541767309e+03 6.848591308593750000e+02
7.662854625371063776e+03 6.854722290039062500e+02
7.662874625200360242e+03 6.852856445312500000e+02
7.662894625029655799e+03 6.842540893554687500e+02
7.662914624858951356e+03 6.836093750000000000e+02
7.662934624688247823e+03 6.839387817382812500e+02
7.662954624517544289e+03 6.842807617187500000e+02
7.662974624346840756e+03 6.834404907226562500e+02
7.662994624176136313e+03 6.841693725585937500e+02
7.663014624005431870e+03 6.870647583007812500e+02
7.663034623834728336e+03 6.909172973632812500e+02
7.663054623664024803e+03 6.920959472656250000e+02
7.663074623493320360e+03 6.910859375000000000e+02
7.663094623322616826e+03 6.901085205078125000e+02
7.663114623151912383e+03 6.894595947265625000e+02
7.663134622981208850e+03 6.894089355468750000e+02
7.663154622810505316e+03 6.881668701171875000e+02
7.663174622639800873e+03 6.861744384765625000e+02
7.663194622469097339e+03 6.831334228515625000e+02
7.663214622298392896e+03 6.798984985351562500e+02
7.663234622127689363e+03 6.779123535156250000e+02
7.663254621956985829e+03 6.761776733398437500e+02
7.663274621786281386e+03 6.730789794921875000e+02
7.663294621615577853e+03 6.709007568359375000e+02
7.663314621444873410e+03 6.717113037109375000e+02
7.663334621274169876e+03 6.745786132812500000e+02
7.663354621103466343e+03 6.744840087890625000e+02
7.663374620932761900e+03 6.740145263671875000e+02
7.663394620762057457e+03 6.737093505859375000e+02
7.663414620591353923e+03 6.737612304687500000e+02
7.663434620420650390e+03 6.730410156250000000e+02
7.663454620249945947e+03 6.756822509765625000e+02
7.663474620079242413e+03 6.788911132812500000e+02
7.663494619908537970e+03 6.813733520507812500e+02
7.663514619737834437e+03 6.804091796875000000e+02
7.663534619567130903e+03 6.795391845703125000e+02
7.663554619396426460e+03 6.787910156250000000e+02
7.663574619225722927e+03 6.789046630859375000e+02
7.663594619055018484e+03 6.784384155273437500e+02
7.663614618884314950e+03 6.723613891601562500e+02
7.663634618713611417e+03 6.619351806640625000e+02
7.663654618542906974e+03 6.561527709960937500e+02
7.663674618372203440e+03 6.631802368164062500e+02
7.663694618201498997e+03 6.715920410156250000e+02
7.663714618030794554e+03 6.790800781250000000e+02
7.663734617860091930e+03 6.800350952148437500e+02
7.663754617689387487e+03 6.799442749023437500e+02
7.663774617518683044e+03 6.793115844726562500e+02
7.663794617347979511e+03 6.786755371093750000e+02
7.663814617177275068e+03 6.757906494140625000e+02
7.663834617006572444e+03 6.742816162109375000e+02
7.663854616835868001e+03 6.737823486328125000e+02
7.663874616665164467e+03 6.746691284179687500e+02
7.663894616494460024e+03 6.776662597656250000e+02
7.663914616323755581e+03 6.789012451171875000e+02
7.663934616153052957e+03 6.785863647460937500e+02
7.663954615982348514e+03 6.786012573242187500e+02
7.663974615811644071e+03 6.795065307617187500e+02
7.663994615640940538e+03 6.797088012695312500e+02
7.664014615470237004e+03 6.787062988281250000e+02
7.664034615299532561e+03 6.747164916992187500e+02
7.664054615128829028e+03 6.741092529296875000e+02
7.664074614958124585e+03 6.748200683593750000e+02
7.664094614787421051e+03 6.767018432617187500e+02
7.664114614616717517e+03 6.778107299804687500e+02
7.664134614446013074e+03 6.767595825195312500e+02
7.664154614275309541e+03 6.747902832031250000e+02
7.664174614104605098e+03 6.729773559570312500e+02
7.664194613933901564e+03 6.729743652343750000e+02
7.664214613763198031e+03 6.717591552734375000e+02
7.664234613592493588e+03 6.697088623046875000e+02
7.664254613421790054e+03 6.682687988281250000e+02
7.664274613251085611e+03 6.670302124023437500e+02
7.664294613080381168e+03 6.657323608398437500e+02
7.664314612909678544e+03 6.644171142578125000e+02
7.664334612738974101e+03 6.658215942382812500e+02
7.664354612568269658e+03 6.641431274414062500e+02
7.664374612397566125e+03 6.612389526367187500e+02
7.664394612226861682e+03 6.571909179687500000e+02
7.664414612056159058e+03 6.510745849609375000e+02
7.664434611885454615e+03 6.467336425781250000e+02
7.664454611714750172e+03 6.396314697265625000e+02
7.664474611544046638e+03 6.233824462890625000e+02
7.664494611373342195e+03 5.996157836914062500e+02
7.664514611202639571e+03 5.566353149414062500e+02
7.664534611031935128e+03 4.939722595214843750e+02
7.664554610861230685e+03 3.896195373535156250e+02
7.664574610690527152e+03 2.519470367431640625e+02
7.664594610519822709e+03 1.612099456787109375e+02
7.664614610349119175e+03 1.232621765136718750e+02
7.664634610178415642e+03 1.989933471679687500e+02
7.664654610007711199e+03 2.091412658691406250e+02
7.664674609837006756e+03 2.076481933593750000e+02
7.664694609666303222e+03 1.995035400390625000e+02
7.664714609495599689e+03 2.118309936523437500e+02
7.664734609324896155e+03 1.588537597656250000e+02
7.664754609154191712e+03 9.326155090332031250e+01
7.664774608983487269e+03 3.128537368774414062e+01
7.664794608812783736e+03 1.284192466735839844e+01
7.664814608642080202e+03 1.644732475280761719e+01
7.664834608471376669e+03 4.140973663330078125e+01
7.664854608300672226e+03 1.006219711303710938e+02
7.664874608129967783e+03 2.007675628662109375e+02
7.664894607959265159e+03 2.990032043457031250e+02
7.664914607788560716e+03 3.912359313964843750e+02
7.664934607617856273e+03 4.597352905273437500e+02
7.664954607447152739e+03 5.060706787109375000e+02
7.664974607276448296e+03 5.408588867187500000e+02
7.664994607105745672e+03 5.659938964843750000e+02
7.665014606935041229e+03 5.828313598632812500e+02
7.665034606764336786e+03 5.982103881835937500e+02
7.665054606593633252e+03 6.114313964843750000e+02
7.665074606422928809e+03 6.222319946289062500e+02
7.665094606252226185e+03 6.298363647460937500e+02
7.665114606081521742e+03 6.366870117187500000e+02
7.665134605910817299e+03 6.419124145507812500e+02
7.665154605740113766e+03 6.446779174804687500e+02
7.665174605569409323e+03 6.434442138671875000e+02
7.665194605398705789e+03 6.482827148437500000e+02
7.665214605228002256e+03 6.536456909179687500e+02
7.665234605057297813e+03 6.555839843750000000e+02
7.665254604886593370e+03 6.562954711914062500e+02
7.665274604715889836e+03 6.547124023437500000e+02
7.665294604545186303e+03 6.526476440429687500e+02
7.665314604374482769e+03 6.531196899414062500e+02
7.665334604203778326e+03 6.522283935546875000e+02
7.665354604033073883e+03 6.515476684570312500e+02
7.665374603862370350e+03 6.509609985351562500e+02
7.665394603691666816e+03 6.501940917968750000e+02
7.665414603520963283e+03 6.487843627929687500e+02
7.665434603350258840e+03 6.456568603515625000e+02
7.665454603179554397e+03 6.413659667968750000e+02
7.665474603008850863e+03 6.423141479492187500e+02
7.665494602838147330e+03 6.379248046875000000e+02
7.665514602667442887e+03 6.328675537109375000e+02
7.665534602496739353e+03 6.278863525390625000e+02
7.665554602326034910e+03 6.269144897460937500e+02
7.665574602155330467e+03 6.224416503906250000e+02
7.665594601984627843e+03 6.168001708984375000e+02
7.665614601813923400e+03 6.103179931640625000e+02
7.665634601643219867e+03 5.999628906250000000e+02
7.665654601472515424e+03 5.875780029296875000e+02
7.665674601301811890e+03 5.724487304687500000e+02
7.665694601131108357e+03 5.529355468750000000e+02
7.665714600960403914e+03 5.238348999023437500e+02
7.665734600789700380e+03 4.783389892578125000e+02
7.665754600618995937e+03 4.192545471191406250e+02
7.665774600448292404e+03 3.403648071289062500e+02
7.665794600277588870e+03 2.364091491699218750e+02
7.665814600106884427e+03 1.416189575195312500e+02
7.665834599936179984e+03 6.095818710327148438e+01
7.665854599765476451e+03 2.037165832519531250e+01
7.665874599594772917e+03 1.165487861633300781e+01
7.665894599424069384e+03 2.349570083618164062e+01
7.665914599253364941e+03 5.653055191040039062e+01
7.665934599082660498e+03 1.345171051025390625e+02
7.665954598911956964e+03 2.374293212890625000e+02
7.665974598741253430e+03 3.340526123046875000e+02
7.665994598570549897e+03 4.190437011718750000e+02
7.666014598399845454e+03 4.808089599609375000e+02
7.666034598229141011e+03 5.212554931640625000e+02
7.666054598058437477e+03 5.523057250976562500e+02
7.666074597887733944e+03 5.752609863281250000e+02
7.666094597717029501e+03 5.927024536132812500e+02
7.666114597546325967e+03 6.061588745117187500e+02
7.666134597375621524e+03 6.172487792968750000e+02
7.666154597204917081e+03 6.259499511718750000e+02
7.666174597034214457e+03 6.327367553710937500e+02
7.666194596863510014e+03 6.363868408203125000e+02
7.666214596692806481e+03 6.399604492187500000e+02
7.666234596522102038e+03 6.457224731445312500e+02
7.666254596351397595e+03 6.492474365234375000e+02
7.666274596180694971e+03 6.503419189453125000e+02
7.666294596009990528e+03 6.506212768554687500e+02
7.666314595839286994e+03 6.516706542968750000e+02
7.666334595668582551e+03 6.491368408203125000e+02
7.666354595497878108e+03 6.451328735351562500e+02
7.666374595327175484e+03 6.420697631835937500e+02
7.666394595156471041e+03 6.452790527343750000e+02
7.666414594985766598e+03 6.526768798828125000e+02
7.666434594815063065e+03 6.593142089843750000e+02
7.666454594644358622e+03 6.646547241210937500e+02
7.666474594473655088e+03 6.658267211914062500e+02
7.666494594302951555e+03 6.674337768554687500e+02
7.666514594132247112e+03 6.705193481445312500e+02
7.666534593961543578e+03 6.740762939453125000e+02
7.666554593790840045e+03 6.728768920898437500e+02
7.666574593620135602e+03 6.722720336914062500e+02
7.666594593449432068e+03 6.717994384765625000e+02
7.666614593278727625e+03 6.717678833007812500e+02
7.666634593108024092e+03 6.746989746093750000e+02
7.666654592937320558e+03 6.792302856445312500e+02
7.666674592766616115e+03 6.824580078125000000e+02
7.666694592595912582e+03 6.837722167968750000e+02
7.666714592425208139e+03 6.840685424804687500e+02
7.666734592254503696e+03 6.817567749023437500e+02
7.666754592083801072e+03 6.797898559570312500e+02
7.666774591913096629e+03 6.789603271484375000e+02
7.666794591742392186e+03 6.779730224609375000e+02
7.666814591571688652e+03 6.741373901367187500e+02
7.666834591400984209e+03 6.729834594726562500e+02
7.666854591230281585e+03 6.774821166992187500e+02
7.666874591059577142e+03 6.830086669921875000e+02
7.666894590888873608e+03 6.829065551757812500e+02
7.666914590718169165e+03 6.825946044921875000e+02
7.666934590547464722e+03 6.848654785156250000e+02
7.666954590376762098e+03 6.840760498046875000e+02
7.666974590206057655e+03 6.842973022460937500e+02
7.666994590035353212e+03 6.846047363281250000e+02
7.667014589864649679e+03 6.845032348632812500e+02
7.667034589693945236e+03 6.841375732421875000e+02
7.667054589523241702e+03 6.826361083984375000e+02
7.667074589352538169e+03 6.808539428710937500e+02
7.667094589181833726e+03 6.796099243164062500e+02
7.667114589011130192e+03 6.766768798828125000e+02
7.667134588840425749e+03 6.760377807617187500e+02
7.667154588669722216e+03 6.759988403320312500e+02
7.667174588499018682e+03 6.744398803710937500e+02
7.667194588328314239e+03 6.760421752929687500e+02
7.667214588157610706e+03 6.778296508789062500e+02
7.667234587986906263e+03 6.799569091796875000e+02
7.667254587816202729e+03 6.830425415039062500e+02
7.667274587645499196e+03 6.851378173828125000e+02
7.667294587474794753e+03 6.870868530273437500e+02
7.667314587304090310e+03 6.887463989257812500e+02
7.667334587133386776e+03 6.895292358398437500e+02
7.667354586962683243e+03 6.895211181640625000e+02
7.667374586791978800e+03 6.877745971679687500e+02
7.667394586621275266e+03 6.845880126953125000e+02
7.667414586450570823e+03 6.799632568359375000e+02
7.667434586279868199e+03 6.719735107421875000e+02
7.667454586109163756e+03 6.701450195312500000e+02
7.667474585938459313e+03 6.737761230468750000e+02
7.667494585767755780e+03 6.831806030273437500e+02
7.667514585597051337e+03 6.861911010742187500e+02
7.667534585426348713e+03 6.872875366210937500e+02
7.667554585255644270e+03 6.871447143554687500e+02
7.667574585084939827e+03 6.877960205078125000e+02
7.667594584914236293e+03 6.843614501953125000e+02
7.667614584743531850e+03 6.814160156250000000e+02
7.667634584572828317e+03 6.799957885742187500e+02
7.667654584402124783e+03 6.856796875000000000e+02
7.667674584231420340e+03 6.872207641601562500e+02
7.667694584060715897e+03 6.886828613281250000e+02
7.667714583890012364e+03 6.900470581054687500e+02
7.667734583719308830e+03 6.878594970703125000e+02
7.667754583548605297e+03 6.877193603515625000e+02
7.667774583377900854e+03 6.884578247070312500e+02
7.667794583207196411e+03 6.898580322265625000e+02
7.667814583036492877e+03 6.904063720703125000e+02
7.667834582865789343e+03 6.897340087890625000e+02
7.667854582695085810e+03 6.891582641601562500e+02
7.667874582524381367e+03 6.887008056640625000e+02
7.667894582353676924e+03 6.849804687500000000e+02
7.667914582182973390e+03 6.859129638671875000e+02
7.667934582012269857e+03 6.868150024414062500e+02
7.667954581841565414e+03 6.868151855468750000e+02
7.667974581670861880e+03 6.853908691406250000e+02
7.667994581500157437e+03 6.842142944335937500e+02
7.668014581329453904e+03 6.839828491210937500e+02
7.668034581158750370e+03 6.848666381835937500e+02
7.668054580988045927e+03 6.833598632812500000e+02
7.668074580817342394e+03 6.835266113281250000e+02
7.668094580646637951e+03 6.843570556640625000e+02
7.668114580475934417e+03 6.856843872070312500e+02
7.668134580305230884e+03 6.856896972656250000e+02
7.668154580134526441e+03 6.859653930664062500e+02
7.668174579963822907e+03 6.854432373046875000e+02
7.668194579793118464e+03 6.839579467773437500e+02
7.668214579622414021e+03 6.868786010742187500e+02
7.668234579451711397e+03 6.887250366210937500e+02
7.668254579281006954e+03 6.902723999023437500e+02
7.668274579110302511e+03 6.913921508789062500e+02
7.668294578939598978e+03 6.883910522460937500e+02
7.668314578768895444e+03 6.848188476562500000e+02
7.668334578598191911e+03 6.822330932617187500e+02
7.668354578427487468e+03 6.814093017578125000e+02
7.668374578256783025e+03 6.822789916992187500e+02
7.668394578086079491e+03 6.812061157226562500e+02
7.668414577915375958e+03 6.802619018554687500e+02
7.668434577744672424e+03 6.800292358398437500e+02
7.668454577573967981e+03 6.805123291015625000e+02
7.668474577403263538e+03 6.817479858398437500e+02
7.668494577232560005e+03 6.826029663085937500e+02
7.668514577061856471e+03 6.827318725585937500e+02
7.668534576891152028e+03 6.845248413085937500e+02
7.668554576720448495e+03 6.855418090820312500e+02
7.668574576549744052e+03 6.854766235351562500e+02
7.668594576379039609e+03 6.841020507812500000e+02
7.668614576208336985e+03 6.847873535156250000e+02
7.668634576037632542e+03 6.837912597656250000e+02
7.668654575866929008e+03 6.823934326171875000e+02
7.668674575696224565e+03 6.809761962890625000e+02
7.668694575525520122e+03 6.832675781250000000e+02
7.668714575354817498e+03 6.830883789062500000e+02
7.668734575184113055e+03 6.825568237304687500e+02
7.668754575013409521e+03 6.821262207031250000e+02
7.668774574842705078e+03 6.837124023437500000e+02
7.668794574672000635e+03 6.842512817382812500e+02
7.668814574501298011e+03 6.842478637695312500e+02
7.668834574330593568e+03 6.836798095703125000e+02
7.668854574159889125e+03 6.822606811523437500e+02
7.668874573989185592e+03 6.822199096679687500e+02
7.668894573818481149e+03 6.818599853515625000e+02
7.668914573647778525e+03 6.809944458007812500e+02
7.668934573477074082e+03 6.822089843750000000e+02
7.668954573306369639e+03 6.837352294921875000e+02
7.668974573135666105e+03 6.838027954101562500e+02
7.668994572964961662e+03 6.822739257812500000e+02
