7.662012709580362753e+03 1.437543487548828125e+02
7.662032707679734813e+03 1.448091125488281250e+02
7.662052705779106873e+03 1.448261718750000000e+02
7.662072703878478933e+03 1.442401428222656250e+02
7.662092701977850083e+03 1.430097808837890625e+02
7.662112700077222144e+03 1.429631652832031250e+02
7.662132698176594204e+03 1.435535583496093750e+02
7.662152696275967173e+03 1.442589416503906250e+02
7.662172694375338324e+03 1.447118835449218750e+02
7.662192692474710384e+03 1.448898773193359375e+02
7.662212690574082444e+03 1.450082702636718750e+02
7.662232688673453595e+03 1.451267395019531250e+02
7.662252686772825655e+03 1.454474182128906250e+02
7.662272684872197715e+03 1.449784088134765625e+02
7.662292682971569775e+03 1.444703826904296875e+02
7.662312681070941835e+03 1.441657714843750000e+02
7.662332679170313895e+03 1.442604064941406250e+02
7.662352677269685046e+03 1.447054901123046875e+02
7.662372675369057106e+03 1.451811523437500000e+02
7.662392673468429166e+03 1.454006195068359375e+02
7.662412671567801226e+03 1.450951538085937500e+02
7.662432669667173286e+03 1.445707092285156250e+02
7.662452667766545346e+03 1.442442932128906250e+02
7.662472665865917406e+03 1.452384338378906250e+02
7.662492663965288557e+03 1.444091033935546875e+02
7.662512662064660617e+03 1.444221496582031250e+02
7.662532660164032677e+03 1.451789550781250000e+02
7.662552658263405647e+03 1.446024017333984375e+02
7.662572656362776797e+03 1.443128967285156250e+02
7.662592654462148857e+03 1.443558654785156250e+02
7.662612652561520918e+03 1.448099365234375000e+02
7.662632650660892068e+03 1.442639465332031250e+02
7.662652648760264128e+03 1.441578674316406250e+02
7.662672646859636188e+03 1.442655334472656250e+02
7.662692644959008248e+03 1.444344787597656250e+02
7.662712643058380309e+03 1.447218017578125000e+02
7.662732641157752369e+03 1.443228302001953125e+02
7.662752639257123519e+03 1.436471252441406250e+02
7.662772637356495579e+03 1.433947143554687500e+02
7.662792635455867639e+03 1.441133117675781250e+02
7.662812633555239699e+03 1.445439758300781250e+02
7.662832631654611760e+03 1.444292144775390625e+02
7.662852629753983820e+03 1.434542846679687500e+02
7.662872627853355880e+03 1.434217071533203125e+02
7.662892625952727030e+03 1.436509552001953125e+02
7.662912624052099090e+03 1.440597381591796875e+02
7.662932622151471151e+03 1.425003967285156250e+02
7.662952620250844120e+03 1.400478210449218750e+02
7.662972618350215271e+03 1.374125518798828125e+02
7.662992616449587331e+03 1.355079040527343750e+02
7.663012614548959391e+03 1.380953979492187500e+02
7.663032612648330542e+03 1.409024810791015625e+02
7.663052610747702602e+03 1.433641204833984375e+02
7.663072608847074662e+03 1.440334777832031250e+02
7.663092606946446722e+03 1.439387969970703125e+02
7.663112605045818782e+03 1.437111511230468750e+02
7.663132603145190842e+03 1.433516387939453125e+02
7.663152601244561993e+03 1.430700836181640625e+02
7.663172599343934053e+03 1.417902526855468750e+02
7.663192597443306113e+03 1.412281036376953125e+02
7.663212595542678173e+03 1.423554840087890625e+02
7.663232593642050233e+03 1.430671234130859375e+02
7.663252591741422293e+03 1.431488647460937500e+02
7.663272589840794353e+03 1.430812530517578125e+02
7.663292587940165504e+03 1.433462677001953125e+02
7.663312586039537564e+03 1.435378723144531250e+02
7.663332584138909624e+03 1.433739624023437500e+02
7.663352582238282594e+03 1.431128540039062500e+02
7.663372580337653744e+03 1.434253692626953125e+02
7.663392578437025804e+03 1.431740722656250000e+02
7.663412576536397864e+03 1.425787658691406250e+02
7.663432574635769015e+03 1.417631835937500000e+02
7.663452572735141075e+03 1.412049102783203125e+02
7.663472570834513135e+03 1.412868347167968750e+02
7.663492568933885195e+03 1.416131286621093750e+02
7.663512567033257255e+03 1.420622558593750000e+02
7.663532565132629315e+03 1.414833679199218750e+02
7.663552563232000466e+03 1.412826843261718750e+02
7.663572561331372526e+03 1.409069671630859375e+02
7.663592559430744586e+03 1.395505523681640625e+02
7.663612557530116646e+03 1.404217224121093750e+02
7.663632555629488706e+03 1.401994018554687500e+02
7.663652553728860767e+03 1.393729095458984375e+02
7.663672551828232827e+03 1.386448211669921875e+02
7.663692549927603977e+03 1.380058746337890625e+02
7.663712548026976037e+03 1.371167144775390625e+02
7.663732546126348097e+03 1.359713134765625000e+02
7.663752544225721067e+03 1.352934265136718750e+02
7.663772542325092218e+03 1.338320007324218750e+02
7.663792540424464278e+03 1.324594421386718750e+02
7.663812538523836338e+03 1.313275756835937500e+02
7.663832536623207488e+03 1.289906768798828125e+02
7.663852534722579549e+03 1.267693328857421875e+02
7.663872532821951609e+03 1.240776138305664062e+02
7.663892530921323669e+03 1.205086898803710938e+02
7.663912529020695729e+03 1.168903579711914062e+02
7.663932527120067789e+03 1.121515350341796875e+02
7.663952525219438940e+03 1.061871795654296875e+02
7.663972523318811000e+03 9.802709960937500000e+01
7.663992521418183060e+03 8.865002441406250000e+01
7.664012519517556029e+03 7.459915161132812500e+01
7.664032517616927180e+03 5.705186843872070312e+01
7.664052515716299240e+03 3.627989959716796875e+01
7.664072513815671300e+03 1.946799468994140625e+01
7.664092511915042451e+03 8.223973274230957031e+00
7.664112510014414511e+03 2.379415988922119141e+00
7.664132508113786571e+03 1.104670047760009766e+00
7.664152506213159540e+03 1.638330698013305664e+00
7.664172504312530691e+03 4.353984832763671875e+00
7.664192502411902751e+03 1.007781791687011719e+01
7.664212500511274811e+03 2.448095321655273438e+01
7.664232498610645962e+03 4.248886108398437500e+01
7.664252496710018022e+03 6.075249099731445312e+01
7.664272494809390082e+03 7.732630920410156250e+01
7.664292492908762142e+03 8.866630554199218750e+01
7.664312491008134202e+03 9.855419921875000000e+01
7.664332489107506262e+03 1.068024444580078125e+02
7.664352487206877413e+03 1.121199340820312500e+02
7.664372485306249473e+03 1.158573760986328125e+02
7.664392483405621533e+03 1.197599945068359375e+02
7.664412481504994503e+03 1.233110733032226562e+02
7.664432479604365653e+03 1.249263153076171875e+02
7.664452477703737713e+03 1.255687637329101562e+02
7.664472475803109774e+03 1.249959716796875000e+02
7.664492473902480924e+03 1.229625244140625000e+02
7.664512472001852984e+03 1.182062835693359375e+02
7.664532470101225044e+03 1.065328826904296875e+02
7.664552468200598014e+03 8.788704681396484375e+01
7.664572466299969165e+03 6.185514450073242188e+01
7.664592464399341225e+03 3.508150100708007812e+01
7.664612462498713285e+03 3.367726516723632812e+01
7.664632460598084435e+03 4.260973739624023438e+01
7.664652458697456495e+03 5.837347412109375000e+01
7.664672456796828556e+03 5.890833282470703125e+01
7.664692454896200616e+03 7.721998596191406250e+01
7.664712452995572676e+03 1.019141769409179688e+02
7.664732451094944736e+03 1.274684066772460938e+02
7.664752449194315886e+03 1.313261413574218750e+02
7.664772447293687947e+03 1.327755279541015625e+02
7.664792445393060007e+03 1.328948516845703125e+02
7.664812443492432976e+03 1.316391601562500000e+02
7.664832441591804127e+03 1.304256286621093750e+02
7.664852439691176187e+03 1.293313446044921875e+02
7.664872437790548247e+03 1.283719177246093750e+02
7.664892435889919398e+03 1.272820892333984375e+02
7.664912433989291458e+03 1.255233154296875000e+02
7.664932432088663518e+03 1.236360702514648438e+02
7.664952430188036487e+03 1.215153045654296875e+02
7.664972428287407638e+03 1.186100082397460938e+02
7.664992426386779698e+03 1.137427978515625000e+02
7.665012424486151758e+03 1.080316162109375000e+02
7.665032422585522909e+03 1.014205017089843750e+02
7.665052420684894969e+03 9.264395141601562500e+01
7.665072418784267029e+03 8.079029083251953125e+01
7.665092416883639089e+03 6.604911804199218750e+01
7.665112414983011149e+03 4.789572143554687500e+01
7.665132413082383209e+03 2.802590942382812500e+01
7.665152411181754360e+03 1.420532989501953125e+01
7.665172409281126420e+03 4.902820587158203125e+00
7.665192407380498480e+03 1.274609208106994629e+00
7.665212405479871450e+03 1.036883115768432617e+00
7.665232403579242600e+03 1.955201387405395508e+00
7.665252401678614660e+03 5.336219310760498047e+00
7.665272399777986720e+03 1.379241943359375000e+01
7.665292397877357871e+03 2.988378524780273438e+01
7.665312395976729931e+03 4.796203613281250000e+01
7.665332394076101991e+03 6.604100036621093750e+01
7.665352392175474961e+03 8.109618377685546875e+01
7.665372390274846111e+03 9.218113708496093750e+01
7.665392388374218172e+03 1.013430328369140625e+02
7.665412386473590232e+03 1.088986968994140625e+02
7.665432384572961382e+03 1.144990081787109375e+02
7.665452382672333442e+03 1.186761703491210938e+02
7.665472380771705502e+03 1.227094879150390625e+02
7.665492378871077563e+03 1.264454498291015625e+02
7.665512376970449623e+03 1.273652114868164062e+02
7.665532375069821683e+03 1.294990997314453125e+02
7.665552373169192833e+03 1.312610473632812500e+02
7.665572371268564893e+03 1.325661926269531250e+02
7.665592369367936953e+03 1.337135925292968750e+02
7.665612367467309923e+03 1.349803771972656250e+02
7.665632365566681074e+03 1.360142211914062500e+02
7.665652363666053134e+03 1.366346893310546875e+02
7.665672361765425194e+03 1.365007629394531250e+02
7.665692359864796344e+03 1.344559020996093750e+02
7.665712357964168405e+03 1.331228942871093750e+02
7.665732356063540465e+03 1.339758911132812500e+02
7.665752354162913434e+03 1.371220397949218750e+02
7.665772352262284585e+03 1.387354736328125000e+02
7.665792350361656645e+03 1.396868133544921875e+02
7.665812348461028705e+03 1.404139862060546875e+02
7.665832346560399856e+03 1.410718231201171875e+02
7.665852344659771916e+03 1.410288696289062500e+02
7.665872342759143976e+03 1.408523864746093750e+02
7.665892340858516036e+03 1.413747558593750000e+02
7.665912338957888096e+03 1.408110351562500000e+02
7.665932337057260156e+03 1.412195892333984375e+02
7.665952335156631307e+03 1.418602294921875000e+02
7.665972333256003367e+03 1.420273895263671875e+02
7.665992331355375427e+03 1.430665588378906250e+02
7.666012329454748397e+03 1.436445007324218750e+02
7.666032327554119547e+03 1.438222198486328125e+02
7.666052325653491607e+03 1.439115447998046875e+02
7.666072323752863667e+03 1.438868408203125000e+02
7.666092321852234818e+03 1.436442108154296875e+02
7.666112319951606878e+03 1.433418884277343750e+02
7.666132318050978938e+03 1.438497924804687500e+02
7.666152316150351908e+03 1.448867797851562500e+02
7.666172314249723058e+03 1.445522003173828125e+02
7.666192312349095118e+03 1.432688751220703125e+02
7.666212310448467179e+03 1.433660430908203125e+02
7.666232308547838329e+03 1.430195465087890625e+02
7.666252306647210389e+03 1.430078125000000000e+02
7.666272304746582449e+03 1.433532409667968750e+02
7.666292302845954509e+03 1.443069458007812500e+02
7.666312300945326569e+03 1.442946777343750000e+02
7.666332299044698630e+03 1.440868377685546875e+02
7.666352297144069780e+03 1.437628631591796875e+02
7.666372295243441840e+03 1.436822052001953125e+02
7.666392293342813900e+03 1.446147003173828125e+02
7.666412291442186870e+03 1.448824462890625000e+02
7.666432289541558021e+03 1.442081756591796875e+02
7.666452287640930081e+03 1.441531829833984375e+02
7.666472285740302141e+03 1.443820495605468750e+02
7.666492283839674201e+03 1.447743530273437500e+02
7.666512281939045351e+03 1.453903503417968750e+02
7.666532280038417412e+03 1.456067504882812500e+02
7.666552278137790381e+03 1.452072143554687500e+02
7.666572276237161532e+03 1.447003936767578125e+02
7.666592274336533592e+03 1.443030090332031250e+02
7.666612272435905652e+03 1.446568908691406250e+02
7.666632270535276803e+03 1.441790924072265625e+02
7.666652268634648863e+03 1.439009246826171875e+02
7.666672266734020923e+03 1.445035705566406250e+02
7.666692264833392983e+03 1.443215026855468750e+02
7.666712262932765043e+03 1.440348815917968750e+02
7.666732261032137103e+03 1.433930969238281250e+02
7.666752259131508254e+03 1.421115570068359375e+02
7.666772257230880314e+03 1.388641510009765625e+02
7.666792255330252374e+03 1.389443359375000000e+02
7.666812253429625343e+03 1.407282714843750000e+02
7.666832251528996494e+03 1.436036987304687500e+02
7.666852249628368554e+03 1.444209899902343750e+02
7.666872247727740614e+03 1.448038635253906250e+02
7.666892245827112674e+03 1.448673400878906250e+02
7.666912243926483825e+03 1.445310363769531250e+02
7.666932242025855885e+03 1.454163665771484375e+02
7.666952240125228855e+03 1.456305084228515625e+02
7.666972238224600005e+03 1.455648345947265625e+02
7.666992236323972065e+03 1.458224792480468750e+02
7.667012234423344125e+03 1.457790985107421875e+02
7.667032232522715276e+03 1.454769744873046875e+02
7.667052230622087336e+03 1.452644653320312500e+02
7.667072228721459396e+03 1.457871398925781250e+02
7.667092226820831456e+03 1.459727325439453125e+02
7.667112224920203516e+03 1.455084533691406250e+02
7.667132223019575576e+03 1.448921813964843750e+02
7.667152221118946727e+03 1.449738769531250000e+02
7.667172219218318787e+03 1.451705780029296875e+02
7.667192217317690847e+03 1.455057067871093750e+02
7.667212215417063817e+03 1.458212585449218750e+02
7.667232213516434967e+03 1.456509094238281250e+02
7.667252211615807028e+03 1.459539489746093750e+02
7.667272209715179088e+03 1.459544219970703125e+02
7.667292207814551148e+03 1.458027038574218750e+02
7.667312205913922298e+03 1.459413146972656250e+02
7.667332204013294358e+03 1.456569366455078125e+02
7.667352202112667328e+03 1.458421325683593750e+02
7.667372200212038479e+03 1.460530853271484375e+02
7.667392198311410539e+03 1.452585754394531250e+02
7.667412196410782599e+03 1.455024414062500000e+02
7.667432194510153749e+03 1.456765441894531250e+02
7.667452192609525810e+03 1.455426483154296875e+02
7.667472190708898779e+03 1.449333801269531250e+02
7.667492188808269930e+03 1.444461975097656250e+02
7.667512186907641990e+03 1.441366882324218750e+02
7.667532185007014050e+03 1.440734558105468750e+02
7.667552183106385201e+03 1.451171875000000000e+02
7.667572181205757261e+03 1.444657287597656250e+02
7.667592179305129321e+03 1.444232025146484375e+02
7.667612177404502290e+03 1.447319641113281250e+02
7.667632175503873441e+03 1.441900329589843750e+02
7.667652173603245501e+03 1.443983612060546875e+02
7.667672171702617561e+03 1.443988037109375000e+02
7.667692169801989621e+03 1.444072418212890625e+02
7.667712167901360772e+03 1.447148590087890625e+02
7.667732166000732832e+03 1.448894805908203125e+02
7.667752164100105801e+03 1.447844543457031250e+02
7.667772162199476952e+03 1.444478454589843750e+02
7.667792160298849012e+03 1.441027374267578125e+02
7.667812158398221072e+03 1.441910400390625000e+02
7.667832156497592223e+03 1.446986999511718750e+02
7.667852154596964283e+03 1.452516784667968750e+02
7.667872152696337253e+03 1.447111816406250000e+02
7.667892150795708403e+03 1.450995788574218750e+02
7.667912148895080463e+03 1.449044494628906250e+02
7.667932146994452523e+03 1.445729064941406250e+02
7.667952145093823674e+03 1.455372009277343750e+02
7.667972143193195734e+03 1.450710144042968750e+02
7.667992141292567794e+03 1.447430877685546875e+02
7.668012139391940764e+03 1.446804656982421875e+02
7.668032137491311914e+03 1.446942443847656250e+02
7.668052135590683974e+03 1.444552459716796875e+02
7.668072133690056035e+03 1.446035156250000000e+02
7.668092131789428095e+03 1.449258728027343750e+02
7.668112129888799245e+03 1.448957214355468750e+02
7.668132127988171305e+03 1.455773620605468750e+02
7.668152126087544275e+03 1.455307617187500000e+02
7.668172124186915426e+03 1.450695495605468750e+02
7.668192122286287486e+03 1.455752716064453125e+02
7.668212120385659546e+03 1.447604827880859375e+02
7.668232118485030696e+03 1.447853393554687500e+02
7.668252116584402756e+03 1.452075500488281250e+02
7.668272114683775726e+03 1.446831817626953125e+02
7.668292112783146877e+03 1.446503753662109375e+02
7.668312110882518937e+03 1.448394470214843750e+02
7.668332108981890997e+03 1.451350708007812500e+02
7.668352107081262147e+03 1.453163299560546875e+02
7.668372105180634207e+03 1.447955932617187500e+02
7.668392103280006268e+03 1.449042663574218750e+02
7.668412101379379237e+03 1.451498107910156250e+02
7.668432099478750388e+03 1.443465118408203125e+02
7.668452097578122448e+03 1.430519561767578125e+02
7.668472095677494508e+03 1.419008331298828125e+02
7.668492093776866568e+03 1.410642700195312500e+02
7.668512091876237719e+03 1.405977783203125000e+02
7.668532089975609779e+03 1.420387573242187500e+02
7.668552088074982748e+03 1.435550537109375000e+02
7.668572086174353899e+03 1.447551269531250000e+02
7.668592084273725959e+03 1.443457946777343750e+02
7.668612082373098019e+03 1.454333801269531250e+02
7.668632080472469170e+03 1.452662963867187500e+02
7.668652078571841230e+03 1.448116455078125000e+02
7.668672076671214199e+03 1.447550048828125000e+02
7.668692074770585350e+03 1.445173339843750000e+02
7.668712072869957410e+03 1.440409240722656250e+02
7.668732070969329470e+03 1.435878601074218750e+02
7.668752069068700621e+03 1.434367675781250000e+02
7.668772067168072681e+03 1.438753662109375000e+02
7.668792065267444741e+03 1.442674713134765625e+02
7.668812063366817711e+03 1.446598358154296875e+02
7.668832061466188861e+03 1.451816558837890625e+02
7.668852059565560921e+03 1.449770812988281250e+02
7.668872057664932981e+03 1.449408874511718750e+02
7.668892055764305042e+03 1.448877410888671875e+02
7.668912053863676192e+03 1.446514434814453125e+02
7.668932051963048252e+03 1.439228820800781250e+02
7.668952050062421222e+03 1.443077850341796875e+02
7.668972048161792372e+03 1.448194885253906250e+02
7.668992046261164433e+03 1.451349487304687500e+02
