7.664009678014496785e+03 1.051024658203125000e+03
7.664029678513836188e+03 1.052130493164062500e+03
7.664049679013175592e+03 1.050027709960937500e+03
7.664069679512515904e+03 1.047618774414062500e+03
7.664089680011855307e+03 1.045261108398437500e+03
7.664109680511196530e+03 1.039525512695312500e+03
7.664129681010535933e+03 1.035895629882812500e+03
7.664149681509876245e+03 1.034981567382812500e+03
7.664169682009215649e+03 1.039325195312500000e+03
7.664189682508555961e+03 1.038949707031250000e+03
7.664209683007896274e+03 1.040507202148437500e+03
7.664229683507235677e+03 1.040935424804687500e+03
7.664249684006575990e+03 1.033709106445312500e+03
7.664269684505916302e+03 1.031481445312500000e+03
7.664289685005255706e+03 1.030161132812500000e+03
7.664309685504596018e+03 1.029194580078125000e+03
7.664329686003935421e+03 1.026123657226562500e+03
7.664349686503275734e+03 1.026265991210937500e+03
7.664369687002616047e+03 1.026821411132812500e+03
7.664389687501955450e+03 1.027605102539062500e+03
7.664409688001295763e+03 1.031752929687500000e+03
7.664429688500636075e+03 1.030988403320312500e+03
7.664449688999976388e+03 1.027068481445312500e+03
7.664469689499315791e+03 1.019425354003906250e+03
7.664489689998655194e+03 1.000230163574218750e+03
7.664509690497995507e+03 9.592854614257812500e+02
7.664529690997335820e+03 8.976843872070312500e+02
7.664549691496676132e+03 8.051497192382812500e+02
7.664569691996015536e+03 6.213031616210937500e+02
7.664589692495355848e+03 4.287651062011718750e+02
7.664609692994696161e+03 2.620363464355468750e+02
7.664629693494035564e+03 2.518457794189453125e+02
7.664649693993375877e+03 3.577681884765625000e+02
7.664669694492715280e+03 4.358702392578125000e+02
7.664689694992056502e+03 4.871737060546875000e+02
7.664709695491395905e+03 5.976987304687500000e+02
7.664729695990735308e+03 8.036647949218750000e+02
7.664749696490075621e+03 9.449752807617187500e+02
7.664769696989415024e+03 9.703710937500000000e+02
7.664789697488756246e+03 9.618203735351562500e+02
7.664809697988095650e+03 9.501928710937500000e+02
7.664829698487435053e+03 9.340753784179687500e+02
7.664849698986775365e+03 9.130219116210937500e+02
7.664869699486115678e+03 8.859375000000000000e+02
7.664889699985455991e+03 8.496636352539062500e+02
7.664909700484795394e+03 8.036860961914062500e+02
7.664929700984134797e+03 7.414754028320312500e+02
7.664949701483476019e+03 6.421932983398437500e+02
7.664969701982815423e+03 5.165299682617187500e+02
7.664989702482155735e+03 3.728342590332031250e+02
7.665009702981495138e+03 2.152772216796875000e+02
7.665029703480834542e+03 1.045043258666992188e+02
7.665049703980175764e+03 3.784712600708007812e+01
7.665069704479515167e+03 1.473407459259033203e+01
7.665089704978855480e+03 2.794149017333984375e+01
7.665109705478195792e+03 9.334159088134765625e+01
7.665129705977536105e+03 1.982400054931640625e+02
7.665149706476875508e+03 3.481195983886718750e+02
7.665169706976214911e+03 5.031015930175781250e+02
7.665189707475555224e+03 6.221833496093750000e+02
7.665209707974895537e+03 7.191565551757812500e+02
7.665229708474235849e+03 7.884887695312500000e+02
7.665249708973575252e+03 8.379721679687500000e+02
7.665269709472914656e+03 8.739047241210937500e+02
7.665289709972255878e+03 9.024047851562500000e+02
7.665309710471595281e+03 9.266875000000000000e+02
7.665329710970935594e+03 9.434387817382812500e+02
7.665349711470274997e+03 9.571630249023437500e+02
7.665369711969615309e+03 9.683669433593750000e+02
7.665389712468955622e+03 9.763467407226562500e+02
7.665409712968295025e+03 9.812883911132812500e+02
7.665429713467635338e+03 9.836627807617187500e+02
7.665449713966974741e+03 9.848591918945312500e+02
7.665469714466315054e+03 9.942277832031250000e+02
7.665489714965655367e+03 1.003125244140625000e+03
7.665509715464994770e+03 1.008357849121093750e+03
7.665529715964335082e+03 1.009012390136718750e+03
7.665549716463675395e+03 1.008482910156250000e+03
7.665569716963014798e+03 1.006596374511718750e+03
7.665589717462355111e+03 1.004868408203125000e+03
7.665609717961694514e+03 1.003995544433593750e+03
7.665629718461035736e+03 1.002026428222656250e+03
7.665649718960375139e+03 9.993405761718750000e+02
7.665669719459715452e+03 9.971728515625000000e+02
7.665689719959054855e+03 9.969716186523437500e+02
7.665709720458394258e+03 9.944135742187500000e+02
7.665729720957735481e+03 9.890698852539062500e+02
7.665749721457074884e+03 9.831216430664062500e+02
7.665769721956415196e+03 9.800493164062500000e+02
7.665789722455755509e+03 9.692758789062500000e+02
7.665809722955094912e+03 9.656637573242187500e+02
7.665829723454435225e+03 9.647438354492187500e+02
7.665849723953774628e+03 9.556576538085937500e+02
7.665869724453114941e+03 9.454834594726562500e+02
7.665889724952455254e+03 9.318912963867187500e+02
7.665909725451794657e+03 9.147666625976562500e+02
7.665929725951134969e+03 8.919467773437500000e+02
7.665949726450474373e+03 8.618429565429687500e+02
7.665969726949815595e+03 8.229434204101562500e+02
7.665989727449154998e+03 7.732400512695312500e+02
7.666009727948494401e+03 6.962472534179687500e+02
7.666029728447834714e+03 5.917476806640625000e+02
7.666049728947175026e+03 4.634128112792968750e+02
7.666069729446515339e+03 3.069407958984375000e+02
7.666089729945854742e+03 1.602772369384765625e+02
7.666109730445194145e+03 7.142478179931640625e+01
7.666129730944534458e+03 2.053645515441894531e+01
7.666149731443874771e+03 1.596275806427001953e+01
7.666169731943215083e+03 4.393744277954101562e+01
7.666189732442554487e+03 1.259766464233398438e+02
7.666209732941894799e+03 2.438262176513671875e+02
7.666229733441235112e+03 4.067093505859375000e+02
7.666249733940574515e+03 5.520701904296875000e+02
7.666269734439914828e+03 6.655407714843750000e+02
7.666289734939254231e+03 7.552982788085937500e+02
7.666309735438595453e+03 8.144382934570312500e+02
7.666329735937934856e+03 8.576918334960937500e+02
7.666349736437274260e+03 8.920691528320312500e+02
7.666369736936614572e+03 9.192141113281250000e+02
7.666389737435953975e+03 9.370327148437500000e+02
7.666409737935295198e+03 9.539906616210937500e+02
7.666429738434634601e+03 9.681948242187500000e+02
7.666449738933974004e+03 9.798249511718750000e+02
7.666469739433315226e+03 9.875579223632812500e+02
7.666489739932654629e+03 9.933188476562500000e+02
7.666509740431994942e+03 9.987170410156250000e+02
7.666529740931334345e+03 1.003563537597656250e+03
7.666549741430673748e+03 1.004279052734375000e+03
7.666569741930014970e+03 1.003980163574218750e+03
7.666589742429354374e+03 1.003475341796875000e+03
7.666609742928694686e+03 1.002724670410156250e+03
7.666629743428034089e+03 9.941392211914062500e+02
7.666649743927374402e+03 9.925717163085937500e+02
7.666669744426714715e+03 9.976249389648437500e+02
7.666689744926054118e+03 1.011407531738281250e+03
7.666709745425394431e+03 1.019320251464843750e+03
7.666729745924734743e+03 1.024020751953125000e+03
7.666749746424075056e+03 1.027728637695312500e+03
7.666769746923414459e+03 1.031377441406250000e+03
7.666789747422753862e+03 1.030703491210937500e+03
7.666809747922094175e+03 1.031975463867187500e+03
7.666829748421434488e+03 1.032443237304687500e+03
7.666849748920774800e+03 1.029285034179687500e+03
7.666869749420114204e+03 1.030199707031250000e+03
7.666889749919453607e+03 1.034849731445312500e+03
7.666909750418794829e+03 1.040385131835937500e+03
7.666929750918134232e+03 1.044057983398437500e+03
7.666949751417474545e+03 1.046004028320312500e+03
7.666969751916813948e+03 1.046372314453125000e+03
7.666989752416154261e+03 1.045848510742187500e+03
