7.662016565354394515e+03 5.189888763427734375e+01
7.662036563463829225e+03 5.174690628051757812e+01
7.662056561573264844e+03 5.166771697998046875e+01
7.662076559682701372e+03 5.149095916748046875e+01
7.662096557792136082e+03 5.116506195068359375e+01
7.662116555901571701e+03 5.134917449951171875e+01
7.662136554011008229e+03 5.161450195312500000e+01
7.662156552120443848e+03 5.189326095581054688e+01
7.662176550229878558e+03 5.210945510864257812e+01
7.662196548339315086e+03 5.203992462158203125e+01
7.662216546448750705e+03 5.193083572387695312e+01
7.662236544558185415e+03 5.181864166259765625e+01
7.662256542667621034e+03 5.175981903076171875e+01
7.662276540777057562e+03 5.194636917114257812e+01
7.662296538886492272e+03 5.195296096801757812e+01
7.662316536995927891e+03 5.159664154052734375e+01
7.662336535105364419e+03 5.161867523193359375e+01
7.662356533214799128e+03 5.203931808471679688e+01
7.662376531324234747e+03 5.225307464599609375e+01
7.662396529433671276e+03 5.141989135742187500e+01
7.662416527543106895e+03 5.138187789916992188e+01
7.662436525652541604e+03 5.153513717651367188e+01
7.662456523761977223e+03 5.174526214599609375e+01
7.662476521871413752e+03 5.130443572998046875e+01
7.662496519980848461e+03 5.124694824218750000e+01
7.662516518090284080e+03 5.133143997192382812e+01
7.662536516199720609e+03 5.160754394531250000e+01
7.662556514309156228e+03 5.206199264526367188e+01
7.662576512418590937e+03 5.186505126953125000e+01
7.662596510528027466e+03 5.159420776367187500e+01
7.662616508637463085e+03 5.143829345703125000e+01
7.662636506746897794e+03 5.134066009521484375e+01
7.662656504856333413e+03 5.153801345825195312e+01
7.662676502965769942e+03 5.182680130004882812e+01
7.662696501075204651e+03 5.201286697387695312e+01
7.662716499184640270e+03 5.163449859619140625e+01
7.662736497294076798e+03 5.150621795654296875e+01
7.662756495403511508e+03 5.161518478393554688e+01
7.662776493512947127e+03 5.173889160156250000e+01
7.662796491622383655e+03 5.151595306396484375e+01
7.662816489731819274e+03 5.164636230468750000e+01
7.662836487841253984e+03 5.223913574218750000e+01
7.662856485950689603e+03 5.092624664306640625e+01
7.662876484060126131e+03 5.113537979125976562e+01
7.662896482169560841e+03 5.146684646606445312e+01
7.662916480278996460e+03 5.130749511718750000e+01
7.662936478388432988e+03 5.119908905029296875e+01
7.662956476497868607e+03 5.030582427978515625e+01
7.662976474607303317e+03 4.917888641357421875e+01
7.662996472716739845e+03 4.845011138916015625e+01
7.663016470826175464e+03 4.974759674072265625e+01
7.663036468935610174e+03 5.086508178710937500e+01
7.663056467045045792e+03 5.162251663208007812e+01
7.663076465154482321e+03 5.108972930908203125e+01
7.663096463263917030e+03 5.124738693237304688e+01
7.663116461373352649e+03 5.119673156738281250e+01
7.663136459482789178e+03 5.078884506225585938e+01
7.663156457592223887e+03 5.063489151000976562e+01
7.663176455701659506e+03 5.066949462890625000e+01
7.663196453811096035e+03 5.075318145751953125e+01
7.663216451920531654e+03 5.085482788085937500e+01
7.663236450029966363e+03 5.114039993286132812e+01
7.663256448139401982e+03 5.134573364257812500e+01
7.663276446248838511e+03 5.146349334716796875e+01
7.663296444358273220e+03 5.153577804565429688e+01
7.663316442467708839e+03 5.132631301879882812e+01
7.663336440577145368e+03 5.092726898193359375e+01
7.663356438686580987e+03 5.049508285522460938e+01
7.663376436796015696e+03 5.076520156860351562e+01
7.663396434905451315e+03 5.097535705566406250e+01
7.663416433014887843e+03 5.113113021850585938e+01
7.663436431124322553e+03 5.120424270629882812e+01
7.663456429233758172e+03 5.110070037841796875e+01
7.663476427343194700e+03 5.104769897460937500e+01
7.663496425452629410e+03 5.109952163696289062e+01
7.663516423562065029e+03 5.129508590698242188e+01
7.663536421671501557e+03 5.073091888427734375e+01
7.663556419780936267e+03 5.049513626098632812e+01
7.663576417890371886e+03 5.034206390380859375e+01
7.663596415999807505e+03 5.007399368286132812e+01
7.663616414109244033e+03 5.027758026123046875e+01
7.663636412218678743e+03 5.001345825195312500e+01
7.663656410328114362e+03 4.959003829956054688e+01
7.663676408437550890e+03 5.003534317016601562e+01
7.663696406546985600e+03 4.974431610107421875e+01
7.663716404656421219e+03 4.932393646240234375e+01
7.663736402765857747e+03 4.887814331054687500e+01
7.663756400875293366e+03 4.898171615600585938e+01
7.663776398984728075e+03 4.845701599121093750e+01
7.663796397094163694e+03 4.801992034912109375e+01
7.663816395203600223e+03 4.784563827514648438e+01
7.663836393313034932e+03 4.676856231689453125e+01
7.663856391422470551e+03 4.609119796752929688e+01
7.663876389531907080e+03 4.533179473876953125e+01
7.663896387641341789e+03 4.412067413330078125e+01
7.663916385750777408e+03 4.312164688110351562e+01
7.663936383860213937e+03 4.146393203735351562e+01
7.663956381969648646e+03 3.942361068725585938e+01
7.663976380079084265e+03 3.706699752807617188e+01
7.663996378188519884e+03 3.407453536987304688e+01
7.664016376297956413e+03 2.928652381896972656e+01
7.664036374407391122e+03 2.305521011352539062e+01
7.664056372516826741e+03 1.494873237609863281e+01
7.664076370626263270e+03 8.537374496459960938e+00
7.664096368735697979e+03 3.926982879638671875e+00
7.664116366845133598e+03 1.248993158340454102e+00
7.664136364954570126e+03 4.321255087852478027e-01
7.664156363064005745e+03 6.963475346565246582e-01
7.664176361173440455e+03 2.125833988189697266e+00
7.664196359282876074e+03 5.041741847991943359e+00
7.664216357392312602e+03 1.124955749511718750e+01
7.664236355501747312e+03 1.780269432067871094e+01
7.664256353611182931e+03 2.421343803405761719e+01
7.664276351720619459e+03 2.991801834106445312e+01
7.664296349830054169e+03 3.379945755004882812e+01
7.664316347939489788e+03 3.710205841064453125e+01
7.664336346048926316e+03 3.980090713500976562e+01
7.664356344158361026e+03 4.132591629028320312e+01
7.664376342267796645e+03 4.309384155273437500e+01
7.664396340377232264e+03 4.427333831787109375e+01
7.664416338486668792e+03 4.502713775634765625e+01
7.664436336596103502e+03 4.549402618408203125e+01
7.664456334705539120e+03 4.558162689208984375e+01
7.664476332814975649e+03 4.527754592895507812e+01
7.664496330924410358e+03 4.441439437866210938e+01
7.664516329033845977e+03 4.118327331542968750e+01
7.664536327143282506e+03 3.685905838012695312e+01
7.664556325252718125e+03 2.995238304138183594e+01
7.664576323362152834e+03 1.977832031250000000e+01
7.664596321471588453e+03 1.177665996551513672e+01
7.664616319581024982e+03 1.287454986572265625e+01
7.664636317690459691e+03 1.666723251342773438e+01
7.664656315799895310e+03 2.138433647155761719e+01
7.664676313909331839e+03 2.236147880554199219e+01
7.664696312018766548e+03 2.990610122680664062e+01
7.664716310128202167e+03 3.906119537353515625e+01
7.664736308237638696e+03 4.668532180786132812e+01
7.664756306347073405e+03 4.758165740966796875e+01
7.664776304456509024e+03 4.789537811279296875e+01
7.664796302565944643e+03 4.783487701416015625e+01
7.664816300675381171e+03 4.774890518188476562e+01
7.664836298784815881e+03 4.730721282958984375e+01
7.664856296894251500e+03 4.687568283081054688e+01
7.664876295003688028e+03 4.640224456787109375e+01
7.664896293113122738e+03 4.580140304565429688e+01
7.664916291222558357e+03 4.599813079833984375e+01
7.664936289331994885e+03 4.540177154541015625e+01
7.664956287441430504e+03 4.397640991210937500e+01
7.664976285550865214e+03 4.322144699096679688e+01
7.664996283660300833e+03 4.182881927490234375e+01
7.665016281769737361e+03 4.000315093994140625e+01
7.665036279879172071e+03 3.769479370117187500e+01
7.665056277988607690e+03 3.498843002319335938e+01
7.665076276098044218e+03 3.104637145996093750e+01
7.665096274207478928e+03 2.596512222290039062e+01
7.665116272316914547e+03 1.934688949584960938e+01
7.665136270426351075e+03 1.222155666351318359e+01
7.665156268535785784e+03 6.497868537902832031e+00
7.665176266645221403e+03 2.316423177719116211e+00
7.665196264754657022e+03 8.333927989006042480e-01
7.665216262864093551e+03 3.740361928939819336e-01
7.665236260973528260e+03 9.034134149551391602e-01
7.665256259082963879e+03 2.643378734588623047e+00
7.665276257192400408e+03 6.696885108947753906e+00
7.665296255301835117e+03 1.299702453613281250e+01
7.665316253411270736e+03 1.966853713989257812e+01
7.665336251520706355e+03 2.619929504394531250e+01
7.665356249630142884e+03 3.126086807250976562e+01
7.665376247739577593e+03 3.509817123413085938e+01
7.665396245849013212e+03 3.828260803222656250e+01
7.665416243958449741e+03 4.087622451782226562e+01
7.665436242067884450e+03 4.253684616088867188e+01
7.665456240177320069e+03 4.383082962036132812e+01
7.665476238286756598e+03 4.491323471069335938e+01
7.665496236396191307e+03 4.580344772338867188e+01
7.665516234505626926e+03 4.624864578247070312e+01
7.665536232615062545e+03 4.704256820678710938e+01
7.665556230724498164e+03 4.761132812500000000e+01
7.665576228833933783e+03 4.785934066772460938e+01
7.665596226943369402e+03 4.893422317504882812e+01
7.665616225052805930e+03 4.868730926513671875e+01
7.665636223162240640e+03 4.865201950073242188e+01
7.665656221271676259e+03 4.933784103393554688e+01
7.665676219381112787e+03 4.892783737182617188e+01
7.665696217490547497e+03 4.817750549316406250e+01
7.665716215599983116e+03 4.780646133422851562e+01
7.665736213709418735e+03 4.848082733154296875e+01
7.665756211818855263e+03 4.957431793212890625e+01
7.665776209928289973e+03 5.011997985839843750e+01
7.665796208037725592e+03 5.042722702026367188e+01
7.665816206147162120e+03 5.054840469360351562e+01
7.665836204256596830e+03 5.092145538330078125e+01
7.665856202366032448e+03 5.091342926025390625e+01
7.665876200475468977e+03 5.077135086059570312e+01
7.665896198584903686e+03 5.066220474243164062e+01
7.665916196694339305e+03 5.020107269287109375e+01
7.665936194803774924e+03 5.030123138427734375e+01
7.665956192913210543e+03 5.063227081298828125e+01
7.665976191022646162e+03 5.074494171142578125e+01
7.665996189132081781e+03 5.106522369384765625e+01
7.666016187241518310e+03 5.112617874145507812e+01
7.666036185350953019e+03 5.106748199462890625e+01
7.666056183460388638e+03 5.121304321289062500e+01
7.666076181569825167e+03 5.118922424316406250e+01
7.666096179679259876e+03 5.120738601684570312e+01
7.666116177788695495e+03 5.127656173706054688e+01
7.666136175898131114e+03 5.167319488525390625e+01
7.666156174007567643e+03 5.135881805419921875e+01
7.666176172117002352e+03 5.117596817016601562e+01
7.666196170226437971e+03 5.118755340576171875e+01
7.666216168335874499e+03 5.133633422851562500e+01
7.666236166445309209e+03 5.145262527465820312e+01
7.666256164554744828e+03 5.131922531127929688e+01
7.666276162664181356e+03 5.099935150146484375e+01
7.666296160773616066e+03 5.124449539184570312e+01
7.666316158883051685e+03 5.116233444213867188e+01
7.666336156992487304e+03 5.129824066162109375e+01
7.666356155101922923e+03 5.181454467773437500e+01
7.666376153211358542e+03 5.159566116333007812e+01
7.666396151320794161e+03 5.143056488037109375e+01
7.666416149430230689e+03 5.132459640502929688e+01
7.666436147539665399e+03 5.131282806396484375e+01
7.666456145649101018e+03 5.157197952270507812e+01
7.666476143758537546e+03 5.159972381591796875e+01
7.666496141867973165e+03 5.167034149169921875e+01
7.666516139977407875e+03 5.188328933715820312e+01
7.666536138086843494e+03 5.157647705078125000e+01
7.666556136196280022e+03 5.158951950073242188e+01
7.666576134305714731e+03 5.164116668701171875e+01
7.666596132415150350e+03 5.158060836791992188e+01
7.666616130524586879e+03 5.199916458129882812e+01
7.666636128634021588e+03 5.179051971435546875e+01
7.666656126743457207e+03 5.148603439331054688e+01
7.666676124852893736e+03 5.139164352416992188e+01
7.666696122962328445e+03 5.156486892700195312e+01
7.666716121071764064e+03 5.149650192260742188e+01
7.666736119181199683e+03 5.124838256835937500e+01
7.666756117290635302e+03 5.082854843139648438e+01
7.666776115400070921e+03 4.948628616333007812e+01
7.666796113509506540e+03 4.990666580200195312e+01
7.666816111618943069e+03 5.092747497558593750e+01
7.666836109728377778e+03 5.157929229736328125e+01
7.666856107837813397e+03 5.154292678833007812e+01
7.666876105947249926e+03 5.156018066406250000e+01
7.666896104056685544e+03 5.164957809448242188e+01
7.666916102166120254e+03 5.198341751098632812e+01
7.666936100275555873e+03 5.198765945434570312e+01
7.666956098384992401e+03 5.194679641723632812e+01
7.666976096494427111e+03 5.189837646484375000e+01
7.666996094603862730e+03 5.202049636840820312e+01
7.667016092713299258e+03 5.169467926025390625e+01
7.667036090822733968e+03 5.129500579833984375e+01
7.667056088932169587e+03 5.106354141235351562e+01
7.667076087041606115e+03 5.181633377075195312e+01
7.667096085151040825e+03 5.193130493164062500e+01
7.667116083260476444e+03 5.215866088867187500e+01
7.667136081369912063e+03 5.233829498291015625e+01
7.667156079479347682e+03 5.186487960815429688e+01
7.667176077588783301e+03 5.204071044921875000e+01
7.667196075698218920e+03 5.211051559448242188e+01
7.667216073807655448e+03 5.205971527099609375e+01
7.667236071917090158e+03 5.175447463989257812e+01
7.667256070026525776e+03 5.171518707275390625e+01
7.667276068135961395e+03 5.179103851318359375e+01
7.667296066245397924e+03 5.191628265380859375e+01
7.667316064354832633e+03 5.193173217773437500e+01
7.667336062464268252e+03 5.178870391845703125e+01
7.667356060573704781e+03 5.190761184692382812e+01
7.667376058683139490e+03 5.215535354614257812e+01
7.667396056792575109e+03 5.187683868408203125e+01
7.667416054902011638e+03 5.171965789794921875e+01
7.667436053011446347e+03 5.149657440185546875e+01
7.667456051120881966e+03 5.133415985107421875e+01
7.667476049230317585e+03 5.181885528564453125e+01
7.667496047339753204e+03 5.217942047119140625e+01
7.667516045449188823e+03 5.185316085815429688e+01
7.667536043558624442e+03 5.122006988525390625e+01
7.667556041668060061e+03 5.218185424804687500e+01
7.667576039777495680e+03 5.174030685424804688e+01
7.667596037886931299e+03 5.162975311279296875e+01
7.667616035996367827e+03 5.180834197998046875e+01
7.667636034105802537e+03 5.144353485107421875e+01
7.667656032215238156e+03 5.141268920898437500e+01
7.667676030324673775e+03 5.145791625976562500e+01
7.667696028434110303e+03 5.159601974487304688e+01
7.667716026543545013e+03 5.203372192382812500e+01
7.667736024652980632e+03 5.166572952270507812e+01
7.667756022762417160e+03 5.159230804443359375e+01
7.667776020871851870e+03 5.183460617065429688e+01
7.667796018981287489e+03 5.210199737548828125e+01
7.667816017090724017e+03 5.190372848510742188e+01
7.667836015200158727e+03 5.189625930786132812e+01
7.667856013309594346e+03 5.205319976806640625e+01
7.667876011419029965e+03 5.206691360473632812e+01
7.667896009528465584e+03 5.203071212768554688e+01
7.667916007637901203e+03 5.172948455810546875e+01
7.667936005747336822e+03 5.133602142333984375e+01
7.667956003856772440e+03 5.182855987548828125e+01
7.667976001966208059e+03 5.181558227539062500e+01
7.667996000075643678e+03 5.182899856567382812e+01
7.668015998185080207e+03 5.192670440673828125e+01
7.668035996294514916e+03 5.173799514770507812e+01
7.668055994403950535e+03 5.178409957885742188e+01
7.668075992513386154e+03 5.194543457031250000e+01
7.668095990622822683e+03 5.211656951904296875e+01
7.668115988732257392e+03 5.166090774536132812e+01
7.668135986841693011e+03 5.174333572387695312e+01
7.668155984951129540e+03 5.174626922607421875e+01
7.668175983060564249e+03 5.171257781982421875e+01
7.668195981169999868e+03 5.212717819213867188e+01
7.668215979279436397e+03 5.201017379760742188e+01
7.668235977388871106e+03 5.177381134033203125e+01
7.668255975498306725e+03 5.152283477783203125e+01
7.668275973607742344e+03 5.166821289062500000e+01
7.668295971717177963e+03 5.203358078002929688e+01
7.668315969826613582e+03 5.210321044921875000e+01
7.668335967936049201e+03 5.189329910278320312e+01
7.668355966045484820e+03 5.151173019409179688e+01
7.668375964154920439e+03 5.149788665771484375e+01
7.668395962264356058e+03 5.148893356323242188e+01
7.668415960373792586e+03 5.147198486328125000e+01
7.668435958483227296e+03 5.150590896606445312e+01
7.668455956592662915e+03 5.103535842895507812e+01
7.668475954702098534e+03 5.081172943115234375e+01
7.668495952811535062e+03 5.064255142211914062e+01
7.668515950920969772e+03 4.990465545654296875e+01
7.668535949030405391e+03 5.077442550659179688e+01
7.668555947139841919e+03 5.134458160400390625e+01
7.668575945249276629e+03 5.174761199951171875e+01
7.668595943358712248e+03 5.208784866333007812e+01
7.668615941468148776e+03 5.199111938476562500e+01
7.668635939577583486e+03 5.177249145507812500e+01
7.668655937687019104e+03 5.154888916015625000e+01
7.668675935796454723e+03 5.162937164306640625e+01
7.668695933905890342e+03 5.151420211791992188e+01
7.668715932015325961e+03 5.153192138671875000e+01
7.668735930124761580e+03 5.141437911987304688e+01
7.668755928234197199e+03 5.063393402099609375e+01
7.668775926343632818e+03 5.158288574218750000e+01
7.668795924453068437e+03 5.174883270263671875e+01
7.668815922562504966e+03 5.167052078247070312e+01
7.668835920671939675e+03 5.170869827270507812e+01
7.668855918781375294e+03 5.132227325439453125e+01
7.668875916890810913e+03 5.126636886596679688e+01
7.668895915000247442e+03 5.128475952148437500e+01
7.668915913109682151e+03 5.111901092529296875e+01
7.668935911219117770e+03 5.142426300048828125e+01
7.668955909328554299e+03 5.154686355590820312e+01
7.668975907437989008e+03 5.156777191162109375e+01
7.668995905547424627e+03 5.154429244995117188e+01
