index,Wavelength,Flux
0,6610.519796461396,0.9999596326874112
1,6610.5611123392355,1.0010500665368665
2,6610.6024284753,0.9988048828728083
3,6610.643744869592,1.0008995500659126
4,6610.685061522112,0.9999976421068235
5,6610.726378432862,1.000984422690005
6,6610.76769560184,0.9987408320679867
7,6610.809013029057,1.0008932234157684
8,6610.850330714505,0.9992586652542659
9,6610.891648658189,0.9999809798399764
10,6610.932966860113,1.0003437061931477
11,6610.974285320276,1.0010133110430246
12,6611.015604038679,1.001524401747788
13,6611.056923015326,1.000028844240983
14,6611.0982422502175,1.0013823963300792
15,6611.1395617433545,0.9998163305531493
16,6611.180881494739,1.0027506808594375
17,6611.222201504373,1.0019934037060312
18,6611.263521772257,1.0010892722704907
19,6611.304842298396,0.9989549502414812
20,6611.346163082787,0.9990343528563391
21,6611.387484125434,0.9972307984149561
22,6611.428805426338,0.999129071177248
23,6611.470126985501,1.0004690168812127
24,6611.511448802926,1.00032287471573
25,6611.552770878612,0.9986241195916689
26,6611.594093212561,0.99943990524825
27,6611.635415804777,1.0013688764258615
28,6611.676738655259,0.9989555763443746
29,6611.71806176401,1.0003964254270574
30,6611.759385131031,0.9992685598610379
31,6611.800708756325,1.0000686908886471
32,6611.842032639891,0.9981592805668414
33,6611.883356781732,0.9997708722440566
34,6611.92468118185,1.000074465924416
35,6611.966005840247,1.0003282294969973
36,6612.007330756924,0.9990418385628371
37,6612.048655931882,1.0020636745403753
38,6612.089981365122,1.001095300046937
39,6612.1313070566475,1.0007906812589393
40,6612.172633006461,0.9960075801188109
41,6612.21395921456,0.9985446340824065
42,6612.255285680951,1.0009531391031756
43,6612.296612405632,0.9994477530117007
44,6612.337939388606,1.0015282588806793
45,6612.379266629874,1.0014951718772485
46,6612.4205941294385,1.0010957584415623
47,6612.461921887301,0.9987102932567012
48,6612.503249903462,1.0005231944040511
49,6612.5445781779235,1.0006455196783688
50,6612.585906710689,1.0008884515082834
51,6612.627235501758,1.0021802567289397
52,6612.6685645511325,1.0010487439084947
53,6612.709893858816,1.001115661532569
54,6612.751223424807,1.0026118295183368
55,6612.792553249108,1.0023088686926391
56,6612.833883331722,1.0000584561709989
57,6612.875213672652,0.9982497922018292
58,6612.916544271893,0.99149446854458
59,6612.957875129454,0.9938758749711761
60,6612.999206245333,0.985676521750135
61,6613.040537619532,0.9829273672207252
62,6613.081869252053,0.9750225676911823
63,6613.1232011428965,0.9670031635691358
64,6613.164533292067,0.9595273931606577
65,6613.205865699564,0.9600220043025559
66,6613.2471983653895,0.9578474068331512
67,6613.288531289543,0.9606398806015719
68,6613.32986447203,0.9608213013094073
69,6613.371197912849,0.9590351580533917
70,6613.412531612004,0.9555784378517413
71,6613.453865569493,0.9487377642562715
72,6613.495199785323,0.947681648138832
73,6613.536534259492,0.9456391664524014
74,6613.577868992001,0.9479569663713633
75,6613.619203982854,0.949584866778642
76,6613.660539232052,0.9526244309038
77,6613.701874739593,0.9553834546408779
78,6613.743210505485,0.9567812091196509
79,6613.784546529727,0.9569924541350955
80,6613.825882812315,0.958905588779401
81,6613.86721935326,0.9593380408295996
82,6613.90855615256,0.9617967344513574
83,6613.949893210212,0.967563536544607
84,6613.991230526224,0.9725324283295148
85,6614.032568100594,0.9764096772206425
86,6614.073905933326,0.9768349577135376
87,6614.115244024419,0.9802087292577738
88,6614.156582373876,0.9800326187985418
89,6614.197920981699,0.9818023402999944
90,6614.239259847887,0.9825499567029717
91,6614.280598972447,0.9826541711559986
92,6614.321938355373,0.9857835077761735
93,6614.363277996676,0.9869448907533676
94,6614.40461789635,0.9919507602765679
95,6614.4459580544,0.9911223071342198
96,6614.487298470825,0.9902442979477293
97,6614.52863914563,0.9902589879330286
98,6614.569980078814,0.9893220015458343
99,6614.611321270381,0.9920127186159123
100,6614.652662720331,0.9945674885023188
101,6614.694004428666,0.9961001465800906
102,6614.735346395386,0.9966509977077718
103,6614.776688620495,0.9954705551981888
104,6614.818031103994,0.9945315738989994
105,6614.859373845884,0.9958696865606615
106,6614.9007168461685,0.9963044921209402
107,6614.942060104845,0.9995076467602825
108,6614.983403621919,0.9972489106856459
109,6615.024747397391,0.99872661388499
110,6615.066091431261,0.9995697623090883
111,6615.107435723531,0.9990233348426828
112,6615.148780274208,0.9985703900255888
113,6615.190125083286,1.0015387826807565
114,6615.231470150771,1.00128285695048
115,6615.272815476663,1.001756362033442
116,6615.3141610609655,1.0005044245358004
117,6615.3555069036765,1.003491701540937
118,6615.396853004801,0.9996175089868633
119,6615.438199364339,1.0014139290122652
120,6615.4795459822935,0.9992973790889031
121,6615.520892858664,1.0034094978688217
122,6615.562239993455,1.0022630237039432
123,6615.603587386664,0.9999998096742158
124,6615.6449350382945,1.000752106066652
125,6615.686282948352,0.9981067600216882
126,6615.727631116833,1.0002720890079038
127,6615.76897954374,0.998495056839114
128,6615.810328229079,1.000550923218829
129,6615.851677172845,1.0028360294657892
130,6615.893026375042,1.0020798616651798
131,6615.934375835674,1.0021799161241927
132,6615.975725554738,1.0022905769563661
133,6616.017075532242,1.0026820316309601
134,6616.058425768184,0.9935381372842157
135,6616.099776262566,0.9895801249840677
136,6616.1411270153885,0.9978040654131569
137,6616.1824780266525,1.0007837869051184
138,6616.223829296364,0.9998637285656974
139,6616.265180824519,0.9995748745564424
140,6616.306532611125,0.9988362544109798
141,6616.347884656177,0.9992165121198591
142,6616.3892369596815,0.9997263427774212
143,6616.430589521639,0.9982918334856
144,6616.471942342049,1.0002388311738601
145,6616.5132954209175,0.9986873900790663
146,6616.554648758243,1.00097007341033
147,6616.596002354027,1.0003731601113242
148,6616.637356208272,0.999533287640493
149,6616.67871032098,1.0025507127200062
150,6616.720064692151,1.004305817555326
151,6616.76141932179,1.0024863213676827
152,6616.802774209893,1.0019967749458951
153,6616.8441293564665,1.0004740557755134
154,6616.885484761508,0.9984010994746617
155,6616.926840425026,0.9986902896802623
156,6616.968196347017,1.0000285235554456
157,6617.009552527479,1.0008234528647033
158,6617.050908966424,0.9993354802679462
159,6617.092265663841,1.001930535325846
160,6617.133622619743,0.9992871549829078
161,6617.174979834124,1.0017669930085003
162,6617.2163373069925,1.0002483015207693
163,6617.257695038343,0.9982345709799898
164,6617.299053028179,0.9991701859674571
165,6617.340411276505,0.9997404073597534
166,6617.38176978332,0.99748717895848
167,6617.423128548627,1.001243475728042
168,6617.464487572425,1.000101150342316
169,6617.50584685472,0.9976875743587708
170,6617.547206395511,1.001564419836237
171,6617.588566194801,1.0008851479112757
172,6617.629926252589,0.9992117709590581
173,6617.67128656888,0.9984599092601387
174,6617.71264714367,0.9978454108312583
175,6617.754007976969,0.9997617996955879
176,6617.795369068772,1.0004799912444384
177,6617.836730419082,0.9987387633860754
178,6617.8780920279005,1.000190665771366
179,6617.9194538952315,1.0028956649947627
180,6617.9608160210755,1.0015182525235589