     Position                    Intensity
 6.61802918795701E+0003	 7.84413327278729E-0028
 6.61802539371835E+0003	 9.32080365292132E-0028
 6.61802159947969E+0003	 1.10528256189215E-0027
 6.61801780524103E+0003	 1.30803316749091E-0027
 6.61801401100236E+0003	 1.54491237842841E-0027
 6.61801021676370E+0003	 1.82113876996245E-0027
 6.61800642252504E+0003	 2.14264881112807E-0027
 6.61800262828638E+0003	 2.51618531990172E-0027
 6.61799883404772E+0003	 2.94939581055781E-0027
 6.61799503980906E+0003	 3.45094178925680E-0027
 6.61799124557039E+0003	 4.03062016984275E-0027
 6.61798745133173E+0003	 4.69949811071725E-0027
 6.61798365709307E+0003	 5.47006271673297E-0027
 6.61797986285441E+0003	 6.35638720862824E-0027
 6.61797606861575E+0003	 7.37431533800576E-0027
 6.61797227437709E+0003	 8.54166601973601E-0027
 6.61796848013842E+0003	 9.87846036753484E-0027
 6.61796468589976E+0003	 1.14071735540358E-0026
 6.61796089166110E+0003	 1.31530141757924E-0026
 6.61795709742244E+0003	 1.51442340882923E-0026
 6.61795330318378E+0003	 1.74124719884130E-0026
 6.61794950894512E+0003	 1.99931343641458E-0026
 6.61794571470645E+0003	 2.29258178064624E-0026
 6.61794192046779E+0003	 2.62547770887347E-0026
 6.61793812622913E+0003	 3.00294438682953E-0026
 6.61793433199047E+0003	 3.43050013560360E-0026
 6.61793053775181E+0003	 3.91430208372518E-0026
 6.61792674351315E+0003	 4.46121665145719E-0026
 6.61792294927449E+0003	 5.07889757865752E-0026
 6.61791915503582E+0003	 5.77587227789201E-0026
 6.61791536079716E+0003	 6.56163737144917E-0026
 6.61791156655850E+0003	 7.44676435518251E-0026
 6.61790777231984E+0003	 8.44301642442801E-0026
 6.61790397808118E+0003	 9.56347759843253E-0026
 6.61790018384252E+0003	 1.08226953906927E-0025
 6.61789638960385E+0003	 1.22368383943495E-0025
 6.61789259536519E+0003	 1.38238702854237E-0025
 6.61788880112653E+0003	 1.56037418934346E-0025
 6.61788500688787E+0003	 1.75986031501727E-0025
 6.61788121264921E+0003	 1.98330369045709E-0025
 6.61787741841055E+0003	 2.23343167863665E-0025
 6.61787362417188E+0003	 2.51326915153408E-0025
 6.61786982993322E+0003	 2.82616982883017E-0025
 6.61786603569456E+0003	 3.17585081347525E-0025
 6.61786224145590E+0003	 3.56643064166611E-0025
 6.61785844721724E+0003	 4.00247119604096E-0025
 6.61785465297858E+0003	 4.48902386525616E-0025
 6.61785085873991E+0003	 5.03168037084784E-0025
 6.61784706450125E+0003	 5.63662872371982E-0025
 6.61784327026259E+0003	 6.31071481808040E-0025
 6.61783947602393E+0003	 7.06151022054267E-0025
 6.61783568178527E+0003	 7.89738676680452E-0025
 6.61783188754661E+0003	 8.82759863826463E-0025
 6.61782809330794E+0003	 9.86237265656998E-0025
 6.61782429906928E+0003	 1.10130076059255E-0024
 6.61782050483062E+0003	 1.22919834715620E-0024
 6.61781671059196E+0003	 1.37130815686272E-0024
 6.61781291635330E+0003	 1.52915166295550E-0024
 6.61780912211464E+0003	 1.70440820203462E-0024
 6.61780532787598E+0003	 1.89893093678707E-0024
 6.61780153363731E+0003	 2.11476440020580E-0024
 6.61779773939865E+0003	 2.35416377494989E-0024
 6.61779394515999E+0003	 2.61961607594525E-0024
 6.61779015092133E+0003	 2.91386342005015E-0024
 6.61778635668267E+0003	 3.23992858371885E-0024
 6.61778256244401E+0003	 3.60114306820482E-0024
 6.61777876820534E+0003	 4.00117791207655E-0024
 6.61777497396668E+0003	 4.44407751281211E-0024
 6.61777117972802E+0003	 4.93429674314033E-0024
 6.61776738548936E+0003	 5.47674167377281E-0024
 6.61776359125070E+0003	 6.07681424239831E-0024
 6.61775979701204E+0003	 6.74046123948925E-0024
 6.61775600277337E+0003	 7.47422801481291E-0024
 6.61775220853471E+0003	 8.28531734478786E-0024
 6.61774841429605E+0003	 9.18165394023962E-0024
 6.61774462005739E+0003	 1.01719551169790E-0023
 6.61774082581873E+0003	 1.12658081982686E-0023
 6.61773703158007E+0003	 1.24737552690061E-0023
 6.61773323734140E+0003	 1.38073859567287E-0023
 6.61772944310274E+0003	 1.52794389747359E-0023
 6.61772564886408E+0003	 1.69039132282271E-0023
 6.61772185462542E+0003	 1.86961893558303E-0023
 6.61771806038676E+0003	 2.06731626568386E-0023
 6.61771426614810E+0003	 2.28533884394544E-0023
 6.61771047190944E+0003	 2.52572409180331E-0023
 6.61770667767077E+0003	 2.79070868884171E-0023
 6.61770288343211E+0003	 3.08274755207402E-0023
 6.61769908919345E+0003	 3.40453457293699E-0023
 6.61769529495479E+0003	 3.75902527108518E-0023
 6.61769150071613E+0003	 4.14946153837801E-0023
 6.61768770647747E+0003	 4.57939866204585E-0023
 6.61768391223880E+0003	 5.05273483301628E-0023
 6.61768011800014E+0003	 5.57374336389297E-0023
 6.61767632376148E+0003	 6.14710786123417E-0023
 6.61767252952282E+0003	 6.77796061871091E-0023
 6.61766873528416E+0003	 7.47192452157895E-0023
 6.61766494104550E+0003	 8.23515877882740E-0023
 6.61766114680683E+0003	 9.07440882753379E-0023
 6.61765735256817E+0003	 9.99706078453471E-0023
 6.61765355832951E+0003	 1.10112008536995E-0022
 6.61764976409085E+0003	 1.21256801330709E-0022
 6.61764596985219E+0003	 1.33501853051255E-0022
 6.61764217561353E+0003	 1.46953157356351E-0022
 6.61763838137486E+0003	 1.61726675523258E-0022
 6.61763458713620E+0003	 1.77949253239971E-0022
 6.61763079289754E+0003	 1.95759620142634E-0022
 6.61762699865888E+0003	 2.15309479419199E-0022
 6.61762320442022E+0003	 2.36764695424457E-0022
 6.61761941018156E+0003	 2.60306587926919E-0022
 6.61761561594289E+0003	 2.86133342337510E-0022
 6.61761182170423E+0003	 3.14461546057702E-0022
 6.61760802746557E+0003	 3.45527861935208E-0022
 6.61760423322691E+0003	 3.79590850733250E-0022
 6.61760043898825E+0003	 4.16932955510302E-0022
 6.61759664474959E+0003	 4.57862661876322E-0022
 6.61759285051093E+0003	 5.02716849245260E-0022
 6.61758905627226E+0003	 5.51863349448521E-0022
 6.61758526203360E+0003	 6.05703730417138E-0022
 6.61758146779494E+0003	 6.64676324089563E-0022
 6.61757767355628E+0003	 7.29259519265397E-0022
 6.61757387931762E+0003	 7.99975341812234E-0022
 6.61757008507896E+0003	 8.77393346452816E-0022
 6.61756629084029E+0003	 9.62134846323575E-0022
 6.61756249660163E+0003	 1.05487750861493E-0021
 6.61755870236297E+0003	 1.15636034689096E-0021
 6.61755490812431E+0003	 1.26738914315485E-0021
 6.61755111388565E+0003	 1.38884233539165E-0021
 6.61754731964699E+0003	 1.52167740919759E-0021
 6.61754352540832E+0003	 1.66693783521221E-0021
 6.61753973116966E+0003	 1.82576059742560E-0021
 6.61753593693100E+0003	 1.99938436105752E-0021
 6.61753214269234E+0003	 2.18915833262018E-0021
 6.61752834845368E+0003	 2.39655186900545E-0021
 6.61752455421502E+0003	 2.62316489700471E-0021
 6.61752075997635E+0003	 2.87073920960262E-0021
 6.61751696573769E+0003	 3.14117071071169E-0021
 6.61751317149903E+0003	 3.43652268576322E-0021
 6.61750937726037E+0003	 3.75904018177224E-0021
 6.61750558302171E+0003	 4.11116558718136E-0021
 6.61750178878305E+0003	 4.49555550899519E-0021
 6.61749799454438E+0003	 4.91509905247623E-0021
 6.61749420030572E+0003	 5.37293761702214E-0021
 6.61749040606706E+0003	 5.87248633081669E-0021
 6.61748661182840E+0003	 6.41745725648268E-0021
 6.61748281758974E+0003	 7.01188451029995E-0021
 6.61747902335108E+0003	 7.66015144862573E-0021
 6.61747522911242E+0003	 8.36702008700802E-0021
 6.61747143487375E+0003	 9.13766293015657E-0021
 6.61746764063509E+0003	 9.97769740447342E-0021
 6.61746384639643E+0003	 1.08932230992939E-0020
 6.61746005215777E+0003	 1.18908620383953E-0020
 6.61745625791911E+0003	 1.29778022197487E-0020
 6.61745246368045E+0003	 1.41618446789808E-0020
 6.61744866944178E+0003	 1.54514543506335E-0020
 6.61744487520312E+0003	 1.68558150211385E-0020
 6.61744108096446E+0003	 1.83848886885381E-0020
 6.61743728672580E+0003	 2.00494796664707E-0020
 6.61743349248714E+0003	 2.18613037939037E-0020
 6.61742969824848E+0003	 2.38330631376445E-0020
 6.61742590400981E+0003	 2.59785266019231E-0020
 6.61742210977115E+0003	 2.83126168884535E-0020
 6.61741831553249E+0003	 3.08515042814939E-0020
 6.61741452129383E+0003	 3.36127077657163E-0020
 6.61741072705517E+0003	 3.66152040203256E-0020
 6.61740693281651E+0003	 3.98795448710574E-0020
 6.61740313857784E+0003	 4.34279838226056E-0020
 6.61739934433918E+0003	 4.72846123379290E-0020
 6.61739555010052E+0003	 5.14755065779687E-0020
 6.61739175586186E+0003	 5.60288853658089E-0020
 6.61738796162320E+0003	 6.09752801934726E-0020
 6.61738416738454E+0003	 6.63477181475812E-0020
 6.61738037314587E+0003	 7.21819186922795E-0020
 6.61737657890721E+0003	 7.85165053143397E-0020
 6.61737278466855E+0003	 8.53932331064601E-0020
 6.61736899042989E+0003	 9.28572334406634E-0020
 6.61736519619123E+0003	 1.00957276964603E-0019
 6.61736140195257E+0003	 1.09746056239702E-0019
 6.61735760771391E+0003	 1.19280489431566E-0019
 6.61735381347524E+0003	 1.29622046560268E-0019
 6.61735001923658E+0003	 1.40837099921025E-0019
 6.61734622499792E+0003	 1.52997300394764E-0019
 6.61734243075926E+0003	 1.66179981483232E-0019
 6.61733863652060E+0003	 1.80468593025006E-0019
 6.61733484228194E+0003	 1.95953166677102E-0019
 6.61733104804327E+0003	 2.12730815382347E-0019
 6.61732725380461E+0003	 2.30906269185492E-0019
 6.61732345956595E+0003	 2.50592449911689E-0019
 6.61731966532729E+0003	 2.71911087379886E-0019
 6.61731587108863E+0003	 2.94993379991461E-0019
 6.61731207684997E+0003	 3.19980702711722E-0019
 6.61730828261130E+0003	 3.47025365649382E-0019
 6.61730448837264E+0003	 3.76291426637771E-0019
 6.61730069413398E+0003	 4.07955561432131E-0019
 6.61729689989532E+0003	 4.42207995361091E-0019
 6.61729310565666E+0003	 4.79253500508397E-0019
 6.61728931141800E+0003	 5.19312462754439E-0019
 6.61728551717933E+0003	 5.62622023277530E-0019
 6.61728172294067E+0003	 6.09437299403639E-0019
 6.61727792870201E+0003	 6.60032690002004E-0019
 6.61727413446335E+0003	 7.14703270954265E-0019
 6.61727034022469E+0003	 7.73766286578435E-0019
 6.61726654598603E+0003	 8.37562743267683E-0019
 6.61726275174736E+0003	 9.06459112009616E-0019
 6.61725895750870E+0003	 9.80849146886348E-0019
 6.61725516327004E+0003	 1.06115582712112E-0018
 6.61725136903138E+0003	 1.14783343073578E-0018
 6.61724757479272E+0003	 1.24136974841665E-0018
 6.61724378055406E+0003	 1.34228844675741E-0018
 6.61723998631540E+0003	 1.45115159065763E-0018
 6.61723619207673E+0003	 1.56856233530763E-0018
 6.61723239783807E+0003	 1.69516779888736E-0018
 6.61722860359941E+0003	 1.83166212785006E-0018
 6.61722480936075E+0003	 1.97878976745599E-0018
 6.61722101512209E+0003	 2.13734895106757E-0018
 6.61721722088343E+0003	 2.30819542262172E-0018
 6.61721342664476E+0003	 2.49224640765876E-0018
 6.61720963240610E+0003	 2.69048484931622E-0018
 6.61720583816744E+0003	 2.90396392679469E-0018
 6.61720204392878E+0003	 3.13381187497561E-0018
 6.61719824969012E+0003	 3.38123712512538E-0018
 6.61719445545146E+0003	 3.64753378796166E-0018
 6.61719066121279E+0003	 3.93408750179420E-0018
 6.61718686697413E+0003	 4.24238166999213E-0018
 6.61718307273547E+0003	 4.57400411368168E-0018
 6.61717927849681E+0003	 4.93065416735240E-0018
 6.61717548425815E+0003	 5.31415024695744E-0018
 6.61717169001949E+0003	 5.72643792214611E-0018
 6.61716789578082E+0003	 6.16959852647776E-0018
 6.61716410154216E+0003	 6.64585834184792E-0018
 6.61716030730350E+0003	 7.15759839592708E-0018
 6.61715651306484E+0003	 7.70736491418140E-0018
 6.61715271882618E+0003	 8.29788047103321E-0018
 6.61714892458752E+0003	 8.93205588793905E-0018
 6.61714513034885E+0003	 9.61300292963462E-0018
 6.61714133611019E+0003	 1.03440478535332E-0017
 6.61713754187153E+0003	 1.11287458712856E-0017
 6.61713374763287E+0003	 1.19708965858270E-0017
 6.61712995339421E+0003	 1.28745604718750E-0017
 6.61712615915555E+0003	 1.38440764727987E-0017
 6.61712236491689E+0003	 1.48840807920922E-0017
 6.61711857067822E+0003	 1.59995269633367E-0017
 6.61711477643956E+0003	 1.71957072885658E-0017
 6.61711098220090E+0003	 1.84782757413411E-0017
 6.61710718796224E+0003	 1.98532724376266E-0017
 6.61710339372358E+0003	 2.13271497847120E-0017
 6.61709959948492E+0003	 2.29068004259951E-0017
 6.61709580524625E+0003	 2.45995871073783E-0017
 6.61709201100759E+0003	 2.64133745993862E-0017
 6.61708821676893E+0003	 2.83565638178541E-0017
 6.61708442253027E+0003	 3.04381282951859E-0017
 6.61708062829161E+0003	 3.26676531637359E-0017
 6.61707683405295E+0003	 3.50553768228318E-0017
 6.61707303981428E+0003	 3.76122354713479E-0017
 6.61706924557562E+0003	 4.03499106985606E-0017
 6.61706545133696E+0003	 4.32808803372970E-0017
 6.61706165709830E+0003	 4.64184727951505E-0017
 6.61705786285964E+0003	 4.97769250918202E-0017
 6.61705406862098E+0003	 5.33714448434660E-0017
 6.61705027438231E+0003	 5.72182764484407E-0017
 6.61704648014365E+0003	 6.13347717428997E-0017
 6.61704268590499E+0003	 6.57394654097051E-0017
 6.61703889166633E+0003	 7.04521554398157E-0017
 6.61703509742767E+0003	 7.54939889620938E-0017
 6.61703130318901E+0003	 8.08875537753027E-0017
 6.61702750895034E+0003	 8.66569759351266E-0017
 6.61702371471168E+0003	 9.28280237694926E-0017
 6.61701992047302E+0003	 9.94282187174616E-0017
 6.61701612623436E+0003	 1.06486953410648E-0016
 6.61701233199570E+0003	 1.14035617441735E-0016
 6.61700853775704E+0003	 1.22107731292306E-0016
 6.61700474351838E+0003	 1.30739088922218E-0016
 6.61700094927971E+0003	 1.39967909555108E-0016
 6.61699715504105E+0003	 1.49834999229748E-0016
 6.61699336080239E+0003	 1.60383922724912E-0016
 6.61698956656373E+0003	 1.71661186506353E-0016
 6.61698577232507E+0003	 1.83716433388704E-0016
 6.61698197808641E+0003	 1.96602649652625E-0016
 6.61697818384774E+0003	 2.10376385408612E-0016
 6.61697438960908E+0003	 2.25097989053587E-0016
 6.61697059537042E+0003	 2.40831856724877E-0016
 6.61696680113176E+0003	 2.57646697718640E-0016
 6.61696300689310E+0003	 2.75615816906158E-0016
 6.61695921265444E+0003	 2.94817415251992E-0016
 6.61695541841577E+0003	 3.15334909612751E-0016
 6.61695162417711E+0003	 3.37257273074275E-0016
 6.61694782993845E+0003	 3.60679397168653E-0016
 6.61694403569979E+0003	 3.85702477400541E-0016
 6.61694024146113E+0003	 4.12434423605198E-0016
 6.61693644722247E+0003	 4.40990296758373E-0016
 6.61693265298380E+0003	 4.71492773961185E-0016
 6.61692885874514E+0003	 5.04072643431346E-0016
 6.61692506450648E+0003	 5.38869331446109E-0016
 6.61692127026782E+0003	 5.76031463302159E-0016
 6.61691747602916E+0003	 6.15717460483981E-0016
 6.61691368179050E+0003	 6.58096176365091E-0016
 6.61690988755183E+0003	 7.03347572906646E-0016
 6.61690609331317E+0003	 7.51663440965521E-0016
 6.61690229907451E+0003	 8.03248166979658E-0016
 6.61689850483585E+0003	 8.58319548962649E-0016
 6.61689471059719E+0003	 9.17109664912782E-0016
 6.61689091635853E+0003	 9.79865796924542E-0016
 6.61688712211987E+0003	 1.04685141448348E-0015
 6.61688332788120E+0003	 1.11834722062883E-0015
 6.61687953364254E+0003	 1.19465226488295E-0015
 6.61687573940388E+0003	 1.27608512707311E-0015
 6.61687194516522E+0003	 1.36298517641007E-0015
 6.61686815092656E+0003	 1.45571391043955E-0015
 6.61686435668790E+0003	 1.55465637874848E-0015
 6.61686056244923E+0003	 1.66022269658796E-0015
 6.61685676821057E+0003	 1.77284965387048E-0015
 6.61685297397191E+0003	 1.89300242531094E-0015
 6.61684917973325E+0003	 2.02117638781099E-0015
 6.61684538549459E+0003	 2.15789905153440E-0015
 6.61684159125593E+0003	 2.30373211149129E-0015
 6.61683779701726E+0003	 2.45927362683979E-0015
 6.61683400277860E+0003	 2.62516033553051E-0015
 6.61683020853994E+0003	 2.80207011236109E-0015
 6.61682641430128E+0003	 2.99072457898002E-0015
 6.61682262006262E+0003	 3.19189187488201E-0015
 6.61681882582396E+0003	 3.40638959897493E-0015
 6.61681503158529E+0003	 3.63508793187366E-0015
 6.61681123734663E+0003	 3.87891294969248E-0015
 6.61680744310797E+0003	 4.13885014076741E-0015
 6.61680364886931E+0003	 4.41594813744753E-0015
 6.61679985463065E+0003	 4.71132267585229E-0015
 6.61679606039199E+0003	 5.02616079730333E-0015
 6.61679226615332E+0003	 5.36172530600772E-0015
 6.61678847191466E+0003	 5.71935949849793E-0015
 6.61678467767600E+0003	 6.10049218132358E-0015
 6.61678088343734E+0003	 6.50664299454497E-0015
 6.61677708919868E+0003	 6.93942805969947E-0015
 6.61677329496002E+0003	 7.40056597210116E-0015
 6.61676950072136E+0003	 7.89188415859263E-0015
 6.61676570648269E+0003	 8.41532562319746E-0015
 6.61676191224403E+0003	 8.97295610452240E-0015
 6.61675811800537E+0003	 9.56697167023109E-0015
 6.61675432376671E+0003	 1.01997067754569E-0014
 6.61675052952805E+0003	 1.08736428136419E-0014
 6.61674673528939E+0003	 1.15914171899818E-0014
 6.61674294105072E+0003	 1.23558329494276E-0014
 6.61673914681206E+0003	 1.31698689930413E-0014
 6.61673535257340E+0003	 1.40366909184314E-0014
 6.61673155833474E+0003	 1.49596625220054E-0014
 6.61672776409608E+0003	 1.59423580028770E-0014
 6.61672396985742E+0003	 1.69885749104617E-0014
 6.61672017561875E+0003	 1.81023478800897E-0014
 6.61671638138009E+0003	 1.92879632033710E-0014
 6.61671258714143E+0003	 2.05499742825761E-0014
 6.61670879290277E+0003	 2.18932180209522E-0014
 6.61670499866411E+0003	 2.33228322036972E-0014
 6.61670120442545E+0003	 2.48442739272765E-0014
 6.61669741018678E+0003	 2.64633391379024E-0014
 6.61669361594812E+0003	 2.81861833433229E-0014
 6.61668982170946E+0003	 3.00193435656012E-0014
 6.61668602747080E+0003	 3.19697616063313E-0014
 6.61668223323214E+0003	 3.40448086997363E-0014
 6.61667843899348E+0003	 3.62523116333708E-0014
 6.61667464475481E+0003	 3.86005804206935E-0014
 6.61667085051615E+0003	 4.10984376146276E-0014
 6.61666705627749E+0003	 4.37552493563849E-0014
 6.61666326203883E+0003	 4.65809582593268E-0014
 6.61665946780017E+0003	 4.95861182334643E-0014
 6.61665567356151E+0003	 5.27819313623977E-0014
 6.61665187932285E+0003	 5.61802869510543E-0014
 6.61664808508418E+0003	 5.97938028695207E-0014
 6.61664429084552E+0003	 6.36358693255969E-0014
 6.61664049660686E+0003	 6.77206952064207E-0014
 6.61663670236820E+0003	 7.20633571376425E-0014
 6.61663290812954E+0003	 7.66798514171775E-0014
 6.61662911389088E+0003	 8.15871489895310E-0014
 6.61662531965221E+0003	 8.68032536361016E-0014
 6.61662152541355E+0003	 9.23472635667325E-0014
 6.61661773117489E+0003	 9.82394366081059E-0014
 6.61661393693623E+0003	 1.04501259195403E-0013
 6.61661014269757E+0003	 1.11155519384996E-0013
 6.61660634845891E+0003	 1.18226384117817E-0013
 6.61660255422024E+0003	 1.25739480975548E-0013
 6.61659875998158E+0003	 1.33721984684869E-0013
 6.61659496574292E+0003	 1.42202708638781E-0013
 6.61659117150426E+0003	 1.51212201718579E-0013
 6.61658737726560E+0003	 1.60782850715306E-0013
 6.61658358302694E+0003	 1.70948988665764E-0013
 6.61657978878827E+0003	 1.81747009435208E-0013
 6.61657599454961E+0003	 1.93215488896981E-0013
 6.61657220031095E+0003	 2.05395313078557E-0013
 6.61656840607229E+0003	 2.18329813663746E-0013
 6.61656461183363E+0003	 2.32064911262469E-0013
 6.61656081759497E+0003	 2.46649266882312E-0013
 6.61655702335630E+0003	 2.62134442060381E-0013
 6.61655322911764E+0003	 2.78575068139666E-0013
 6.61654943487898E+0003	 2.96029025201305E-0013
 6.61654564064032E+0003	 3.14557631192946E-0013
 6.61654184640166E+0003	 3.34225841823753E-0013
 6.61653805216300E+0003	 3.55102461828627E-0013
 6.61653425792434E+0003	 3.77260368237974E-0013
 6.61653046368567E+0003	 4.00776746324734E-0013
 6.61652666944701E+0003	 4.25733338937634E-0013
 6.61652287520835E+0003	 4.52216709968585E-0013
 6.61651908096969E+0003	 4.80318522742914E-0013
 6.61651528673103E+0003	 5.10135834163798E-0013
 6.61651149249237E+0003	 5.41771405486760E-0013
 6.61650769825370E+0003	 5.75334030646586E-0013
 6.61650390401504E+0003	 6.10938883107487E-0013
 6.61650010977638E+0003	 6.48707882257968E-0013
 6.61649631553772E+0003	 6.88770080424618E-0013
 6.61649252129906E+0003	 7.31262071634278E-0013
 6.61648872706040E+0003	 7.76328423311641E-0013
 6.61648493282173E+0003	 8.24122132159806E-0013
 6.61648113858307E+0003	 8.74805105534596E-0013
 6.61647734434441E+0003	 9.28548669689931E-0013
 6.61647355010575E+0003	 9.85534106341584E-0013
 6.61646975586709E+0003	 1.04595321907035E-0012
 6.61646596162843E+0003	 1.11000893116354E-0012
 6.61646216738976E+0003	 1.17791591657609E-0012
 6.61645837315110E+0003	 1.24990126577971E-0012
 6.61645457891244E+0003	 1.32620518836110E-0012
 6.61645078467378E+0003	 1.40708175432835E-0012
 6.61644699043512E+0003	 1.49279967618878E-0012
 6.61644319619646E+0003	 1.58364313397267E-0012
 6.61643940195779E+0003	 1.67991264549449E-0012
 6.61643560771913E+0003	 1.78192598426900E-0012
 6.61643181348047E+0003	 1.89001914763209E-0012
 6.61642801924181E+0003	 2.00454737775738E-0012
 6.61642422500315E+0003	 2.12588623840932E-0012
 6.61642043076449E+0003	 2.25443275043145E-0012
 6.61641663652583E+0003	 2.39060658913615E-0012
 6.61641284228716E+0003	 2.53485134693807E-0012
 6.61640904804850E+0003	 2.68763586475900E-0012
 6.61640525380984E+0003	 2.84945563592612E-0012
 6.61640145957118E+0003	 3.02083428648830E-0012
 6.61639766533252E+0003	 3.20232513608597E-0012
 6.61639387109386E+0003	 3.39451284372873E-0012
 6.61639007685519E+0003	 3.59801514305931E-0012
 6.61638628261653E+0003	 3.81348467191341E-0012
 6.61638248837787E+0003	 4.04161090121912E-0012
 6.61637869413921E+0003	 4.28312216851776E-0012
 6.61637489990055E+0003	 4.53878782162638E-0012
 6.61637110566189E+0003	 4.80942047820172E-0012
 6.61636731142322E+0003	 5.09587840720288E-0012
 6.61636351718456E+0003	 5.39906803848502E-0012
 6.61635972294590E+0003	 5.71994660698884E-0012
 6.61635592870724E+0003	 6.05952493821939E-0012
 6.61635213446858E+0003	 6.41887038193347E-0012
 6.61634834022992E+0003	 6.79910990118090E-0012
 6.61634454599125E+0003	 7.20143332407110E-0012
 6.61634075175259E+0003	 7.62709676586952E-0012
 6.61633695751393E+0003	 8.07742622927274E-0012
 6.61633316327527E+0003	 8.55382139097385E-0012
 6.61632936903661E+0003	 9.05775958292004E-0012
 6.61632557479795E+0003	 9.59079997699364E-0012
 6.61632178055928E+0003	 1.01545879822262E-0011
 6.61631798632062E+0003	 1.07508598640989E-0011
 6.61631419208196E+0003	 1.13814475960022E-0011
 6.61631039784330E+0003	 1.20482839535464E-0011
 6.61630660360464E+0003	 1.27534078631334E-0011
 6.61630280936598E+0003	 1.34989700170536E-0011
 6.61629901512732E+0003	 1.42872387683538E-0011
 6.61629522088865E+0003	 1.51206063198598E-0011
 6.61629142664999E+0003	 1.60015952230281E-0011
 6.61628763241133E+0003	 1.69328652037629E-0011
 6.61628383817267E+0003	 1.79172203339515E-0011
 6.61628004393401E+0003	 1.89576165692584E-0011
 6.61627624969535E+0003	 2.00571696756482E-0011
 6.61627245545668E+0003	 2.12191635691740E-0011
 6.61626866121802E+0003	 2.24470590957495E-0011
 6.61626486697936E+0003	 2.37445032798780E-0011
 6.61626107274070E+0003	 2.51153390736209E-0011
 6.61625727850204E+0003	 2.65636156393981E-0011
 6.61625348426338E+0003	 2.80935992024803E-0011
 6.61624969002471E+0003	 2.97097845112120E-0011
 6.61624589578605E+0003	 3.14169069450365E-0011
 6.61624210154739E+0003	 3.32199553122302E-0011
 6.61623830730873E+0003	 3.51241853808416E-0011
 6.61623451307007E+0003	 3.71351341876247E-0011
 6.61623071883141E+0003	 3.92586351707095E-0011
 6.61622692459274E+0003	 4.15008341723422E-0011
 6.61622313035408E+0003	 4.38682063582213E-0011
 6.61621933611542E+0003	 4.63675740997509E-0011
 6.61621554187676E+0003	 4.90061258649350E-0011
 6.61621174763810E+0003	 5.17914361626699E-0011
 6.61620795339944E+0003	 5.47314865838946E-0011
 6.61620415916077E+0003	 5.78346879814935E-0011
 6.61620036492211E+0003	 6.11099038290976E-0011
 6.61619657068345E+0003	 6.45664747970853E-0011
 6.61619277644479E+0003	 6.82142445822671E-0011
 6.61618898220613E+0003	 7.20635870260828E-0011
 6.61618518796747E+0003	 7.61254345547762E-0011
 6.61618139372881E+0003	 8.04113079741141E-0011
 6.61617759949014E+0003	 8.49333476509249E-0011
 6.61617380525148E+0003	 8.97043461142200E-0011
 6.61617001101282E+0003	 9.47377821100809E-0011
 6.61616621677416E+0003	 1.00047856146997E-0010
 6.61616242253550E+0003	 1.05649527572062E-0010
 6.61615862829684E+0003	 1.11558553223467E-0010
 6.61615483405817E+0003	 1.17791527711235E-0010
 6.61615103981951E+0003	 1.24365925386042E-0010
 6.61614724558085E+0003	 1.31300144065498E-0010
 6.61614345134219E+0003	 1.38613550598142E-0010
 6.61613965710353E+0003	 1.46326528357904E-0010
 6.61613586286487E+0003	 1.54460526775469E-0010
 6.61613206862620E+0003	 1.63038113028050E-0010
 6.61612827438754E+0003	 1.72083026025054E-0010
 6.61612448014888E+0003	 1.81620232844057E-0010
 6.61612068591022E+0003	 1.91675987788934E-0010
 6.61611689167156E+0003	 2.02277894259793E-0010
 6.61611309743290E+0003	 2.13454969642111E-0010
 6.61610930319423E+0003	 2.25237713439934E-0010
 6.61610550895557E+0003	 2.37658178894789E-0010
 6.61610171471691E+0003	 2.50750048347719E-0010
 6.61609792047825E+0003	 2.64548712616341E-0010
 6.61609412623959E+0003	 2.79091354671610E-0010
 6.61609033200093E+0003	 2.94417037909828E-0010
 6.61608653776226E+0003	 3.10566799324162E-0010
 6.61608274352360E+0003	 3.27583747886162E-0010
 6.61607894928494E+0003	 3.45513168451557E-0010
 6.61607515504628E+0003	 3.64402631505665E-0010
 6.61607136080762E+0003	 3.84302109062235E-0010
 6.61606756656896E+0003	 4.05264097025343E-0010
 6.61606377233030E+0003	 4.27343744317409E-0010
 6.61605997809163E+0003	 4.50598989067526E-0010
 6.61605618385297E+0003	 4.75090702143581E-0010
 6.61605238961431E+0003	 5.00882838299372E-0010
 6.61604859537565E+0003	 5.28042595194685E-0010
 6.61604480113699E+0003	 5.56640580532543E-0010
 6.61604100689833E+0003	 5.86750987544345E-0010
 6.61603721265966E+0003	 6.18451779041017E-0010
 6.61603341842100E+0003	 6.51824880237376E-0010
 6.61602962418234E+0003	 6.86956380548501E-0010
 6.61602582994368E+0003	 7.23936744551881E-0010
 6.61602203570502E+0003	 7.62861032308246E-0010
 6.61601824146636E+0003	 8.03829129238253E-0010
 6.61601444722769E+0003	 8.46945985762271E-0010
 6.61601065298903E+0003	 8.92321866927319E-0010
 6.61600685875037E+0003	 9.40072612269299E-0010
 6.61600306451171E+0003	 9.90319906190700E-0010
 6.61599927027305E+0003	 1.04319155917443E-0009
 6.61599547603439E+0003	 1.09882180020348E-0009
 6.61599168179572E+0003	 1.15735158081417E-0009
 6.61598788755706E+0003	 1.21892889127728E-0009
 6.61598409331840E+0003	 1.28370908947671E-0009
 6.61598029907974E+0003	 1.35185524313815E-0009
 6.61597650484108E+0003	 1.42353848615062E-0009
 6.61597271060242E+0003	 1.49893838981999E-0009
 6.61596891636375E+0003	 1.57824334999480E-0009
 6.61596512212509E+0003	 1.66165099110922E-0009
 6.61596132788643E+0003	 1.74936858829409E-0009
 6.61595753364777E+0003	 1.84161350881315E-0009
 6.61595373940911E+0003	 1.93861367418474E-0009
 6.61594994517045E+0003	 2.04060804444863E-0009
 6.61594615093179E+0003	 2.14784712613022E-0009
 6.61594235669312E+0003	 2.26059350553769E-0009
 6.61593856245446E+0003	 2.37912240910095E-0009
 6.61593476821580E+0003	 2.50372229252095E-0009
 6.61593097397714E+0003	 2.63469546054404E-0009
 6.61592717973848E+0003	 2.77235871920606E-0009
 6.61592338549982E+0003	 2.91704406240471E-0009
 6.61591959126115E+0003	 3.06909939465561E-0009
 6.61591579702249E+0003	 3.22888929186790E-0009
 6.61591200278383E+0003	 3.39679580193981E-0009
 6.61590820854517E+0003	 3.57321928692494E-0009
 6.61590441430651E+0003	 3.75857930845800E-0009
 6.61590062006785E+0003	 3.95331555805775E-0009
 6.61589682582918E+0003	 4.15788883384713E-0009
 6.61589303159052E+0003	 4.37278206515169E-0009
 6.61588923735186E+0003	 4.59850138636015E-0009
 6.61588544311320E+0003	 4.83557726136116E-0009
 6.61588164887454E+0003	 5.08456565981296E-0009
 6.61587785463588E+0003	 5.34604928646250E-0009
 6.61587406039721E+0003	 5.62063886471263E-0009
 6.61587026615855E+0003	 5.90897447564612E-0009
 6.61586647191989E+0003	 6.21172695375621E-0009
 6.61586267768123E+0003	 6.52959934071039E-0009
 6.61585888344257E+0003	 6.86332839858969E-0009
 6.61585508920391E+0003	 7.21368618420141E-0009
 6.61585129496524E+0003	 7.58148168626144E-0009
 6.61584750072658E+0003	 7.96756252748175E-0009
 6.61584370648792E+0003	 8.37281673387853E-0009
 6.61583991224926E+0003	 8.79817457393527E-0009
 6.61583611801060E+0003	 9.24461047060760E-0009
 6.61583232377194E+0003	 9.71314498954048E-0009
 6.61582852953328E+0003	 1.02048469072759E-0008
 6.61582473529461E+0003	 1.07208353636569E-0008
 6.61582094105595E+0003	 1.12622821030702E-0008
 6.61581714681729E+0003	 1.18304138096172E-0008
 6.61581335257863E+0003	 1.24265145417387E-0008
 6.61580955833997E+0003	 1.30519282722567E-0008
 6.61580576410131E+0003	 1.37080615402099E-0008
 6.61580196986264E+0003	 1.43963862212556E-0008
 6.61579817562398E+0003	 1.51184424237800E-0008
 6.61579438138532E+0003	 1.58758415182001E-0008
 6.61579058714666E+0003	 1.66702693072435E-0008
 6.61578679290800E+0003	 1.75034893452672E-0008
 6.61578299866934E+0003	 1.83773464149155E-0008
 6.61577920443067E+0003	 1.92937701696180E-0008
 6.61577541019201E+0003	 2.02547789506058E-0008
 6.61577161595335E+0003	 2.12624837872651E-0008
 6.61576782171469E+0003	 2.23190925897699E-0008
 6.61576402747603E+0003	 2.34269145430324E-0008
 6.61576023323737E+0003	 2.45883647110916E-0008
 6.61575643899870E+0003	 2.58059688611338E-0008
 6.61575264476004E+0003	 2.70823685163994E-0008
 6.61574885052138E+0003	 2.84203262472903E-0008
 6.61574505628272E+0003	 2.98227312100525E-0008
 6.61574126204406E+0003	 3.12926049424704E-0008
 6.61573746780540E+0003	 3.28331074260782E-0008
 6.61573367356673E+0003	 3.44475434244677E-0008
 6.61572987932807E+0003	 3.61393691073581E-0008
 6.61572608508941E+0003	 3.79121989701891E-0008
 6.61572229085075E+0003	 3.97698130591056E-0008
 6.61571849661209E+0003	 4.17161645113255E-0008
 6.61571470237343E+0003	 4.37553874210250E-0008
 6.61571090813477E+0003	 4.58918050410326E-0008
 6.61570711389610E+0003	 4.81299383308196E-0008
 6.61570331965744E+0003	 5.04745148614910E-0008
 6.61569952541878E+0003	 5.29304780887521E-0008
 6.61569573118012E+0003	 5.55029970051433E-0008
 6.61569193694146E+0003	 5.81974761832226E-0008
 6.61568814270280E+0003	 6.10195662218415E-0008
 6.61568434846413E+0003	 6.39751746082217E-0008
 6.61568055422547E+0003	 6.70704770092174E-0008
 6.61567675998681E+0003	 7.03119290059495E-0008
 6.61567296574815E+0003	 7.37062782869547E-0008
 6.61566917150949E+0003	 7.72605773161005E-0008
 6.61566537727083E+0003	 8.09821964928128E-0008
 6.61566158303216E+0003	 8.48788378236364E-0008
 6.61565778879350E+0003	 8.89585491258247E-0008
 6.61565399455484E+0003	 9.32297387855212E-0008
 6.61565020031618E+0003	 9.77011910951680E-0008
 6.61564640607752E+0003	 1.02382082197021E-0007
 6.61564261183886E+0003	 1.07281996662099E-0007
 6.61563881760019E+0003	 1.12410944736443E-0007
 6.61563502336153E+0003	 1.17779380289315E-0007
 6.61563122912287E+0003	 1.23398219500732E-0007
 6.61562743488421E+0003	 1.29278860328613E-0007
 6.61562364064555E+0003	 1.35433202798674E-0007
 6.61561984640689E+0003	 1.41873670163088E-0007
 6.61561605216823E+0003	 1.48613230976630E-0007
 6.61561225792956E+0003	 1.55665422141737E-0007
 6.61560846369090E+0003	 1.63044372976342E-0007
 6.61560466945224E+0003	 1.70764830360596E-0007
 6.61560087521358E+0003	 1.78842185020653E-0007
 6.61559708097492E+0003	 1.87292499009365E-0007
 6.61559328673626E+0003	 1.96132534445235E-0007
 6.61558949249759E+0003	 2.05379783572089E-0007
 6.61558569825893E+0003	 2.15052500202795E-0007
 6.61558190402027E+0003	 2.25169732610932E-0007
 6.61557810978161E+0003	 2.35751357934627E-0007
 6.61557431554295E+0003	 2.46818118156939E-0007
 6.61557052130429E+0003	 2.58391657727139E-0007
 6.61556672706562E+0003	 2.70494562887164E-0007
 6.61556293282696E+0003	 2.83150402767437E-0007
 6.61555913858830E+0003	 2.96383772316269E-0007
 6.61555534434964E+0003	 3.10220337127238E-0007
 6.61555155011098E+0003	 3.24686880229377E-0007
 6.61554775587232E+0003	 3.39811350905811E-0007
 6.61554396163365E+0003	 3.55622915607665E-0007
 6.61554016739499E+0003	 3.72152011031811E-0007
 6.61553637315633E+0003	 3.89430399433174E-0007
 6.61553257891767E+0003	 4.07491226245200E-0007
 6.61552878467901E+0003	 4.26369080085415E-0007
 6.61552499044035E+0003	 4.46100055227020E-0007
 6.61552119620168E+0003	 4.66721816621967E-0007
 6.61551740196302E+0003	 4.88273667566068E-0007
 6.61551360772436E+0003	 5.10796620102175E-0007
 6.61550981348570E+0003	 5.34333468263434E-0007
 6.61550601924704E+0003	 5.58928864264864E-0007
 6.61550222500838E+0003	 5.84629397758019E-0007
 6.61549843076972E+0003	 6.11483678270180E-0007
 6.61549463653105E+0003	 6.39542420956270E-0007
 6.61549084229239E+0003	 6.68858535798574E-0007
 6.61548704805373E+0003	 6.99487220396102E-0007
 6.61548325381507E+0003	 7.31486056492364E-0007
 6.61547945957641E+0003	 7.64915110397080E-0007
 6.61547566533775E+0003	 7.99837037464345E-0007
 6.61547187109908E+0003	 8.36317190796751E-0007
 6.61546807686042E+0003	 8.74423734352255E-0007
 6.61546428262176E+0003	 9.14227760638201E-0007
 6.61546048838310E+0003	 9.55803413185013E-0007
 6.61545669414444E+0003	 9.99228014000831E-0007
 6.61545289990578E+0003	 1.04458219621790E-0006
 6.61544910566711E+0003	 1.09195004215200E-0006
 6.61544531142845E+0003	 1.14141922700777E-0006
 6.61544151718979E+0003	 1.19308116847538E-0006
 6.61543772295113E+0003	 1.24703118247811E-0006
 6.61543392871247E+0003	 1.30336864534509E-0006
 6.61543013447381E+0003	 1.36219716270022E-0006
 6.61542634023514E+0003	 1.42362474537506E-0006
 6.61542254599648E+0003	 1.48776399267204E-0006
 6.61541875175782E+0003	 1.55473228332276E-0006
 6.61541495751916E+0003	 1.62465197450555E-0006
 6.61541116328050E+0003	 1.69765060930546E-0006
 6.61540736904184E+0003	 1.77386113301860E-0006
 6.61540357480317E+0003	 1.85342211872097E-0006
 6.61539978056451E+0003	 1.93647800253889E-0006
 6.61539598632585E+0003	 2.02317932907384E-0006
 6.61539219208719E+0003	 2.11368300744855E-0006
 6.61538839784853E+0003	 2.20815257845326E-0006
 6.61538460360987E+0003	 2.30675849328170E-0006
 6.61538080937121E+0003	 2.40967840435425E-0006
 6.61537701513254E+0003	 2.51709746873292E-0006
 6.61537322089388E+0003	 2.62920866463761E-0006
 6.61536942665522E+0003	 2.74621312157796E-0006
 6.61536563241656E+0003	 2.86832046461843E-0006
 6.61536183817790E+0003	 2.99574917329931E-0006
 6.61535804393924E+0003	 3.12872695574129E-0006
 6.61535424970057E+0003	 3.26749113846972E-0006
 6.61535045546191E+0003	 3.41228907250477E-0006
 6.61534666122325E+0003	 3.56337855627990E-0006
 6.61534286698459E+0003	 3.72102827597042E-0006
 6.61533907274593E+0003	 3.88551826384105E-0006
 6.61533527850727E+0003	 4.05714037525465E-0006
 6.61533148426860E+0003	 4.23619878502495E-0006
 6.61532769002994E+0003	 4.42301050384565E-0006
 6.61532389579128E+0003	 4.61790591558496E-0006
 6.61532010155262E+0003	 4.82122933630018E-0006
 6.61531630731396E+0003	 5.03333959589991E-0006
 6.61531251307530E+0003	 5.25461064346171E-0006
 6.61530871883663E+0003	 5.48543217729894E-0006
 6.61530492459797E+0003	 5.72621030096165E-0006
 6.61530113035931E+0003	 5.97736820645083E-0006
 6.61529733612065E+0003	 6.23934688602070E-0006
 6.61529354188199E+0003	 6.51260587403964E-0006
 6.61528974764333E+0003	 6.79762402047347E-0006
 6.61528595340466E+0003	 7.09490029764370E-0006
 6.61528215916600E+0003	 7.40495464199624E-0006
 6.61527836492734E+0003	 7.72832883269130E-0006
 6.61527457068868E+0003	 8.06558740889070E-0006
 6.61527077645002E+0003	 8.41731862767432E-0006
 6.61526698221136E+0003	 8.78413546456175E-0006
 6.61526318797270E+0003	 9.16667665864784E-0006
 6.61525939373403E+0003	 9.56560780438329E-0006
 6.61525559949537E+0003	 9.98162249204268E-0006
 6.61525180525671E+0003	 1.04154434989262E-0005
 6.61524801101805E+0003	 1.08678240333378E-0005
 6.61524421677939E+0003	 1.13395490333745E-0005
 6.61524042254073E+0003	 1.18314365225547E-0005
 6.61523662830206E+0003	 1.23443390243063E-0005
 6.61523283406340E+0003	 1.28791450373372E-0005
 6.61522903982474E+0003	 1.34367805739202E-0005
 6.61522524558608E+0003	 1.40182107631518E-0005
 6.61522145134742E+0003	 1.46244415212852E-0005
 6.61521765710876E+0003	 1.52565212913063E-0005
 6.61521386287009E+0003	 1.59155428540078E-0005
 6.61521006863143E+0003	 1.66026452129399E-0005
 6.61520627439277E+0003	 1.73190155557591E-0005
 6.61520248015411E+0003	 1.80658912946800E-0005
 6.61519868591545E+0003	 1.88445621889416E-0005
 6.61519489167679E+0003	 1.96563725524432E-0005
 6.61519109743812E+0003	 2.05027235499729E-0005
 6.61518730319946E+0003	 2.13850755857464E-0005
 6.61518350896080E+0003	 2.23049507882932E-0005
 6.61517971472214E+0003	 2.32639355960597E-0005
 6.61517592048348E+0003	 2.42636834484463E-0005
 6.61517212624482E+0003	 2.53059175873489E-0005
 6.61516833200615E+0003	 2.63924339746243E-0005
 6.61516453776749E+0003	 2.75251043312462E-0005
 6.61516074352883E+0003	 2.87058793042472E-0005
 6.61515694929017E+0003	 2.99367917678520E-0005
 6.61515315505151E+0003	 3.12199602654929E-0005
 6.61514936081285E+0003	 3.25575925996494E-0005
 6.61514556657419E+0003	 3.39519895766779E-0005
 6.61514177233552E+0003	 3.54055489139753E-0005
 6.61513797809686E+0003	 3.69207693169710E-0005
 6.61513418385820E+0003	 3.85002547335520E-0005
 6.61513038961954E+0003	 4.01467187936031E-0005
 6.61512659538088E+0003	 4.18629894413970E-0005
 6.61512280114222E+0003	 4.36520137686004E-0005
 6.61511900690355E+0003	 4.55168630556813E-0005
 6.61511521266489E+0003	 4.74607380295183E-0005
 6.61511141842623E+0003	 4.94869743450450E-0005
 6.61510762418757E+0003	 5.15990482988096E-0005
 6.61510382994891E+0003	 5.38005827824183E-0005
 6.61510003571025E+0003	 5.60953534839663E-0005
 6.61509624147158E+0003	 5.84872953457597E-0005
 6.61509244723292E+0003	 6.09805092869060E-0005
 6.61508865299426E+0003	 6.35792691997073E-0005
 6.61508485875560E+0003	 6.62880292292496E-0005
 6.61508106451694E+0003	 6.91114313461334E-0005
 6.61507727027828E+0003	 7.20543132229573E-0005
 6.61507347603961E+0003	 7.51217164259300E-0005
 6.61506968180095E+0003	 7.83188949338573E-0005
 6.61506588756229E+0003	 8.16513239977180E-0005
 6.61506209332363E+0003	 8.51247093550837E-0005
 6.61505829908497E+0003	 8.87449968147578E-0005
 6.61505450484631E+0003	 9.25183822281590E-0005
 6.61505071060764E+0003	 9.64513218651568E-0005
 6.61504691636898E+0003	 1.00550543213228E-0004
 6.61504312213032E+0003	 1.04823056219930E-0004
 6.61503932789166E+0003	 1.09276164999720E-0004
 6.61503553365300E+0003	 1.13917480027087E-0004
 6.61503173941434E+0003	 1.18754930838710E-0004
 6.61502794517568E+0003	 1.23796779267955E-0004
 6.61502415093701E+0003	 1.29051633235329E-0004
 6.61502035669835E+0003	 1.34528461118632E-0004
 6.61501656245969E+0003	 1.40236606726279E-0004
 6.61501276822103E+0003	 1.46185804896805E-0004
 6.61500897398237E+0003	 1.52386197746653E-0004
 6.61500517974371E+0003	 1.58848351587249E-0004
 6.61500138550504E+0003	 1.65583274530856E-0004
 6.61499759126638E+0003	 1.72602434802954E-0004
 6.61499379702772E+0003	 1.79917779776946E-0004
 6.61499000278906E+0003	 1.87541755744768E-0004
 6.61498620855040E+0003	 1.95487328434744E-0004
 6.61498241431174E+0003	 2.03768004285720E-0004
 6.61497862007307E+0003	 2.12397852484256E-0004
 6.61497482583441E+0003	 2.21391527769629E-0004
 6.61497103159575E+0003	 2.30764294009621E-0004
 6.61496723735709E+0003	 2.40532048548689E-0004
 6.61496344311843E+0003	 2.50711347329315E-0004
 6.61495964887977E+0003	 2.61319430787050E-0004
 6.61495585464110E+0003	 2.72374250520325E-0004
 6.61495206040244E+0003	 2.83894496737375E-0004
 6.61494826616378E+0003	 2.95899626484750E-0004
 6.61494447192512E+0003	 3.08409892664990E-0004
 6.61494067768646E+0003	 3.21446373854930E-0004
 6.61493688344780E+0003	 3.35031004940904E-0004
 6.61493308920913E+0003	 3.49186608592766E-0004
 6.61492929497047E+0003	 3.63936927604894E-0004
 6.61492550073181E+0003	 3.79306658139327E-0004
 6.61492170649315E+0003	 3.95321483913437E-0004
 6.61491791225449E+0003	 4.12008111382199E-0004
 6.61491411801583E+0003	 4.29394305972715E-0004
 6.61491032377717E+0003	 4.47508929436145E-0004
 6.61490652953850E+0003	 4.66381978389310E-0004
 6.61490273529984E+0003	 4.86044624124693E-0004
 6.61489894106118E+0003	 5.06529253773292E-0004
 6.61489514682252E+0003	 5.27869512909388E-0004
 6.61489135258386E+0003	 5.50100349689781E-0004
 6.61488755834520E+0003	 5.73258060622123E-0004
 6.61488376410653E+0003	 5.97380338057581E-0004
 6.61487996986787E+0003	 6.22506319502056E-0004
 6.61487617562921E+0003	 6.48676638837541E-0004
 6.61487238139055E+0003	 6.75933479540781E-0004
 6.61486858715189E+0003	 7.04320629980340E-0004
 6.61486479291323E+0003	 7.33883540865352E-0004
 6.61486099867456E+0003	 7.64669384909727E-0004
 6.61485720443590E+0003	 7.96727118764511E-0004
 6.61485341019724E+0003	 8.30107547258430E-0004
 6.61484961595858E+0003	 8.64863389972537E-0004
 6.61484582171992E+0003	 9.01049350159425E-0004
 6.61484202748126E+0003	 9.38722186000782E-0004
 6.61483823324259E+0003	 9.77940784179251E-0004
 6.61483443900393E+0003	 1.01876623572185E-0003
 6.61483064476527E+0003	 1.06126191405276E-0003
 6.61482685052661E+0003	 1.10549355517307E-0003
 6.61482305628795E+0003	 1.15152933986528E-0003
 6.61481926204929E+0003	 1.19943997779935E-0003
 6.61481546781062E+0003	 1.24929879339813E-0003
 6.61481167357196E+0003	 1.30118181330019E-0003
 6.61480787933330E+0003	 1.35516785524088E-0003
 6.61480408509464E+0003	 1.41133861815624E-0003
 6.61480029085598E+0003	 1.46977877330118E-0003
 6.61479649661732E+0003	 1.53057605616250E-0003
 6.61479270237866E+0003	 1.59382135894099E-0003
 6.61478890813999E+0003	 1.65960882337406E-0003
 6.61478511390133E+0003	 1.72803593367274E-0003
 6.61478131966267E+0003	 1.79920360935517E-0003
 6.61477752542401E+0003	 1.87321629777187E-0003
 6.61477373118535E+0003	 1.95018206613845E-0003
 6.61476993694669E+0003	 2.03021269291747E-0003
 6.61476614270802E+0003	 2.11342375842365E-0003
 6.61476234846936E+0003	 2.19993473456510E-0003
 6.61475855423070E+0003	 2.28986907367686E-0003
 6.61475475999204E+0003	 2.38335429645125E-0003
 6.61475096575338E+0003	 2.48052207902114E-0003
 6.61474717151472E+0003	 2.58150833930568E-0003
 6.61474337727605E+0003	 2.68645332278153E-0003
 6.61473958303739E+0003	 2.79550168789522E-0003
 6.61473578879873E+0003	 2.90880259137992E-0003
 6.61473199456007E+0003	 3.02650977378332E-0003
 6.61472820032141E+0003	 3.14878164554699E-0003
 6.61472440608275E+0003	 3.27578137400265E-0003
 6.61472061184408E+0003	 3.40767697166235E-0003
 6.61471681760542E+0003	 3.54464138617813E-0003
 6.61471302336676E+0003	 3.68685259232880E-0003
 6.61470922912810E+0003	 3.83449368635809E-0003
 6.61470543488944E+0003	 3.98775298293674E-0003
 6.61470164065078E+0003	 4.14682411495240E-0003
 6.61469784641211E+0003	 4.31190613624596E-0003
 6.61469405217345E+0003	 4.48320362731074E-0003
 6.61469025793479E+0003	 4.66092680385521E-0003
 6.61468646369613E+0003	 4.84529162800118E-0003
 6.61468266945747E+0003	 5.03651992175108E-0003
 6.61467887521881E+0003	 5.23483948221292E-0003
 6.61467508098015E+0003	 5.44048419792266E-0003
 6.61467128674148E+0003	 5.65369416545527E-0003
 6.61466749250282E+0003	 5.87471580537069E-0003
 6.61466369826416E+0003	 6.10380197640375E-0003
 6.61465990402550E+0003	 6.34121208668007E-0003
 6.61465610978684E+0003	 6.58721220062796E-0003
 6.61465231554818E+0003	 6.84207514016090E-0003
 6.61464852130951E+0003	 7.10608057863004E-0003
 6.61464472707085E+0003	 7.37951512599201E-0003
 6.61464093283219E+0003	 7.66267240360731E-0003
 6.61463713859353E+0003	 7.95585310707814E-0003
 6.61463334435487E+0003	 8.25936505555308E-0003
 6.61462955011621E+0003	 8.57352322596880E-0003
 6.61462575587754E+0003	 8.89864977076595E-0003
 6.61462196163888E+0003	 9.23507401770622E-0003
 6.61461816740022E+0003	 9.58313245052800E-0003
 6.61461437316156E+0003	 9.94316866931047E-0003
 6.61461057892290E+0003	 1.03155333295626E-0002
 6.61460678468424E+0003	 1.07005840592211E-0002
 6.61460299044557E+0003	 1.10986853529162E-0002
 6.61459919620691E+0003	 1.15102084430579E-0002
 6.61459540196825E+0003	 1.19355311474905E-0002
 6.61459160772959E+0003	 1.23750376936720E-0002
 6.61458781349093E+0003	 1.28291185195422E-0002
 6.61458401925227E+0003	 1.32981700514562E-0002
 6.61458022501360E+0003	 1.37825944597682E-0002
 6.61457643077494E+0003	 1.42827993928573E-0002
 6.61457263653628E+0003	 1.47991976905795E-0002
 6.61456884229762E+0003	 1.53322070783166E-0002
 6.61456504805896E+0003	 1.58822498429569E-0002
 6.61456125382030E+0003	 1.64497524922854E-0002
 6.61455745958164E+0003	 1.70351453993779E-0002
 6.61455366534297E+0003	 1.76388624336728E-0002
 6.61454987110431E+0003	 1.82613405804368E-0002
 6.61454607686565E+0003	 1.89030195503375E-0002
 6.61454228262699E+0003	 1.95643413807754E-0002
 6.61453848838833E+0003	 2.02457500305231E-0002
 6.61453469414967E+0003	 2.09476909690367E-0002
 6.61453089991100E+0003	 2.16706107615776E-0002
 6.61452710567234E+0003	 2.24149566509749E-0002
 6.61452331143368E+0003	 2.31811761364985E-0002
 6.61451951719502E+0003	 2.39697165498875E-0002
 6.61451572295636E+0003	 2.47810246281005E-0002
 6.61451192871770E+0003	 2.56155460818298E-0002
 6.61450813447903E+0003	 2.64737251582663E-0002
 6.61450434024037E+0003	 2.73560041960206E-0002
 6.61450054600171E+0003	 2.82628231695296E-0002
 6.61449675176305E+0003	 2.91946192197088E-0002
 6.61449295752439E+0003	 3.01518261670878E-0002
 6.61448916328573E+0003	 3.11348740031886E-0002
 6.61448536904706E+0003	 3.21441883555253E-0002
 6.61448157480840E+0003	 3.31801899213055E-0002
 6.61447778056974E+0003	 3.42432938647531E-0002
 6.61447398633108E+0003	 3.53339091729400E-0002
 6.61447019209242E+0003	 3.64524379651390E-0002
 6.61446639785376E+0003	 3.75992747509997E-0002
 6.61446260361509E+0003	 3.87748056333046E-0002
 6.61445880937643E+0003	 3.99794074516895E-0002
 6.61445501513777E+0003	 4.12134468644998E-0002
 6.61445122089911E+0003	 4.24772793668948E-0002
 6.61444742666045E+0003	 4.37712482443791E-0002
 6.61444363242179E+0003	 4.50956834621229E-0002
 6.61443983818313E+0003	 4.64509004916853E-0002
 6.61443604394446E+0003	 4.78371990780556E-0002
 6.61443224970580E+0003	 4.92548619512318E-0002
 6.61442845546714E+0003	 5.07041534878271E-0002
 6.61442466122848E+0003	 5.21853183293847E-0002
 6.61442086698982E+0003	 5.36985799651631E-0002
 6.61441707275116E+0003	 5.52441392880695E-0002
 6.61441327851249E+0003	 5.68221731331523E-0002
 6.61440948427383E+0003	 5.84328328085674E-0002
 6.61440569003517E+0003	 6.00762426291984E-0002
 6.61440189579651E+0003	 6.17524984631099E-0002
 6.61439810155785E+0003	 6.34616663007419E-0002
 6.61439430731919E+0003	 6.52037808562207E-0002
 6.61439051308052E+0003	 6.69788442093575E-0002
 6.61438671884186E+0003	 6.87868244958817E-0002
 6.61438292460320E+0003	 7.06276546522017E-0002
 6.61437913036454E+0003	 7.25012312195763E-0002
 6.61437533612588E+0003	 7.44074132110304E-0002
 6.61437154188722E+0003	 7.63460210427225E-0002
 6.61436774764855E+0003	 7.83168355298211E-0002
 6.61436395340989E+0003	 8.03195969453232E-0002
 6.61436015917123E+0003	 8.23540041387120E-0002
 6.61435636493257E+0003	 8.44197137099586E-0002
 6.61435257069391E+0003	 8.65163392331662E-0002
 6.61434877645525E+0003	 8.86434505231929E-0002
 6.61434498221658E+0003	 9.08005729379037E-0002
 6.61434118797792E+0003	 9.29871867083244E-0002
 6.61433739373926E+0003	 9.52027262889237E-0002
 6.61433359950060E+0003	 9.74465797205403E-0002
 6.61432980526194E+0003	 9.97180879991163E-0002
 6.61432601102328E+0003	 1.02016544444354E-0001
 6.61432221678462E+0003	 1.04341194063703E-0001
 6.61431842254595E+0003	 1.06691232908625E-0001
 6.61431462830729E+0003	 1.09065807421897E-0001
 6.61431083406863E+0003	 1.11464013776683E-0001
 6.61430703982997E+0003	 1.13884897210234E-0001
 6.61430324559131E+0003	 1.16327451357273E-0001
 6.61429945135265E+0003	 1.18790617590353E-0001
 6.61429565711398E+0003	 1.21273284376621E-0001
 6.61429186287532E+0003	 1.23774286662531E-0001
 6.61428806863666E+0003	 1.26292405299939E-0001
 6.61428427439800E+0003	 1.28826366528706E-0001
 6.61428048015934E+0003	 1.31374841532420E-0001
 6.61427668592068E+0003	 1.33936446084977E-0001
 6.61427289168201E+0003	 1.36509740306625E-0001
 6.61426909744335E+0003	 1.39093228548588E-0001
 6.61426530320469E+0003	 1.41685359425586E-0001
 6.61426150896603E+0003	 1.44284526015408E-0001
 6.61425771472737E+0003	 1.46889066244238E-0001
 6.61425392048871E+0003	 1.49497263475734E-0001
 6.61425012625004E+0003	 1.52107347320794E-0001
 6.61424633201138E+0003	 1.54717494683806E-0001
 6.61424253777272E+0003	 1.57325831059753E-0001
 6.61423874353406E+0003	 1.59930432095058E-0001
 6.61423494929540E+0003	 1.62529325423482E-0001
 6.61423115505674E+0003	 1.65120492786786E-0001
 6.61422736081807E+0003	 1.67701872448268E-0001
 6.61422356657941E+0003	 1.70271361905778E-0001
 6.61421977234075E+0003	 1.72826820909373E-0001
 6.61421597810209E+0003	 1.75366074787424E-0001
 6.61421218386343E+0003	 1.77886918083838E-0001
 6.61420838962477E+0003	 1.80387118507979E-0001
 6.61420459538611E+0003	 1.82864421197964E-0001
 6.61420080114744E+0003	 1.85316553297264E-0001
 6.61419700690878E+0003	 1.87741228843818E-0001
 6.61419321267012E+0003	 1.90136153970394E-0001
 6.61418941843146E+0003	 1.92499032414324E-0001
 6.61418562419280E+0003	 1.94827571334391E-0001
 6.61418182995414E+0003	 1.97119487432105E-0001
 6.61417803571547E+0003	 1.99372513374186E-0001
 6.61417424147681E+0003	 2.01584404512527E-0001
 6.61417044723815E+0003	 2.03752945897331E-0001
 6.61416665299949E+0003	 2.05875959578404E-0001
 6.61416285876083E+0003	 2.07951312188848E-0001
 6.61415906452217E+0003	 2.09976922804459E-0001
 6.61415527028350E+0003	 2.11950771071191E-0001
 6.61415147604484E+0003	 2.13870905591939E-0001
 6.61414768180618E+0003	 2.15735452562756E-0001
 6.61414388756752E+0003	 2.17542624647381E-0001
 6.61414009332886E+0003	 2.19290730077753E-0001
 6.61413629909020E+0003	 2.20978181966869E-0001
 6.61413250485153E+0003	 2.22603507819130E-0001
 6.61412871061287E+0003	 2.24165359222077E-0001
 6.61412491637421E+0003	 2.25662521702196E-0001
 6.61412112213555E+0003	 2.27093924726337E-0001
 6.61411732789689E+0003	 2.28458651829118E-0001
 6.61411353365823E+0003	 2.29755950845530E-0001
 6.61410973941956E+0003	 2.30985244226799E-0001
 6.61410594518090E+0003	 2.32146139416277E-0001
 6.61410215094224E+0003	 2.33238439260731E-0001
 6.61409835670358E+0003	 2.34262152430781E-0001
 6.61409456246492E+0003	 2.35217503822331E-0001
 6.61409076822626E+0003	 2.36104944908575E-0001
 6.61408697398760E+0003	 2.36925164009369E-0001
 6.61408317974893E+0003	 2.37679096441522E-0001
 6.61407938551027E+0003	 2.38367934509559E-0001
 6.61407559127161E+0003	 2.38993137291896E-0001
 6.61407179703295E+0003	 2.39556440171884E-0001
 6.61406800279429E+0003	 2.40059864056889E-0001
 6.61406420855563E+0003	 2.40505724221411E-0001
 6.61406041431696E+0003	 2.40896638702137E-0001
 6.61405662007830E+0003	 2.41235536163855E-0001
 6.61405282583964E+0003	 2.41525663145330E-0001
 6.61404903160098E+0003	 2.41770590583546E-0001
 6.61404523736232E+0003	 2.41974219503390E-0001
 6.61404144312366E+0003	 2.42140785747812E-0001
 6.61403764888499E+0003	 2.42274863611048E-0001
 6.61403385464633E+0003	 2.42381368224688E-0001
 6.61403006040767E+0003	 2.42465556533476E-0001
 6.61402626616901E+0003	 2.42533026684900E-0001
 6.61402247193035E+0003	 2.42589715644159E-0001
 6.61401867769169E+0003	 2.42641894834231E-0001
 6.61401488345302E+0003	 2.42696163589781E-0001
 6.61401108921436E+0003	 2.42759440203903E-0001
 6.61400729497570E+0003	 2.42838950338483E-0001
 6.61400350073704E+0003	 2.42942212562701E-0001
 6.61399970649838E+0003	 2.43077020780240E-0001
 6.61399591225972E+0003	 2.43251423304540E-0001
 6.61399211802105E+0003	 2.43473698343411E-0001
 6.61398832378239E+0003	 2.43752325659935E-0001
 6.61398452954373E+0003	 2.44095954186341E-0001
 6.61398073530507E+0003	 2.44513365381955E-0001
 6.61397694106641E+0003	 2.45013432145914E-0001
 6.61397314682775E+0003	 2.45605073120606E-0001
 6.61396935258909E+0003	 2.46297202253318E-0001
 6.61396555835042E+0003	 2.47098673521780E-0001
 6.61396176411176E+0003	 2.48018220774669E-0001
 6.61395796987310E+0003	 2.49064392691121E-0001
 6.61395417563444E+0003	 2.50245482924099E-0001
 6.61395038139578E+0003	 2.51569455561410E-0001
 6.61394658715712E+0003	 2.53043866115229E-0001
 6.61394279291845E+0003	 2.54675778336055E-0001
 6.61393899867979E+0003	 2.56471677239894E-0001
 6.61393520444113E+0003	 2.58437378837409E-0001
 6.61393141020247E+0003	 2.60577937160154E-0001
 6.61392761596381E+0003	 2.62897549290572E-0001
 6.61392382172515E+0003	 2.65399459217881E-0001
 6.61392002748648E+0003	 2.68085861459430E-0001
 6.61391623324782E+0003	 2.70957805504612E-0001
 6.61391243900916E+0003	 2.74015102253417E-0001
 6.61390864477050E+0003	 2.77256233731618E-0001
 6.61390485053184E+0003	 2.80678267466226E-0001
 6.61390105629318E+0003	 2.84276776995085E-0001
 6.61389726205451E+0003	 2.88045770059784E-0001
 6.61389346781585E+0003	 2.91977626087888E-0001
 6.61388967357719E+0003	 2.96063044605288E-0001
 6.61388587933853E+0003	 3.00291006228645E-0001
 6.61388208509987E+0003	 3.04648747868240E-0001
 6.61387829086121E+0003	 3.09121753719921E-0001
 6.61387449662254E+0003	 3.13693763538785E-0001
 6.61387070238388E+0003	 3.18346799564639E-0001
 6.61386690814522E+0003	 3.23061213308938E-0001
 6.61386311390656E+0003	 3.27815753214183E-0001
 6.61385931966790E+0003	 3.32587653960195E-0001
 6.61385552542924E+0003	 3.37352747918599E-0001
 6.61385173119058E+0003	 3.42085598949738E-0001
 6.61384793695191E+0003	 3.46759658398774E-0001
 6.61384414271325E+0003	 3.51347442784454E-0001
 6.61384034847459E+0003	 3.55820732290874E-0001
 6.61383655423593E+0003	 3.60150788776224E-0001
 6.61383275999727E+0003	 3.64308591610701E-0001
 6.61382896575861E+0003	 3.68265089256974E-0001
 6.61382517151994E+0003	 3.71991464119827E-0001
 6.61382137728128E+0003	 3.75459407826248E-0001
 6.61381758304262E+0003	 3.78641403762875E-0001
 6.61381378880396E+0003	 3.81511013403669E-0001
 6.61380999456530E+0003	 3.84043162716011E-0001
 6.61380620032664E+0003	 3.86214424746281E-0001
 6.61380240608797E+0003	 3.88003294363800E-0001
 6.61379861184931E+0003	 3.89390451090762E-0001
 6.61379481761065E+0003	 3.90359005970066E-0001
 6.61379102337199E+0003	 3.90894728525721E-0001
 6.61378722913333E+0003	 3.90986250052680E-0001
 6.61378343489467E+0003	 3.90625239733830E-0001
 6.61377964065600E+0003	 3.89806550418345E-0001
 6.61377584641734E+0003	 3.88528331302887E-0001
 6.61377205217868E+0003	 3.86792105228353E-0001
 6.61376825794002E+0003	 3.84602808831323E-0001
 6.61376446370136E+0003	 3.81968794360857E-0001
 6.61376066946270E+0003	 3.78901792576158E-0001
 6.61375687522403E+0003	 3.75416836766203E-0001
 6.61375308098537E+0003	 3.71532148565330E-0001
 6.61374928674671E+0003	 3.67268986865154E-0001
 6.61374549250805E+0003	 3.62651461729318E-0001
 6.61374169826939E+0003	 3.57706315790142E-0001
 6.61373790403073E+0003	 3.52462676132513E-0001
 6.61373410979207E+0003	 3.46951780139028E-0001
 6.61373031555340E+0003	 3.41206679171322E-0001
 6.61372652131474E+0003	 3.35261924287461E-0001
 6.61372272707608E+0003	 3.29153238437837E-0001
 6.61371893283742E+0003	 3.22917179737878E-0001
 6.61371513859876E+0003	 3.16590800483096E-0001
 6.61371134436010E+0003	 3.10211306550468E-0001
 6.61370755012143E+0003	 3.03815721722416E-0001
 6.61370375588277E+0003	 2.97440561279820E-0001
 6.61369996164411E+0003	 2.91121518944977E-0001
 6.61369616740545E+0003	 2.84893170922053E-0001
 6.61369237316679E+0003	 2.78788700390648E-0001
 6.61368857892813E+0003	 2.72839645368028E-0001
 6.61368478468946E+0003	 2.67075672378630E-0001
 6.61368099045080E+0003	 2.61524377867112E-0001
 6.61367719621214E+0003	 2.56211118775411E-0001
 6.61367340197348E+0003	 2.51158873186389E-0001
 6.61366960773482E+0003	 2.46388131427844E-0001
 6.61366581349616E+0003	 2.41916817541073E-0001
 6.61366201925749E+0003	 2.37760240557125E-0001
 6.61365822501883E+0003	 2.33931074599380E-0001
 6.61365443078017E+0003	 2.30439366449795E-0001
 6.61365063654151E+0003	 2.27292568883331E-0001
 6.61364684230285E+0003	 2.24495597794486E-0001
 6.61364304806419E+0003	 2.22050910913746E-0001
 6.61363925382552E+0003	 2.19958605740946E-0001
 6.61363545958686E+0003	 2.18216534206490E-0001
 6.61363166534820E+0003	 2.16820431508323E-0001
 6.61362787110954E+0003	 2.15764056559534E-0001
 6.61362407687088E+0003	 2.15039341514798E-0001
 6.61362028263222E+0003	 2.14636547918822E-0001
 6.61361648839356E+0003	 2.14544427131478E-0001
 6.61361269415489E+0003	 2.14750382826851E-0001
 6.61360889991623E+0003	 2.15240633531176E-0001
 6.61360510567757E+0003	 2.16000373351908E-0001
 6.61360131143891E+0003	 2.17013929251179E-0001
 6.61359751720025E+0003	 2.18264913426354E-0001
 6.61359372296159E+0003	 2.19736369573056E-0001
 6.61358992872292E+0003	 2.21410912017523E-0001
 6.61358613448426E+0003	 2.23270856911182E-0001
 6.61358234024560E+0003	 2.25298344877511E-0001
 6.61357854600694E+0003	 2.27475454686634E-0001
 6.61357475176828E+0003	 2.29784307704382E-0001
 6.61357095752962E+0003	 2.32207163017984E-0001
 6.61356716329095E+0003	 2.34726503279034E-0001
 6.61356336905229E+0003	 2.37325111425200E-0001
 6.61355957481363E+0003	 2.39986138545210E-0001
 6.61355578057497E+0003	 2.42693163237176E-0001
 6.61355198633631E+0003	 2.45430242878910E-0001
 6.61354819209765E+0003	 2.48181957281465E-0001
 6.61354439785898E+0003	 2.50933445234823E-0001
 6.61354060362032E+0003	 2.53670434478746E-0001
 6.61353680938166E+0003	 2.56379265643730E-0001
 6.61353301514300E+0003	 2.59046910708214E-0001
 6.61352922090434E+0003	 2.61660986510240E-0001
 6.61352542666568E+0003	 2.64209763836020E-0001
 6.61352163242701E+0003	 2.66682172585889E-0001
 6.61351783818835E+0003	 2.69067803491091E-0001
 6.61351404394969E+0003	 2.71356906824175E-0001
 6.61351024971103E+0003	 2.73540388512410E-0001
 6.61350645547237E+0003	 2.75609804028763E-0001
 6.61350266123371E+0003	 2.77557350399318E-0001
 6.61349886699505E+0003	 2.79375856630488E-0001
 6.61349507275638E+0003	 2.81058772824462E-0001
 6.61349127851772E+0003	 2.82600158217699E-0001
 6.61348748427906E+0003	 2.83994668345280E-0001
 6.61348369004040E+0003	 2.85237541503925E-0001
 6.61347989580174E+0003	 2.86324584658664E-0001
 6.61347610156308E+0003	 2.87252158912789E-0001
 6.61347230732441E+0003	 2.88017164637811E-0001
 6.61346851308575E+0003	 2.88617026339775E-0001
 6.61346471884709E+0003	 2.89049677320533E-0001
 6.61346092460843E+0003	 2.89313544177202E-0001
 6.61345713036977E+0003	 2.89407531170232E-0001
 6.61345333613111E+0003	 2.89331004479878E-0001
 6.61344954189244E+0003	 2.89083776362547E-0001
 6.61344574765378E+0003	 2.88666089212144E-0001
 6.61344195341512E+0003	 2.88078599527090E-0001
 6.61343815917646E+0003	 2.87322361780935E-0001
 6.61343436493780E+0003	 2.86398812193291E-0001
 6.61343057069914E+0003	 2.85309752397870E-0001
 6.61342677646047E+0003	 2.84057333005703E-0001
 6.61342298222181E+0003	 2.82644037063750E-0001
 6.61341918798315E+0003	 2.81072663412097E-0001
 6.61341539374449E+0003	 2.79346309946379E-0001
 6.61341159950583E+0003	 2.77468356795974E-0001
 6.61340780526717E+0003	 2.75442449432549E-0001
 6.61340401102851E+0003	 2.73272481727674E-0001
 6.61340021678984E+0003	 2.70962578982197E-0001
 6.61339642255118E+0003	 2.68517080953809E-0001
 6.61339262831252E+0003	 2.65940524912631E-0001
 6.61338883407386E+0003	 2.63237628757531E-0001
 6.61338503983520E+0003	 2.60413274228265E-0001
 6.61338124559654E+0003	 2.57472490250302E-0001
 6.61337745135787E+0003	 2.54420436450275E-0001
 6.61337365711921E+0003	 2.51262386880475E-0001
 6.61336986288055E+0003	 2.48003713990626E-0001
 6.61336606864189E+0003	 2.44649872884293E-0001
 6.61336227440323E+0003	 2.41206385895886E-0001
 6.61335848016457E+0003	 2.37678827522247E-0001
 6.61335468592590E+0003	 2.34072809740376E-0001
 6.61335089168724E+0003	 2.30393967740049E-0001
 6.61334709744858E+0003	 2.26647946096946E-0001
 6.61334330320992E+0003	 2.22840385408643E-0001
 6.61333950897126E+0003	 2.18976909412367E-0001
 6.61333571473260E+0003	 2.15063112600016E-0001
 6.61333192049393E+0003	 2.11104548342596E-0001
 6.61332812625527E+0003	 2.07106717533048E-0001
 6.61332433201661E+0003	 2.03075057753493E-0001
 6.61332053777795E+0003	 1.99014932970267E-0001
 6.61331674353929E+0003	 1.94931623757825E-0001
 6.61331294930063E+0003	 1.90830318050644E-0001
 6.61330915506196E+0003	 1.86716102420719E-0001
 6.61330536082330E+0003	 1.82593953877085E-0001
 6.61330156658464E+0003	 1.78468732183029E-0001
 6.61329777234598E+0003	 1.74345172686228E-0001
 6.61329397810732E+0003	 1.70227879656912E-0001
 6.61329018386866E+0003	 1.66121320129325E-0001
 6.61328638963000E+0003	 1.62029818242047E-0001
 6.61328259539133E+0003	 1.57957550073263E-0001
 6.61327880115267E+0003	 1.53908538967583E-0001
 6.61327500691401E+0003	 1.49886651351579E-0001
 6.61327121267535E+0003	 1.45895593035686E-0001
 6.61326741843669E+0003	 1.41938906000529E-0001
 6.61326362419803E+0003	 1.38019965665892E-0001
 6.61325982995936E+0003	 1.34141978640621E-0001
 6.61325603572070E+0003	 1.30307980951454E-0001
 6.61325224148204E+0003	 1.26520836748334E-0001
 6.61324844724338E+0003	 1.22783237482973E-0001
 6.61324465300472E+0003	 1.19097701556437E-0001
 6.61324085876606E+0003	 1.15466574430233E-0001
 6.61323706452739E+0003	 1.11892029193930E-0001
 6.61323327028873E+0003	 1.08376067580608E-0001
 6.61322947605007E+0003	 1.04920521419658E-0001
 6.61322568181141E+0003	 1.01527054514472E-0001
 6.61322188757275E+0003	 9.81971649306006E-0002
 6.61321809333409E+0003	 9.49321876779273E-0002
 6.61321429909542E+0003	 9.17332977684870E-0002
 6.61321050485676E+0003	 8.86015136296475E-0002
 6.61320671061810E+0003	 8.55377008506792E-0002
 6.61320291637944E+0003	 8.25425762391562E-0002
 6.61319912214078E+0003	 7.96167121622927E-0002
 6.61319532790212E+0003	 7.67605411471999E-0002
 6.61319153366345E+0003	 7.39743607131842E-0002
 6.61318773942479E+0003	 7.12583384086080E-0002
 6.61318394518613E+0003	 6.86125170245120E-0002
 6.61318015094747E+0003	 6.60368199571279E-0002
 6.61317635670881E+0003	 6.35310566916223E-0002
 6.61317256247015E+0003	 6.10949283798456E-0002
 6.61316876823149E+0003	 5.87280334855468E-0002
 6.61316497399282E+0003	 5.64298734713840E-0002
 6.61316117975416E+0003	 5.41998585031274E-0002
 6.61315738551550E+0003	 5.20373131476669E-0002
 6.61315359127684E+0003	 4.99414820427719E-0002
 6.61314979703818E+0003	 4.79115355179999E-0002
 6.61314600279952E+0003	 4.59465751476523E-0002
 6.61314220856085E+0003	 4.40456392182419E-0002
 6.61313841432219E+0003	 4.22077080945078E-0002
 6.61313462008353E+0003	 4.04317094695956E-0002
 6.61313082584487E+0003	 3.87165234865772E-0002
 6.61312703160621E+0003	 3.70609877200035E-0002
 6.61312323736755E+0003	 3.54639020076585E-0002
 6.61311944312888E+0003	 3.39240331240832E-0002
 6.61311564889022E+0003	 3.24401192887802E-0002
 6.61311185465156E+0003	 3.10108745032655E-0002
 6.61310806041290E+0003	 2.96349927123104E-0002
 6.61310426617424E+0003	 2.83111517858101E-0002
 6.61310047193558E+0003	 2.70380173187245E-0002
 6.61309667769691E+0003	 2.58142462474590E-0002
 6.61309288345825E+0003	 2.46384902819018E-0002
 6.61308908921959E+0003	 2.35093991530977E-0002
 6.61308529498093E+0003	 2.24256236772333E-0002
 6.61308150074227E+0003	 2.13858186372332E-0002
 6.61307770650361E+0003	 2.03886454838282E-0002
 6.61307391226494E+0003	 1.94327748584583E-0002
 6.61307011802628E+0003	 1.85168889408232E-0002
 6.61306632378762E+0003	 1.76396836242916E-0002
 6.61306252954896E+0003	 1.67998705227418E-0002
 6.61305873531030E+0003	 1.59961788127182E-0002
 6.61305494107164E+0003	 1.52273569150778E-0002
 6.61305114683298E+0003	 1.44921740205486E-0002
 6.61304735259431E+0003	 1.37894214638481E-0002
 6.61304355835565E+0003	 1.31179139512109E-0002
 6.61303976411699E+0003	 1.24764906463506E-0002
 6.61303596987833E+0003	 1.18640161200395E-0002
 6.61303217563967E+0003	 1.12793811686290E-0002
 6.61302838140101E+0003	 1.07215035069540E-0002
 6.61302458716234E+0003	 1.01893283411696E-0002
 6.61302079292368E+0003	 9.68182882715784E-0003
 6.61301699868502E+0003	 9.19800642021264E-0003
 6.61301320444636E+0003	 8.73689112176857E-0003
 6.61300941020770E+0003	 8.29754162897770E-0003
 6.61300561596904E+0003	 7.87904539296107E-0003
 6.61300182173037E+0003	 7.48051859156595E-0003
 6.61299802749171E+0003	 7.10110602244633E-0003
 6.61299423325305E+0003	 6.73998092225116E-0003
 6.61299043901439E+0003	 6.39634471765350E-0003
 6.61298664477573E+0003	 6.06942671388148E-0003
 6.61298285053707E+0003	 5.75848372632111E-0003
 6.61297905629840E+0003	 5.46279966064910E-0003
 6.61297526205974E+0003	 5.18168504682349E-0003
 6.61297146782108E+0003	 4.91447653210966E-0003
 6.61296767358242E+0003	 4.66053633815121E-0003
 6.61296387934376E+0003	 4.41925168691055E-0003
 6.61296008510510E+0003	 4.19003420010226E-0003
 6.61295629086643E+0003	 3.97231927652798E-0003
 6.61295249662777E+0003	 3.76556545149359E-0003
 6.61294870238911E+0003	 3.56925374225224E-0003
 6.61294490815045E+0003	 3.38288698317011E-0003
 6.61294111391179E+0003	 3.20598915406057E-0003
 6.61293731967313E+0003	 3.03810470487649E-0003
 6.61293352543447E+0003	 2.87879787969338E-0003
 6.61292973119580E+0003	 2.72765204266034E-0003
 6.61292593695714E+0003	 2.58426900834245E-0003
 6.61292214271848E+0003	 2.44826837863042E-0003
 6.61291834847982E+0003	 2.31928688815236E-0003
 6.61291455424116E+0003	 2.19697775988992E-0003
 6.61291076000250E+0003	 2.08101007247894E-0003
 6.61290696576383E+0003	 1.97106814046352E-0003
 6.61290317152517E+0003	 1.86685090857366E-0003
 6.61289937728651E+0003	 1.76807136091087E-0003
 6.61289558304785E+0003	 1.67445594575381E-0003
 6.61289178880919E+0003	 1.58574401653753E-0003
 6.61288799457053E+0003	 1.50168728941520E-0003
 6.61288420033186E+0003	 1.42204931768027E-0003
 6.61288040609320E+0003	 1.34660498320967E-0003
 6.61287661185454E+0003	 1.27514000498379E-0003
 6.61287281761588E+0003	 1.20745046464712E-0003
 6.61286902337722E+0003	 1.14334234899314E-0003
 6.61286522913856E+0003	 1.08263110918753E-0003
 6.61286143489989E+0003	 1.02514123648478E-0003
 6.61285764066123E+0003	 9.70705854143794E-0004
 6.61285384642257E+0003	 9.19166325206884E-0004
 6.61285005218391E+0003	 8.70371875773425E-0004
 6.61284625794525E+0003	 8.24179233373210E-0004
 6.61284246370659E+0003	 7.80452280024568E-0004
 6.61283866946792E+0003	 7.39061719547799E-0004
 6.61283487522926E+0003	 6.99884758694795E-0004
 6.61283108099060E+0003	 6.62804801650185E-0004
 6.61282728675194E+0003	 6.27711157457424E-0004
 6.61282349251328E+0003	 5.94498759924269E-0004
 6.61281969827462E+0003	 5.63067899565795E-0004
 6.61281590403596E+0003	 5.33323967148766E-0004
 6.61281210979729E+0003	 5.05177208408680E-0004
 6.61280831555863E+0003	 4.78542489519603E-0004
 6.61280452131997E+0003	 4.53339072906830E-0004
 6.61280072708131E+0003	 4.29490403003052E-0004
 6.61279693284265E+0003	 4.06923901560033E-0004
 6.61279313860399E+0003	 3.85570772139426E-0004
 6.61278934436532E+0003	 3.65365813418208E-0004
 6.61278555012666E+0003	 3.46247240956190E-0004
 6.61278175588800E+0003	 3.28156517084935E-0004
 6.61277796164934E+0003	 3.11038188589226E-0004
 6.61277416741068E+0003	 2.94839731863771E-0004
 6.61277037317202E+0003	 2.79511405239186E-0004
 6.61276657893335E+0003	 2.65006108182305E-0004
 6.61276278469469E+0003	 2.51279247086558E-0004
 6.61275899045603E+0003	 2.38288607378517E-0004
 6.61275519621737E+0003	 2.25994231676707E-0004
 6.61275140197871E+0003	 2.14358303748404E-0004
 6.61274760774005E+0003	 2.03345038019426E-0004
 6.61274381350138E+0003	 1.92920574400887E-0004
 6.61274001926272E+0003	 1.83052878205461E-0004
 6.61273622502406E+0003	 1.73711644934021E-0004
 6.61273243078540E+0003	 1.64868209721474E-0004
 6.61272863654674E+0003	 1.56495461238377E-0004
 6.61272484230808E+0003	 1.48567759852298E-0004
 6.61272104806941E+0003	 1.41060859860113E-0004
 6.61271725383075E+0003	 1.33951835609393E-0004
 6.61271345959209E+0003	 1.27219011333746E-0004
 6.61270966535343E+0003	 1.20841894533520E-0004
 6.61270587111477E+0003	 1.14801112739637E-0004
 6.61270207687611E+0003	 1.09078353504421E-0004
 6.61269828263745E+0003	 1.03656307469315E-0004
 6.61269448839878E+0003	 9.85186143651389E-0005
 6.61269069416012E+0003	 9.36498118061993E-0005
 6.61268689992146E+0003	 8.90352867450424E-0005
 6.61268310568280E+0003	 8.46612294599356E-0005
 6.61267931144414E+0003	 8.05145899523584E-0005
 6.61267551720548E+0003	 7.65830366367833E-0005
 6.61267172296681E+0003	 7.28549172098988E-0005
 6.61266792872815E+0003	 6.93192215911559E-0005
 6.61266413448949E+0003	 6.59655468310979E-0005
 6.61266034025083E+0003	 6.27840638883808E-0005
 6.61265654601217E+0003	 5.97654861807052E-0005
 6.61265275177351E+0003	 5.69010398190548E-0005
 6.61264895753484E+0003	 5.41824354386983E-0005
 6.61264516329618E+0003	 5.16018415443322E-0005
 6.61264136905752E+0003	 4.91518592905595E-0005
 6.61263757481886E+0003	 4.68254986225864E-0005
 6.61263378058020E+0003	 4.46161557056022E-0005
 6.61262998634154E+0003	 4.25175915747704E-0005
 6.61262619210287E+0003	 4.05239119411171E-0005
 6.61262239786421E+0003	 3.86295480918476E-0005
 6.61261860362555E+0003	 3.68292388267583E-0005
 6.61261480938689E+0003	 3.51180133754333E-0005
 6.61261101514823E+0003	 3.34911752428319E-0005
 6.61260722090957E+0003	 3.19442869336659E-0005
 6.61260342667090E+0003	 3.04731555086525E-0005
 6.61259963243224E+0003	 2.90738189282893E-0005
 6.61259583819358E+0003	 2.77425331422441E-0005
 6.61259204395492E+0003	 2.64757598847685E-0005
 6.61258824971626E+0003	 2.52701551387511E-0005
 6.61258445547760E+0003	 2.41225582330905E-0005
 6.61258066123894E+0003	 2.30299815400307E-0005
 6.61257686700027E+0003	 2.19896007409248E-0005
 6.61257307276161E+0003	 2.09987456306103E-0005
 6.61256927852295E+0003	 2.00548914321773E-0005
 6.61256548428429E+0003	 1.91556505953983E-0005
 6.61256169004563E+0003	 1.82987650534762E-0005
 6.61255789580697E+0003	 1.74820989140576E-0005
 6.61255410156830E+0003	 1.67036315616563E-0005
 6.61255030732964E+0003	 1.59614511497543E-0005
 6.61254651309098E+0003	 1.52537484618917E-0005
 6.61254271885232E+0003	 1.45788111220414E-0005
 6.61253892461366E+0003	 1.39350181354849E-0005
 6.61253513037500E+0003	 1.33208347422840E-0005
 6.61253133613633E+0003	 1.27348075662709E-0005
 6.61252754189767E+0003	 1.21755600432766E-0005
 6.61252374765901E+0003	 1.16417881130755E-0005
 6.61251995342035E+0003	 1.11322561602612E-0005
 6.61251615918169E+0003	 1.06457931899765E-0005
 6.61251236494303E+0003	 1.01812892251041E-0005
 6.61250857070436E+0003	 9.73769191219535E-0006
 6.61250477646570E+0003	 9.31400332405496E-0006
 6.61250098222704E+0003	 8.90927694752803E-0006
 6.61249718798838E+0003	 8.52261484564089E-0006
 6.61249339374972E+0003	 8.15316498383271E-0006
 6.61248959951106E+0003	 7.80011871058000E-0006
 6.61248580527239E+0003	 7.46270838325880E-0006
 6.61248201103373E+0003	 7.14020513061130E-0006
 6.61247821679507E+0003	 6.83191674368199E-0006
 6.61247442255641E+0003	 6.53718568756471E-0006
 6.61247062831775E+0003	 6.25538722675561E-0006
 6.61246683407909E+0003	 5.98592765733801E-0006
 6.61246303984043E+0003	 5.72824263963428E-0006
 6.61245924560176E+0003	 5.48179562534764E-0006
 6.61245545136310E+0003	 5.24607637358399E-0006
 6.61245165712444E+0003	 5.02059955049090E-0006
 6.61244786288578E+0003	 4.80490340757982E-0006
 6.61244406864712E+0003	 4.59854853410730E-0006
 6.61244027440846E+0003	 4.40111667918434E-0006
 6.61243648016979E+0003	 4.21220963955919E-0006
 6.61243268593113E+0003	 4.03144820927927E-0006
 6.61242889169247E+0003	 3.85847118768230E-0006
 6.61242509745381E+0003	 3.69293444239661E-0006
 6.61242130321515E+0003	 3.53451002424455E-0006
 6.61241750897649E+0003	 3.38288533114335E-0006
 6.61241371473782E+0003	 3.23776231828257E-0006
 6.61240992049916E+0003	 3.09885675202877E-0006
 6.61240612626050E+0003	 2.96589750516510E-0006
 6.61240233202184E+0003	 2.83862589121709E-0006
 6.61239853778318E+0003	 2.71679503574695E-0006
 6.61239474354452E+0003	 2.60016928261657E-0006
 6.61239094930585E+0003	 2.48852363332677E-0006
 6.61238715506719E+0003	 2.38164321763617E-0006
 6.61238336082853E+0003	 2.27932279374995E-0006
 6.61237956658987E+0003	 2.18136627644742E-0006
 6.61237577235121E+0003	 2.08758629158798E-0006
 6.61237197811255E+0003	 1.99780375550133E-0006
 6.61236818387388E+0003	 1.91184747782810E-0006
 6.61236438963522E+0003	 1.82955378643491E-0006
 6.61236059539656E+0003	 1.75076617308347E-0006
 6.61235680115790E+0003	 1.67533495858710E-0006
 6.61235300691924E+0003	 1.60311697624225E-0006
 6.61234921268058E+0003	 1.53397527237656E-0006
 6.61234541844192E+0003	 1.46777882291007E-0006
 6.61234162420325E+0003	 1.40440226488187E-0006
 6.61233782996459E+0003	 1.34372564195189E-0006
 6.61233403572593E+0003	 1.28563416294544E-0006
 6.61233024148727E+0003	 1.23001797256696E-0006
 6.61232644724861E+0003	 1.17677193346887E-0006
 6.61232265300995E+0003	 1.12579541892028E-0006
 6.61231885877128E+0003	 1.07699211537900E-0006
 6.61231506453262E+0003	 1.03026983432719E-0006
 6.61231127029396E+0003	 9.85540332786547E-0007
 6.61230747605530E+0003	 9.42719141981422E-0007
 6.61230368181664E+0003	 9.01725403668448E-0007
 6.61229988757798E+0003	 8.62481713697387E-0007
 6.61229609333931E+0003	 8.24913972410840E-0007
 6.61229229910065E+0003	 7.88951241529093E-0007
 6.61228850486199E+0003	 7.54525607200957E-0007
 6.61228471062333E+0003	 7.21572048931986E-0007
 6.61228091638467E+0003	 6.90028314127825E-0007
 6.61227712214601E+0003	 6.59834798013022E-0007
 6.61227332790734E+0003	 6.30934428704522E-0007
 6.61226953366868E+0003	 6.03272557234681E-0007
 6.61226573943002E+0003	 5.76796852331321E-0007
 6.61226194519136E+0003	 5.51457199772458E-0007
 6.61225815095270E+0003	 5.27205606141313E-0007
 6.61225435671404E+0003	 5.03996106813515E-0007
 6.61225056247537E+0003	 4.81784678013268E-0007
 6.61224676823671E+0003	 4.60529152779236E-0007
 6.61224297399805E+0003	 4.40189140684180E-0007
 6.61223917975939E+0003	 4.20725951155273E-0007
 6.61223538552073E+0003	 4.02102520244821E-0007
 6.61223159128207E+0003	 3.84283340703920E-0007
 6.61222779704341E+0003	 3.67234395214615E-0007
 6.61222400280474E+0003	 3.50923092639379E-0007
 6.61222020856608E+0003	 3.35318207150371E-0007
 6.61221641432742E+0003	 3.20389820104885E-0007
 6.61221262008876E+0003	 3.06109264537698E-0007
 6.61220882585010E+0003	 2.92449072145604E-0007
 6.61220503161144E+0003	 2.79382922644277E-0007
 6.61220123737277E+0003	 2.66885595382601E-0007
 6.61219744313411E+0003	 2.54932923104747E-0007
 6.61219364889545E+0003	 2.43501747755436E-0007
 6.61218985465679E+0003	 2.32569878229001E-0007
 6.61218606041813E+0003	 2.22116049967880E-0007
 6.61218226617947E+0003	 2.12119886321190E-0007
 6.61217847194080E+0003	 2.02561861578702E-0007
 6.61217467770214E+0003	 1.93423265600197E-0007
 6.61217088346348E+0003	 1.84686169964427E-0007
 6.61216708922482E+0003	 1.76333395566099E-0007
 6.61216329498616E+0003	 1.68348481593102E-0007
 6.61215950074750E+0003	 1.60715655819845E-0007
 6.61215570650883E+0003	 1.53419806156001E-0007
 6.61215191227017E+0003	 1.46446453393095E-0007
 6.61214811803151E+0003	 1.39781725094405E-0007
 6.61214432379285E+0003	 1.33412330576432E-0007
 6.61214052955419E+0003	 1.27325536932811E-0007
 6.61213673531553E+0003	 1.21509146054058E-0007
 6.61213294107686E+0003	 1.15951472598870E-0007
 6.61212914683820E+0003	 1.10641322874902E-0007
 6.61212535259954E+0003	 1.05567974589067E-0007
 6.61212155836088E+0003	 1.00721157429388E-0007
 6.61211776412222E+0003	 9.60910344423338E-0008
 6.61211396988356E+0003	 9.16681841713403E-0008
 6.61211017564490E+0003	 8.74435835239601E-0008
 6.61210638140623E+0003	 8.34085913366729E-0008
 6.61210258716757E+0003	 7.95549326079339E-0008
 6.61209879292891E+0003	 7.58746833714848E-0008
 6.61209499869025E+0003	 7.23602561833146E-0008
 6.61209120445159E+0003	 6.90043861969557E-0008
 6.61208741021293E+0003	 6.58001178030075E-0008
 6.61208361597426E+0003	 6.27407918099311E-0008
 6.61207982173560E+0003	 5.98200331442224E-0008
 6.61207602749694E+0003	 5.70317390490878E-0008
 6.61207223325828E+0003	 5.43700677616857E-0008
 6.61206843901962E+0003	 5.18294276498899E-0008
 6.61206464478096E+0003	 4.94044667903594E-0008
 6.61206085054229E+0003	 4.70900629704871E-0008
 6.61205705630363E+0003	 4.48813140975282E-0008
 6.61205326206497E+0003	 4.27735289989063E-0008
 6.61204946782631E+0003	 4.07622185983393E-0008
 6.61204567358765E+0003	 3.88430874530423E-0008
 6.61204187934899E+0003	 3.70120256378349E-0008
 6.61203808511032E+0003	 3.52651009625277E-0008
 6.61203429087166E+0003	 3.35985515094654E-0008
 6.61203049663300E+0003	 3.20087784785886E-0008
 6.61202670239434E+0003	 3.04923393278282E-0008
 6.61202290815568E+0003	 2.90459411970706E-0008
 6.61201911391702E+0003	 2.76664346043392E-0008
 6.61201531967835E+0003	 2.63508074032184E-0008
 6.61201152543969E+0003	 2.50961789909115E-0008
 6.61200773120103E+0003	 2.38997947566724E-0008
 6.61200393696237E+0003	 2.27590207606853E-0008
 6.61200014272371E+0003	 2.16713386337924E-0008
 6.61199634848505E+0003	 2.06343406887864E-0008
 6.61199255424639E+0003	 1.96457252342944E-0008
 6.61198876000772E+0003	 1.87032920825914E-0008
 6.61198496576906E+0003	 1.78049382429881E-0008
 6.61198117153040E+0003	 1.69486537927474E-0008
 6.61197737729174E+0003	 1.61325179177974E-0008
 6.61197358305308E+0003	 1.53546951158233E-0008
 6.61196978881442E+0003	 1.46134315546402E-0008
 6.61196599457575E+0003	 1.39070515790725E-0008
 6.61196220033709E+0003	 1.32339543598910E-0008
 6.61195840609843E+0003	 1.25926106786858E-0008
 6.61195461185977E+0003	 1.19815598428777E-0008
 6.61195081762111E+0003	 1.13994067253973E-0008
 6.61194702338245E+0003	 1.08448189238747E-0008
 6.61194322914378E+0003	 1.03165240344927E-0008
 6.61193943490512E+0003	 9.81330703595402E-0009
 6.61193564066646E+0003	 9.33400777929460E-0009
 6.61193184642780E+0003	 8.87751857953940E-0009
 6.61192805218914E+0003	 8.44278190544480E-0009
 6.61192425795048E+0003	 8.02878816379312E-0009
 6.61192046371181E+0003	 7.63457357490770E-0009
 6.61191666947315E+0003	 7.25921813623277E-0009
 6.61191287523449E+0003	 6.90184367097647E-0009
 6.61190908099583E+0003	 6.56161195894424E-0009
 6.61190528675717E+0003	 6.23772294679779E-0009
 6.61190149251851E+0003	 5.92941303506095E-0009
 6.61189769827984E+0003	 5.63595343926172E-0009
 6.61189390404118E+0003	 5.35664862265202E-0009
 6.61189010980252E+0003	 5.09083479798536E-0009
 6.61188631556386E+0003	 4.83787849586158E-0009
 6.61188252132520E+0003	 4.59717519716988E-0009
 6.61187872708654E+0003	 4.36814802717937E-0009
 6.61187493284788E+0003	 4.15024650884368E-0009
 6.61187113860921E+0003	 3.94294537290498E-0009
 6.61186734437055E+0003	 3.74574342240579E-0009
 6.61186355013189E+0003	 3.55816244924513E-0009
 6.61185975589323E+0003	 3.37974620045181E-0009
 6.61185596165457E+0003	 3.21005939189110E-0009
 6.61185216741591E+0003	 3.04868676717363E-0009
 6.61184837317724E+0003	 2.89523219959598E-0009
 6.61184457893858E+0003	 2.74931783501150E-0009
 6.61184078469992E+0003	 2.61058327360621E-0009
 6.61183699046126E+0003	 2.47868478863692E-0009
 6.61183319622260E+0003	 2.35329458027658E-0009
 6.61182940198394E+0003	 2.23410006280301E-0009
 6.61182560774527E+0003	 2.12080318346034E-0009
 6.61182181350661E+0003	 2.01311977141703E-0009
 6.61181801926795E+0003	 1.91077891533746E-0009
 6.61181422502929E+0003	 1.81352236817574E-0009
 6.61181043079063E+0003	 1.72110397788897E-0009
 6.61180663655197E+0003	 1.63328914285135E-0009
 6.61180284231330E+0003	 1.54985429083053E-0009
 6.61179904807464E+0003	 1.47058638046184E-0009
 6.61179525383598E+0003	 1.39528242422463E-0009
 6.61179145959732E+0003	 1.32374903198822E-0009
 6.61178766535866E+0003	 1.25580197425163E-0009
 6.61178387112000E+0003	 1.19126576425312E-0009
 6.61178007688133E+0003	 1.12997325817124E-0009
 6.61177628264267E+0003	 1.07176527268058E-0009
 6.61177248840401E+0003	 1.01649021916131E-0009
 6.61176869416535E+0003	 9.64003753894630E-0010
 6.61176489992669E+0003	 9.14168443604316E-0010
 6.61176110568803E+0003	 8.66853445730684E-0010
 6.61175731144937E+0003	 8.21934202846015E-0010
 6.61175351721070E+0003	 7.79292150641361E-0010
 6.61174972297204E+0003	 7.38814438933724E-0010
 6.61174592873338E+0003	 7.00393665160252E-0010
 6.61174213449472E+0003	 6.63927619842743E-0010
 6.61173834025606E+0003	 6.29319043521618E-0010
 6.61173454601740E+0003	 5.96475394673900E-0010
 6.61173075177873E+0003	 5.65308628144842E-0010
 6.61172695754007E+0003	 5.35734983637740E-0010
 6.61172316330141E+0003	 5.07674783821399E-0010
 6.61171936906275E+0003	 4.81052241629744E-0010
 6.61171557482409E+0003	 4.55795276343137E-0010
 6.61171178058543E+0003	 4.31835338056275E-0010
 6.61170798634676E+0003	 4.09107240152961E-0010
 6.61170419210810E+0003	 3.87548999423600E-0010
 6.61170039786944E+0003	 3.67101683476932E-0010
 6.61169660363078E+0003	 3.47709265113153E-0010
 6.61169280939212E+0003	 3.29318483341229E-0010
 6.61168901515346E+0003	 3.11878710738600E-0010
 6.61168522091479E+0003	 2.95341826866748E-0010
 6.61168142667613E+0003	 2.79662097470881E-0010
 6.61167763243747E+0003	 2.64796059206436E-0010
 6.61167383819881E+0003	 2.50702409648876E-0010
 6.61167004396015E+0003	 2.37341902356480E-0010
 6.61166624972149E+0003	 2.24677246768202E-0010
 6.61166245548282E+0003	 2.12673012730367E-0010
 6.61165866124416E+0003	 2.01295539456697E-0010
 6.61165486700550E+0003	 1.90512848736065E-0010
 6.61165107276684E+0003	 1.80294562211397E-0010
 6.61164727852818E+0003	 1.70611822561207E-0010
 6.61164348428952E+0003	 1.61437218422536E-0010
 6.61163969005086E+0003	 1.52744712900507E-0010
 6.61163589581219E+0003	 1.44509575515436E-0010
 6.61163210157353E+0003	 1.36708317443470E-0010
 6.61162830733487E+0003	 1.29318629911251E-0010
 6.61162451309621E+0003	 1.22319325609103E-0010
 6.61162071885755E+0003	 1.15690282990920E-0010
 6.61161692461889E+0003	 1.09412393332330E-0010
 6.61161313038022E+0003	 1.03467510421927E-0010
 6.61160933614156E+0003	 9.78384027635436E-0011
 6.61160554190290E+0003	 9.25087081706666E-0011
 6.61160174766424E+0003	 8.74628906373522E-0011
 6.61159795342558E+0003	 8.26861993733140E-0011
 6.61159415918692E+0003	 7.81646298943857E-0011
 6.61159036494825E+0003	 7.38848870632343E-0011
 6.61158657070959E+0003	 6.98343499790760E-0011
 6.61158277647093E+0003	 6.60010386192049E-0011
 6.61157898223227E+0003	 6.23735821393596E-0011
 6.61157518799361E+0003	 5.89411887443122E-0011
 6.61157139375495E+0003	 5.56936170445070E-0011
 6.61156759951628E+0003	 5.26211488190876E-0011
 6.61156380527762E+0003	 4.97145631101512E-0011
 6.61156001103896E+0003	 4.69651115775460E-0011
 6.61155621680030E+0003	 4.43644950478966E-0011
 6.61155242256164E+0003	 4.19048411957908E-0011
 6.61154862832298E+0003	 3.95786832991273E-0011
 6.61154483408431E+0003	 3.73789400144836E-0011
 6.61154103984565E+0003	 3.52988961219855E-0011
 6.61153724560699E+0003	 3.33321841925263E-0011
 6.61153345136833E+0003	 3.14727671332771E-0011
 6.61152965712967E+0003	 2.97149215702519E-0011
 6.61152586289101E+0003	 2.80532220292374E-0011
 6.61152206865235E+0003	 2.64825258786793E-0011
 6.61151827441368E+0003	 2.49979590001502E-0011
 6.61151448017502E+0003	 2.35949021538222E-0011
 6.61151068593636E+0003	 2.22689780079588E-0011
 6.61150689169770E+0003	 2.10160388028450E-0011
 6.61150309745904E+0003	 1.98321546208246E-0011
 6.61149930322038E+0003	 1.87136022352256E-0011
 6.61149550898171E+0003	 1.76568545119674E-0011
 6.61149171474305E+0003	 1.66585703385719E-0011
 6.61148792050439E+0003	 1.57155850561679E-0011
 6.61148412626573E+0003	 1.48249013709131E-0011
 6.61148033202707E+0003	 1.39836807220617E-0011
 6.61147653778841E+0003	 1.31892350847066E-0011
 6.61147274354974E+0003	 1.24390191860218E-0011
 6.61146894931108E+0003	 1.17306231146377E-0011
 6.61146515507242E+0003	 1.10617653035957E-0011
 6.61146136083376E+0003	 1.04302858681546E-0011
 6.61145756659510E+0003	 9.83414028055684E-0012
 6.61145377235644E+0003	 9.27139336470129E-0012
 6.61144997811777E+0003	 8.74021359450975E-0012
 6.61144618387911E+0003	 8.23886768060571E-0012
 6.61144238964045E+0003	 7.76571543074457E-0012
 6.61143859540179E+0003	 7.31920487023245E-0012
 6.61143480116313E+0003	 6.89786760934318E-0012
 6.61143100692447E+0003	 6.50031444548105E-0012
 6.61142721268580E+0003	 6.12523118853851E-0012
 6.61142341844714E+0003	 5.77137469855530E-0012
 6.61141962420848E+0003	 5.43756912539992E-0012
 6.61141582996982E+0003	 5.12270234076061E-0012
 6.61141203573116E+0003	 4.82572255325386E-0012
 6.61140824149250E+0003	 4.54563509793271E-0012
 6.61140444725384E+0003	 4.28149939190815E-0012
 6.61140065301517E+0003	 4.03242604818710E-0012
 6.61139685877651E+0003	 3.79757414018347E-0012
 6.61139306453785E+0003	 3.57614860967930E-0012
 6.61138927029919E+0003	 3.36739781130487E-0012
 6.61138547606053E+0003	 3.17061118687527E-0012
 6.61138168182187E+0003	 2.98511706317054E-0012
 6.61137788758320E+0003	 2.81028056698158E-0012
 6.61137409334454E+0003	 2.64550165146843E-0012
 6.61137029910588E+0003	 2.49021322809546E-0012
 6.61136650486722E+0003	 2.34387939862163E-0012
 6.61136271062856E+0003	 2.20599378183580E-0012
 6.61135891638990E+0003	 2.07607792994008E-0012
 6.61135512215123E+0003	 1.95367982969720E-0012
 6.61135132791257E+0003	 1.83837248367354E-0012
 6.61134753367391E+0003	 1.72975256712682E-0012
 6.61134373943525E+0003	 1.62743915630582E-0012
 6.61133994519659E+0003	 1.53107252414853E-0012
 6.61133615095793E+0003	 1.44031299958353E-0012
 6.61133235671926E+0003	 1.35483988685550E-0012
 6.61132856248060E+0003	 1.27435044150837E-0012
 6.61132476824194E+0003	 1.19855889986743E-0012
 6.61132097400328E+0003	 1.12719555906245E-0012
 6.61131717976462E+0003	 1.06000590482720E-0012
 6.61131338552596E+0003	 9.96749784494681E-0013
 6.61130959128730E+0003	 9.37200622781448E-0013
 6.61130579704863E+0003	 8.81144678117416E-0013
 6.61130200280997E+0003	 8.28380337429320E-0013
 6.61129820857131E+0003	 7.78717447426158E-0013
 6.61129441433265E+0003	 7.31976680563439E-0013
 6.61129062009399E+0003	 6.87988933980022E-0013
 6.61128682585533E+0003	 6.46594759807412E-0013
 6.61128303161666E+0003	 6.07643825346758E-0013
 6.61127923737800E+0003	 5.70994401694560E-0013
 6.61127544313934E+0003	 5.36512879474752E-0013
 6.61127164890068E+0003	 5.04073310403400E-0013
 6.61126785466202E+0003	 4.73556973473622E-0013
 6.61126406042336E+0003	 4.44851964603373E-0013
 6.61126026618469E+0003	 4.17852808638338E-0013
 6.61125647194603E+0003	 3.92460092647284E-0013
 6.61125267770737E+0003	 3.68580119488379E-0013
 6.61124888346871E+0003	 3.46124580663276E-0013
 6.61124508923005E+0003	 3.25010247511375E-0013
 6.61124129499139E+0003	 3.05158679830591E-0013
 6.61123750075272E+0003	 2.86495951043261E-0013
 6.61123370651406E+0003	 2.68952389057159E-0013
 6.61122991227540E+0003	 2.52462332002138E-0013
 6.61122611803674E+0003	 2.36963898052846E-0013
 6.61122232379808E+0003	 2.22398768577641E-0013
 6.61121852955942E+0003	 2.08711983883125E-0013
 6.61121473532075E+0003	 1.95851750852864E-0013
 6.61121094108209E+0003	 1.83769261807856E-0013
 6.61120714684343E+0003	 1.72418523945066E-0013
 6.61120335260477E+0003	 1.61756198739014E-0013
 6.61119955836611E+0003	 1.51741450719740E-0013
 6.61119576412745E+0003	 1.42335805068622E-0013
 6.61119196988879E+0003	 1.33503013501305E-0013
 6.61118817565012E+0003	 1.25208927934391E-0013
 6.61118438141146E+0003	 1.17421381459509E-0013
 6.61118058717280E+0003	 1.10110076174808E-0013
 6.61117679293414E+0003	 1.03246477449772E-0013
 6.61117299869548E+0003	 9.68037142244666E-0014
 6.61116920445682E+0003	 9.07564849687901E-0014
 6.61116541021815E+0003	 8.50809689510484E-0014
 6.61116161597949E+0003	 7.97547424879899E-0014
 6.61115782174083E+0003	 7.47566998704284E-0014
 6.61115402750217E+0003	 7.00669786795568E-0014
 6.61115023326351E+0003	 6.56668892290473E-0014
 6.61114643902485E+0003	 6.15388478869477E-0014
 6.61114264478618E+0003	 5.76663140492193E-0014
 6.61113885054752E+0003	 5.40337305534543E-0014
 6.61113505630886E+0003	 5.06264673368766E-0014
 6.61113126207020E+0003	 4.74307681571360E-0014
 6.61112746783154E+0003	 4.44337002076689E-0014
 6.61112367359288E+0003	 4.16231064715364E-0014
 6.61111987935421E+0003	 3.89875606686863E-0014
 6.61111608511555E+0003	 3.65163246615668E-0014
 6.61111229087689E+0003	 3.41993081929882E-0014
 6.61110849663823E+0003	 3.20270308381625E-0014
 6.61110470239957E+0003	 2.99905860599956E-0014
 6.61110090816091E+0003	 2.80816072630656E-0014
 6.61109711392224E+0003	 2.62922357473459E-0014
 6.61109331968358E+0003	 2.46150904677325E-0014
 6.61108952544492E+0003	 2.30432395098734E-0014
 6.61108573120626E+0003	 2.15701731967675E-0014
 6.61108193696760E+0003	 2.01897787441810E-0014
 6.61107814272894E+0003	 1.88963163861839E-0014
 6.61107434849028E+0003	 1.76843968951215E-0014
 6.61107055425161E+0003	 1.65489604231513E-0014
 6.61106676001295E+0003	 1.54852565951615E-0014
 6.61106296577429E+0003	 1.44888257854754E-0014
 6.61105917153563E+0003	 1.35554815132845E-0014
 6.61105537729697E+0003	 1.26812938942612E-0014
 6.61105158305831E+0003	 1.18625740883015E-0014
 6.61104778881964E+0003	 1.10958596858599E-0014
 6.61104399458098E+0003	 1.03779009778516E-0014
 6.61104020034232E+0003	 9.70564805663184E-0015
 6.61103640610366E+0003	 9.07623869809412E-0015
 6.61103261186500E+0003	 8.48698697746743E-0015
 6.61102881762634E+0003	 7.93537257391035E-0015
 6.61102502338767E+0003	 7.41903072149520E-0015
 6.61102122914901E+0003	 6.93574276662776E-0015
 6.61101743491035E+0003	 6.48342729434359E-0015
 6.61101364067169E+0003	 6.06013178824902E-0015
 6.61100984643303E+0003	 5.66402479111708E-0015
 6.61100605219437E+0003	 5.29338853529734E-0015
 6.61100225795570E+0003	 4.94661201414198E-0015
 6.61099846371704E+0003	 4.62218446758320E-0015
 6.61099466947838E+0003	 4.31868925681194E-0015
 6.61099087523972E+0003	 4.03479810470421E-0015
 6.61098708100106E+0003	 3.76926568021617E-0015
 6.61098328676240E+0003	 3.52092450642587E-0015
 6.61097949252373E+0003	 3.28868017324028E-0015
 6.61097569828507E+0003	 3.07150683701629E-0015
 6.61097190404641E+0003	 2.86844299046946E-0015
 6.61096810980775E+0003	 2.67858748727251E-0015
 6.61096431556909E+0003	 2.50109580668373E-0015
 6.61096052133043E+0003	 2.33517654440294E-0015
 6.61095672709177E+0003	 2.18008811663726E-0015
 6.61095293285310E+0003	 2.03513566507938E-0015
 6.61094913861444E+0003	 1.89966815116581E-0015
 6.61094534437578E+0003	 1.77307562859824E-0015
 6.61094155013712E+0003	 1.65478668368620E-0015
 6.61093775589846E+0003	 1.54426603360838E-0015
 6.61093396165980E+0003	 1.44101227320016E-0015
 6.61093016742113E+0003	 1.34455576135911E-0015
 6.61092637318247E+0003	 1.25445663862404E-0015
 6.61092257894381E+0003	 1.17030296792803E-0015
 6.61091878470515E+0003	 1.09170899095444E-0015
 6.61091499046649E+0003	 1.01831349293963E-0015
 6.61091119622783E+0003	 9.49778269166002E-0016
 6.61090740198916E+0003	 8.85786686776686E-0016
 6.61090360775050E+0003	 8.26042335916867E-0016
 6.61089981351184E+0003	 7.70267764567357E-0016
 6.61089601927318E+0003	 7.18203291782686E-0016
 6.61089222503452E+0003	 6.69605894378061E-0016
 6.61088843079586E+0003	 6.24248162426753E-0016
 6.61088463655719E+0003	 5.81917319231046E-0016
 6.61088084231853E+0003	 5.42414301715580E-0016
 6.61087704807987E+0003	 5.05552897461279E-0016
 6.61087325384121E+0003	 4.71158934851161E-0016
 6.61086945960255E+0003	 4.39069523036009E-0016
 6.61086566536389E+0003	 4.09132338648594E-0016
 6.61086187112522E+0003	 3.81204956400146E-0016
 6.61085807688656E+0003	 3.55154220882728E-0016
 6.61085428264790E+0003	 3.30855657076741E-0016
 6.61085048840924E+0003	 3.08192917224839E-0016
 6.61084669417058E+0003	 2.87057261882936E-0016
 6.61084289993192E+0003	 2.67347073096701E-0016
 6.61083910569326E+0003	 2.48967397778927E-0016
 6.61083531145459E+0003	 2.31829519480462E-0016
 6.61083151721593E+0003	 2.15850556855840E-0016
 6.61082772297727E+0003	 2.00953087225327E-0016
 6.61082392873861E+0003	 1.87064793728630E-0016
 6.61082013449995E+0003	 1.74118134652718E-0016
 6.61081634026129E+0003	 1.62050033597767E-0016
 6.61081254602262E+0003	 1.50801589221836E-0016
 6.61080875178396E+0003	 1.40317803376840E-0016
 6.61080495754530E+0003	 1.30547326516375E-0016
 6.61080116330664E+0003	 1.21442219320097E-0016
 6.61079736906798E+0003	 1.12957729540131E-0016
 6.61079357482932E+0003	 1.05052083132516E-0016
 6.61078978059065E+0003	 9.76862887912204E-0017
 6.61078598635199E+0003	 9.08239550539224E-0017
 6.61078219211333E+0003	 8.44311191976969E-0017
 6.61077839787467E+0003	 7.84760871890311E-0017
 6.61077460363601E+0003	 7.29292839963999E-0017
 6.61077080939735E+0003	 6.77631136149605E-0017
 6.61076701515868E+0003	 6.29518281919376E-0017
 6.61076322092002E+0003	 5.84714056780212E-0017
 6.61075942668136E+0003	 5.42994354647022E-0017
 6.61075563244270E+0003	 5.04150115000238E-0017
 6.61075183820404E+0003	 4.67986324058324E-0017
 6.61074804396538E+0003	 4.34321081483967E-0017
 6.61074424972671E+0003	 4.02984728413220E-0017
 6.61074045548805E+0003	 3.73819032851468E-0017
 6.61073666124939E+0003	 3.46676428719811E-0017
 6.61073286701073E+0003	 3.21419305061337E-0017
 6.61072907277207E+0003	 2.97919342129891E-0017
 6.61072527853341E+0003	 2.76056891285295E-0017
 6.61072148429475E+0003	 2.55720395809414E-0017
 6.61071769005608E+0003	 2.36805849937738E-0017
 6.61071389581742E+0003	 2.19216293572090E-0017
 6.61071010157876E+0003	 2.02861340302115E-0017
 6.61070630734010E+0003	 1.87656736516938E-0017
 6.61070251310144E+0003	 1.73523949534263E-0017
 6.61069871886278E+0003	 1.60389782812399E-0017
 6.61069492462411E+0003	 1.48186016441697E-0017
 6.61069113038545E+0003	 1.36849071235704E-0017
 6.61068733614679E+0003	 1.26319694859283E-0017
 6.61068354190813E+0003	 1.16542668541028E-0017
 6.61067974766947E+0003	 1.07466533020780E-0017
 6.61067595343081E+0003	 9.90433324798662E-0018
 6.61067215919214E+0003	 9.12283752921085E-0018
 6.61066836495348E+0003	 8.39800105177448E-0018
 6.61066457071482E+0003	 7.72594191402756E-0018
 6.61066077647616E+0003	 7.10304191181993E-0018
 6.61065698223750E+0003	 6.52592833896952E-0018
 6.61065318799884E+0003	 5.99145700288793E-0018
 6.61064939376017E+0003	 5.49669638075181E-0018
 6.61064559952151E+0003	 5.03891284663365E-0018
 6.61064180528285E+0003	 4.61555690456147E-0018
 6.61063801104419E+0003	 4.22425036659616E-0018
 6.61063421680553E+0003	 3.86277441873332E-0018
 6.61063042256687E+0003	 3.52905852078900E-0018
 6.61062662832820E+0003	 3.22117008945194E-0018
 6.61062283408954E+0003	 2.93730491641539E-0018
 6.61061903985088E+0003	 2.67577827597459E-0018
 6.61061524561222E+0003	 2.43501667872669E-0018
 6.61061145137356E+0003	 2.21355023007088E-0018
 6.61060765713490E+0003	 2.01000555410914E-0018
 6.61060386289624E+0003	 1.82309924532164E-0018
 6.61060006865757E+0003	 1.65163181206092E-0018
 6.61059627441891E+0003	 1.49448207750021E-0018
 6.61059248018025E+0003	 1.35060200520336E-0018
 6.61058868594159E+0003	 1.21901191797516E-0018
 6.61058489170293E+0003	 1.09879608011608E-0018
 6.61058109746427E+0003	 9.89098614655152E-0019
 6.61057730322560E+0003	 8.89119728579402E-0019
 6.61057350898694E+0003	 7.98112220521981E-0019
 6.61056971474828E+0003	 7.15378246818072E-0019
 6.61056592050962E+0003	 6.40266323288663E-0019
 6.61056212627096E+0003	 5.72168541565311E-0019
 6.61055833203230E+0003	 5.10517980221204E-0019
 6.61055453779363E+0003	 4.54786292420079E-0019
 6.61055074355497E+0003	 4.04481453228405E-0019
 6.61054694931631E+0003	 3.59145651150505E-0019
 6.61054315507765E+0003	 3.18353309832900E-0019
 6.61053936083899E+0003	 2.81709227234592E-0019
 6.61053556660033E+0003	 2.48846820865963E-0019
 6.61053177236166E+0003	 2.19426468951898E-0019
 6.61052797812300E+0003	 1.93133938567034E-0019
 6.61052418388434E+0003	 1.69678892915381E-0019
 6.61052038964568E+0003	 1.48793470976780E-0019
 6.61051659540702E+0003	 1.30230933713544E-0019
 6.61051280116836E+0003	 1.13764371918116E-0019
 6.61050900692969E+0003	 9.91854715839866E-0020
 6.61050521269103E+0003	 8.63033333959528E-0020
 6.61050141845237E+0003	 7.49433435619538E-0020
 6.61049762421371E+0003	 6.49460937483781E-0020
 6.61049382997505E+0003	 5.61663483362720E-0020
 6.61049003573639E+0003	 4.84720575908009E-0020
 6.61048624149773E+0003	 4.17434156351536E-0020
 6.61048244725906E+0003	 3.58719623482148E-0020
 6.61047865302040E+0003	 3.07597284688463E-0020
 6.61047485878174E+0003	 2.63184232951551E-0020
 6.61047106454308E+0003	 2.24686644216718E-0020
 6.61046727030442E+0003	 1.91392489681262E-0020
 6.61046347606576E+0003	 1.62664657277155E-0020
 6.61045968182709E+0003	 1.37934476075376E-0020
 6.61045588758843E+0003	 1.16695636560682E-0020
 6.61045209334977E+0003	 9.84984987868126E-0021
 6.61044829911111E+0003	 8.29447793825074E-0021
 6.61044450487280E+0003	 6.96826085262273E-0021
