4.801109058171978639e+00 4.457867035047211601e+00 4.135984380775798108e+00 3.835539386590133937e+00 3.555153351444848564e+00 3.293818704712525136e+00 3.050615680921936690e+00 2.824729337610928148e+00 2.615324640516176302e+00 2.421730935281841912e+00 2.242972863813863071e+00 2.078956716903105573e+00 1.928570465644459553e+00 1.791138299954180058e+00 1.666706983215705984e+00 1.554170863821793702e+00 1.453061887120344231e+00 1.363370176981964832e+00 1.283677122640485946e+00 1.214185862130615190e+00 1.154641362949131445e+00 1.104109569360836041e+00
4.567682907014233962e+00 4.227524127099229645e+00 3.910071579047213586e+00 3.614835345546052903e+00 3.340382812982630067e+00 3.085752700487037092e+00 2.850007526258009349e+00 2.631744766888379328e+00 2.430390911009858268e+00 2.245534321228896069e+00 2.075793293069647216e+00 1.920800176074987986e+00 1.779906171515374336e+00 1.652039000244315936e+00 1.537136567416439670e+00 1.434704761453621469e+00 1.343633494281915697e+00 1.263709053920418102e+00 1.194103917012348637e+00 1.134709459812770715e+00 1.085272166763477486e+00 1.044800941919954651e+00
4.346001638744978024e+00 4.009239581544766118e+00 3.696969952757548139e+00 3.407178969383708012e+00 3.138646523297611513e+00 2.890863527153157531e+00 2.662529928826396386e+00 2.452240984086303310e+00 2.259426198448986067e+00 2.082991650299242270e+00 1.922377743874383205e+00 1.776833956352308119e+00 1.645379669585859794e+00 1.527387822536065975e+00 1.422269325942776108e+00 1.329620468076952777e+00 1.248603693299604522e+00 1.178638844035126976e+00 1.119179357256929741e+00 1.069828612459186257e+00 1.030210802629481837e+00 9.997875190822923530e-01
4.136030548952835950e+00 3.803116407680191990e+00 3.495647110486067355e+00 3.211174661894735216e+00 2.949389968206226342e+00 2.708883766358078038e+00 2.487695707726599981e+00 2.285947595701563362e+00 2.101513343457588778e+00 1.934082848668800869e+00 1.782465114191327249e+00 1.646578959084012084e+00 1.524262238577214656e+00 1.416245831490209994e+00 1.321114198098585213e+00 1.238377354546067455e+00 1.167288994686806136e+00 1.107002573263869083e+00 1.057887669823632582e+00 1.018620560859366808e+00 9.888516591469173056e-01 9.683985047292189563e-01
3.936999385573500376e+00 3.608691194919773970e+00 3.305904148511381813e+00 3.027340647525758932e+00 2.772352976998669227e+00 2.538483646855348219e+00 2.325430903303563390e+00 2.131907079225359603e+00 1.955958071945295806e+00 1.797700033509239459e+00 1.655501756317351525e+00 1.528970112913127899e+00 1.416548450751493160e+00 1.318124145745071862e+00 1.232953788920806204e+00 1.160024153064135533e+00 1.098848536608082238e+00 1.048827749510376606e+00 1.009486838900173211e+00 9.802382713222073107e-01 9.603763084657915838e-01 9.496396613682633880e-01
3.749032570130478970e+00 3.424742690362765796e+00 3.127162087892418008e+00 2.854851343330227831e+00 2.606567666343575063e+00 2.380123948058582073e+00 2.174969735126268233e+00 1.989784269054698518e+00 1.822668840690050640e+00 1.673471696432135003e+00 1.540741295964713764e+00 1.423369988315081658e+00 1.321042689626830580e+00 1.232373312052909231e+00 1.157119802046140622e+00 1.093915880383792949e+00 1.042926245006496222e+00 1.002924352278307341e+00 9.733516849074697053e-01 9.540424585923765743e-01 9.439908114964903341e-01 9.428504807696039824e-01
3.571232055642224346e+00 3.251687862555104225e+00 2.959418233367511419e+00 2.693271238399300493e+00 2.451550282146468085e+00 2.232949193075445038e+00 2.036017896420267537e+00 1.858926398620441622e+00 1.700904508012125893e+00 1.560948677409581764e+00 1.437438447864469282e+00 1.329832047278052265e+00 1.237279094218608932e+00 1.158443528712713277e+00 1.092790364436407646e+00 1.039869039341973611e+00 9.986317137167110003e-01 9.685899533631618930e-01 9.489346323264319372e-01 9.392837430581979508e-01 9.389552601380138919e-01 9.470719397214270030e-01
3.403817094472993965e+00 3.088773104384092694e+00 2.801765227060667662e+00 2.542092162218718254e+00 2.307489325804189306e+00 2.096508441600757777e+00 1.907369190997431074e+00 1.739253737127933519e+00 1.590324491329946133e+00 1.459241233045763586e+00 1.345407464796242403e+00 1.247568001248655190e+00 1.164625800582917980e+00 1.095480024726465329e+00 1.039905696387788847e+00 9.968558283819417554e-01 9.654297767516212270e-01 9.452816957566778644e-01 9.353898122196631082e-01 9.350701923072262112e-01 9.443690468164027685e-01 9.622590620512190274e-01
3.245755803608531220e+00 2.935176250119344132e+00 2.654291998761395099e+00 2.400878534092480532e+00 2.173606044513958668e+00 1.970111768020486931e+00 1.789502501587504568e+00 1.630053039623301503e+00 1.489817072417405353e+00 1.368371846863741803e+00 1.264014146425075147e+00 1.175885318203490515e+00 1.102387955355111249e+00 1.043410104450987808e+00 9.975771405879215736e-01 9.643957433390953904e-01 9.428266944498027158e-01 9.320804029526353895e-01 9.318529471256173924e-01 9.413715281472346819e-01 9.601509958353275920e-01 9.873905763730952412e-01
3.096872370045321787e+00 2.791441023237095198e+00 2.516134355254929567e+00 2.269281178043487390e+00 2.049260095026843587e+00 1.853737826958103962e+00 1.681583266017284028e+00 1.530642514070578164e+00 1.399741523630871232e+00 1.287619440767050927e+00 1.192772999900671982e+00 1.114085718300668271e+00 1.050581623598467740e+00 1.001428203511274928e+00 9.653789377231939417e-01 9.417094376462307181e-01 9.299094876453761760e-01 9.289555261388852125e-01 9.383768455995586955e-01 9.573471067756781361e-01 9.854240151066718800e-01 1.021894122510391911e+00
2.956851172919037651e+00 2.656559045189993640e+00 2.387168903522747243e+00 2.147182137395745372e+00 1.934459803398858257e+00 1.746710120776392428e+00 1.582964950207659705e+00 1.440964854559726227e+00 1.319299874093618152e+00 1.216534077644434442e+00 1.130934630545269437e+00 1.062205374507431133e+00 1.008505145492415656e+00 9.690037193386020764e-01 9.425408629821447892e-01 9.287725358429259614e-01 9.265912112143593893e-01 9.352098893368530064e-01 9.541163685423481589e-01 9.824190286372231906e-01 1.019410480639520333e+00 1.064955621418797627e+00
2.825195802401873735e+00 2.530156538064937788e+00 2.266916658723778788e+00 2.033734126245619667e+00 1.828265540462655769e+00 1.648964174031643859e+00 1.493643029437434988e+00 1.360526308544786733e+00 1.247727185962929974e+00 1.154382555277648548e+00 1.078642904931732538e+00 1.019548548693770318e+00 9.752548788370800636e-01 9.455032032754613347e-01 9.290289665371457284e-01 9.247759977362068895e-01 9.322318801519198228e-01 9.500854892512131666e-01 9.782685867006016833e-01 1.015813427421995874e+00 1.062140310875384852e+00 1.116539504266105487e+00
2.701956061882578641e+00 2.412198545742041844e+00 2.155304824287722631e+00 1.928838311263036953e+00 1.731098673125414100e+00 1.559882052614893544e+00 1.412677216791603296e+00 1.288681162355678200e+00 1.185277926509547219e+00 1.101311051997495349e+00 1.035150391978731932e+00 9.854053928200344759e-01 9.510425229379814160e-01 9.309472065334650770e-01 9.240873268628018167e-01 9.291619302655451662e-01 9.460936286519965321e-01 9.735324277446579799e-01 1.010929158061218303e+00 1.057567775824838741e+00 1.112798652429765278e+00 1.175940691080469946e+00
2.586295404423573974e+00 2.302127472954401455e+00 2.051342417928356809e+00 1.832055898600710719e+00 1.641934823713720348e+00 1.478709323215872118e+00 1.340437112386510643e+00 1.225435878240450194e+00 1.131162929704609077e+00 1.056471777455766370e+00 9.998291221890379665e-01 9.599041374456811493e-01 9.351530329451177570e-01 9.246834938873598198e-01 9.270744327282566255e-01 9.419289830234945926e-01 9.681886575360411085e-01 1.004864477148057045e+00 1.051365208227498016e+00 1.106677482560331605e+00 1.170685857392146367e+00 1.242454662005937793e+00
2.478117893818008177e+00 2.199476163069773449e+00 1.955168595915437679e+00 1.742923598458886003e+00 1.560505751685566267e+00 1.405545987337860181e+00 1.276003474286820039e+00 1.169845949808492325e+00 1.084861473786595365e+00 1.019790196918809677e+00 9.726623826588004507e-01 9.423163519169183155e-01 9.269738348992587751e-01 9.260319355806913011e-01 9.381202663662114860e-01 9.623673805854673358e-01 9.978587343911161645e-01 1.043419037683228190e+00 1.098937264965535787e+00 1.163247606297582060e+00 1.235888815668499285e+00 1.316151698969538764e+00
2.377084433683839926e+00 2.104173828666322965e+00 1.866572458673108503e+00 1.661611974492109844e+00 1.486946051918483169e+00 1.340238388441374218e+00 1.219303186348340562e+00 1.122178007760935570e+00 1.046495604466311846e+00 9.908004389255753441e-01 9.529175157564436782e-01 9.321567294061412490e-01 9.264974741708195127e-01 9.350352443290713689e-01 9.565650961440791411e-01 9.898325366413167625e-01 1.034500764448756271e+00 1.089310829823466165e+00 1.153627747076553023e+00 1.226633887232807085e+00 1.307743936409610397e+00 1.396125904192356604e+00
2.282887439318141976e+00 2.016055159562689436e+00 1.784907587133210738e+00 1.587069651446076479e+00 1.420192895656820165e+00 1.281880770112296952e+00 1.169736111327909001e+00 1.081603316109731816e+00 1.015150043107647226e+00 9.688495375283616706e-01 9.406382632086356388e-01 9.294104250950726565e-01 9.331750090404217213e-01 9.509514031704502379e-01 9.817846734255785135e-01 1.024426287429859972e+00 1.078189798595841298e+00 1.141849642872198700e+00 1.214637374054280849e+00 1.296229007041240777e+00 1.385613636939986071e+00 1.482369048886440055e+00
2.195218782551398906e+00 1.934350800097130563e+00 1.709831713248861185e+00 1.519346608687333289e+00 1.360375431251098721e+00 1.230653635157153980e+00 1.127214034702428203e+00 1.048162314366087200e+00 9.910064308852114534e-01 9.540607263630761503e-01 9.351260294975819454e-01 9.332950719488194435e-01 9.465016612255398032e-01 9.738200093941976609e-01 1.013840457635082792e+00 1.065607706232416518e+00 1.128063300901034349e+00 1.200502733287396762e+00 1.282077724767824778e+00 1.372120601079625635e+00 1.469632252968361419e+00 1.574348443554110411e+00
2.113786532388282957e+00 1.858992001454192522e+00 1.641191517602980099e+00 1.458163982256638569e+00 1.307331230462251748e+00 1.185917428082279290e+00 1.091197899561076268e+00 1.021252077926699586e+00 9.732145340483683293e-01 9.456508550646705036e-01 9.363629633615810910e-01 9.439083762726784288e-01 9.665108938552792184e-01 1.002839723012701079e+00 1.052009805746808357e+00 1.112799530222338351e+00 1.184241520605719744e+00 1.265385704695380475e+00 1.355358404645925718e+00 1.453432850765359330e+00 1.559022829291526246e+00 1.671521366496053762e+00
2.038108111796084199e+00 1.789461030435011146e+00 1.578574963434272727e+00 1.403360503338250131e+00 1.260442226593353920e+00 1.147336367044286209e+00 1.061451311757727556e+00 1.000565214700930072e+00 9.618039628868845226e-01 9.436126122560257734e-01 9.436144278451977785e-01 9.605855011161613666e-01 9.924214208629236200e-01 1.038181764754122272e+00 1.096385852086918744e+00 1.166077628740385563e+00 1.245982513547461146e+00 1.335712856696563255e+00 1.433948013636733076e+00 1.540305074786920914e+00 1.653893317717253231e+00 1.773981810264356973e+00
1.968330367685169113e+00 1.725901540477755347e+00 1.521974615489627647e+00 1.354256266163917699e+00 1.219418227178817871e+00 1.114768481742531403e+00 1.037952052332145492e+00 9.860965454509433847e-01 9.565812849231477566e-01 9.476882160160157165e-01 9.570662317980617173e-01 9.833385694644808384e-01 1.024388684216617884e+00 1.079088347798824010e+00 1.146210074312286276e+00 1.224708267226576552e+00 1.313418630402657827e+00 1.411489354444974920e+00 1.517976672711810915e+00 1.632040652895878852e+00 1.753505686148402187e+00 1.881046788199128406e+00
1.903775986267987719e+00 1.667841820886078796e+00 1.470956055580268096e+00 1.310796068822982940e+00 1.183980716717444537e+00 1.088153390900215678e+00 1.019986457300619209e+00 9.772227010127627622e-01 9.569501864232619059e-01 9.572630736141775065e-01 9.759738776684182548e-01 1.011493161780532501e+00 1.061715079966221609e+00 1.125614630780101599e+00 1.201623695100815903e+00 1.288771903248862705e+00 1.385822180280389837e+00 1.492093034690164188e+00 1.606755937358897990e+00 1.728786771941460909e+00 1.857990111916947518e+00 1.992826190431946864e+00
1.844581308208022907e+00 1.614863360001934867e+00 1.425101850144305571e+00 1.272600264733732667e+00 1.154060363563598868e+00 1.066780208453369738e+00 1.007457677014917730e+00 9.737735986806708155e-01 9.626900822296036164e-01 9.722984219535866224e-01 1.000519125324714764e+00 1.045153303285800916e+00 1.104310873109801694e+00 1.177110228296230909e+00 1.261948271042435010e+00 1.357630725012480610e+00 1.463324676452603557e+00 1.577693243677666946e+00 1.700405888780254005e+00 1.830025410644358086e+00 1.966449474051782165e+00 2.108666487131871214e+00
1.790088074665819207e+00 1.567041135542265318e+00 1.384417954593000433e+00 1.239649537948154245e+00 1.129276178477956583e+00 1.050594377943286473e+00 1.000112640912779627e+00 9.755367419789022776e-01 9.737955538507446773e-01 9.926699678019967887e-01 1.029896016083014620e+00 1.083697868281107590e+00 1.152137768172154075e+00 1.233723617524338456e+00 1.327331738175100861e+00 1.431416708590361964e+00 1.545281968617920221e+00 1.667594879478364822e+00 1.798185516103496973e+00 1.935350282463192961e+00 2.079211324206134748e+00 2.228680796672281694e+00
1.740268065977325529e+00 1.523809261062044396e+00 1.348418251107152965e+00 1.211575843094734761e+00 1.109398751659025129e+00 1.039263028127314747e+00 9.977224864303300134e-01 9.824222134218340008e-01 9.896306224286007813e-01 1.017760891940665768e+00 1.064105033883482321e+00 1.127041931190051915e+00 1.204419752586253667e+00 1.294803659950014563e+00 1.397090158214238320e+00 1.509470020064219042e+00 1.631752832004743414e+00 1.761968207569283074e+00 1.900138260775210197e+00 2.044882927987785148e+00 2.195650896261069018e+00 2.352288022709165816e+00
1.695040872883726291e+00 1.484877470656777998e+00 1.317125787710485385e+00 1.188013529090083953e+00 1.094103543936710610e+00 1.032715832339522910e+00 1.000040297893160179e+00 9.937757897945118657e-01 1.010152019220546871e+00 1.047518888303384577e+00 1.102923734977129033e+00 1.175155061397741729e+00 1.261348540063085055e+00 1.360512411977460312e+00 1.471221237117959824e+00 1.591780687218774526e+00 1.722045099473139551e+00 1.860149312231677898e+00 2.005808682955061872e+00 2.158030715806643407e+00 2.315912187040729098e+00 2.479541155328945479e+00
1.653620174769764750e+00 1.450636549276038689e+00 1.290062710182865224e+00 1.168854459932088474e+00 1.083337718569115093e+00 1.030584913008221859e+00 1.006788365449643896e+00 1.009540107409412801e+00 1.035126950444416272e+00 1.081594493602458629e+00 1.146319085395017812e+00 1.227394024277286277e+00 1.322332118079659002e+00 1.430220602344935310e+00 1.549254785636901222e+00 1.678299951029102566e+00 1.816396964178368600e+00 1.962359045566974602e+00 2.115329808956906810e+00 2.274725598557908235e+00 2.439437088045258939e+00 2.609641247093201777e+00
1.616445056566006233e+00 1.420311041501554516e+00 1.267138432178628982e+00 1.153969057084210714e+00 1.076705491762761424e+00 1.032609566451036631e+00 1.017717101902203769e+00 1.029573968346912061e+00 1.064332050555426568e+00 1.120043347181172377e+00 1.193683842507672788e+00 1.283701168034715900e+00 1.387347913476374872e+00 1.503876980203929348e+00 1.631161155671017271e+00 1.768434134939138369e+00 1.914253189655110043e+00 2.067954297810308262e+00 2.228131786263508829e+00 2.394901662032151712e+00 2.566361587313321202e+00 2.743011909623227051e+00
1.583082640841724675e+00 1.393866002841597451e+00 1.248277565825243851e+00 1.142725216747670025e+00 1.074075349399224111e+00 1.038682429234505600e+00 1.032726586069375285e+00 1.053631029468434566e+00 1.097478039713934539e+00 1.162257557215724324e+00 1.244956616955217088e+00 1.343768804466765054e+00 1.456183638903390865e+00 1.581458327721287249e+00 1.716916438111679266e+00 1.862341404692064106e+00 2.015780268940781550e+00 2.176892545405604285e+00 2.344173370024295711e+00 2.517800453965967744e+00 2.696151272920368935e+00 2.879057323321049910e+00
1.553343286870915607e+00 1.370870775242292838e+00 1.232803553939936458e+00 1.135470592185948924e+00 1.075292567985913328e+00 1.048504010250359553e+00 1.051497263799844317e+00 1.081471999075036106e+00 1.134356545726003196e+00 1.208232335403700342e+00 1.299952028125743730e+00 1.407498381672174004e+00 1.528819173222436767e+00 1.662212229368092986e+00 1.805950216177885093e+00 1.959190971829728456e+00 2.120380302120684846e+00 2.288946068460846028e+00 2.463510388434250853e+00 2.643807464464659418e+00 2.828981793556610391e+00 3.017848397644832037e+00
1.526812457114691268e+00 1.351573865871626978e+00 1.221083150042083787e+00 1.131748985276363584e+00 1.080014561317474531e+00 1.061937200197270004e+00 1.073902250466113539e+00 1.112939160159976071e+00 1.174807835281769464e+00 1.257770462676839118e+00 1.358443457049594461e+00 1.474895888824711010e+00 1.604672562195066376e+00 1.746297518887691691e+00 1.898241747215753339e+00 2.059189431126444703e+00 2.228089193780359523e+00 2.403760843513754075e+00 2.585555715369692642e+00 2.772414892865645353e+00 2.964281337229627056e+00 3.159373142265912371e+00
1.503757779342189016e+00 1.335555322604475847e+00 1.212692296706610495e+00 1.131510332649497963e+00 1.088142858946223424e+00 1.078857749655820708e+00 1.099701969323726214e+00 1.147693742055182931e+00 1.218635241924815205e+00 1.310666342545118157e+00 1.420115580581811976e+00 1.545370993943329996e+00 1.683760476068003831e+00 1.833530804909313305e+00 1.993623522876289300e+00 2.162175867649233307e+00 2.338709553477847702e+00 2.521404296512439469e+00 2.710299023897739801e+00 2.903621064692150977e+00 3.102052276495126382e+00 3.303056671501269026e+00
1.483549646731972649e+00 1.322673958314092069e+00 1.207480934971128406e+00 1.134384817820830671e+00 1.099476016857394933e+00 1.098752316515589245e+00 1.128702974461815778e+00 1.185707859047216761e+00 1.265691082128690415e+00 1.366758293137155134e+00 1.484923017356353681e+00 1.618932232093821311e+00 1.765758457344697829e+00 1.923724272595641382e+00 2.092114683089828286e+00 2.268170207376225544e+00 2.452270162395202124e+00 2.641874286786054959e+00 2.837817755426836897e+00 3.037424239426103512e+00 3.241950475786962826e+00 3.449187004782531041e+00
1.466511116086713251e+00 1.312540750210623219e+00 1.205059347238730760e+00 1.140080671548016289e+00 1.113654392996078268e+00 1.121933279636710967e+00 1.160725297432121383e+00 1.226738567968503224e+00 1.315767415352964376e+00 1.425757281918277553e+00 1.552690852783102260e+00 1.695409436828746896e+00 1.850509485015347622e+00 2.016712085587013981e+00 2.192962336240902754e+00 2.376610978351425096e+00 2.568088446044934248e+00 2.764633490951920347e+00 2.967160880631597664e+00 3.173362220230512953e+00 3.383794426266240940e+00 3.597222595233062314e+00
1.452250340893266101e+00 1.305458829200201620e+00 1.205720145287711986e+00 1.148879731595571441e+00 1.131014240275804772e+00 1.147911011752683841e+00 1.195599857290478907e+00 1.270638300248587704e+00 1.368714866013974296e+00 1.487472998949475045e+00 1.623253909827134356e+00 1.774658974106148035e+00 1.937935864387274387e+00 2.112536631227149186e+00 2.296237456128285448e+00 2.487546217227784240e+00 2.686065434551426101e+00 2.889717128522718781e+00 3.098667411084812251e+00 3.311440379060793138e+00 3.527695761902226224e+00 3.747176484362360060e+00
1.440203026411017273e+00 1.300818108079750290e+00 1.209050320689224245e+00 1.160405996953739249e+00 1.150970383449371637e+00 1.176604932222987232e+00 1.233204554061601010e+00 1.317050544948877411e+00 1.424382031508566016e+00 1.551852823982217799e+00 1.696453299485831234e+00 1.856434404950387806e+00 2.027885522131101848e+00 2.210672768590597137e+00 2.401905296154616121e+00 2.600826469916307726e+00 2.806288435100372070e+00 3.016984812978291242e+00 3.232431036480138520e+00 3.451703823200322763e+00 3.673667719215708782e+00 3.899157963402003269e+00
1.431076988717298715e+00 1.298800587513497140e+00 1.214694951980460402e+00 1.174203483687950911e+00 1.173245684771663244e+00 1.207656658240307435e+00 1.273177850085974727e+00 1.366264224797937299e+00 1.482379372604780920e+00 1.618746181415754437e+00 1.772133008739412485e+00 1.940436118561957413e+00 2.120225625452999640e+00 2.311127673734154175e+00 2.509846493971404247e+00 2.716309036375462949e+00 2.928611977781445219e+00 3.146481357987201743e+00 3.367952538885198077e+00 3.593664621778340340e+00 3.821223942522224082e+00 4.052148985310316753e+00
1.424021462914493608e+00 1.299246790816850794e+00 1.222800587519736748e+00 1.190523739743539311e+00 1.198106009651476844e+00 1.241341101014738157e+00 1.315795632376567825e+00 1.417884833118554955e+00 1.542762251668631457e+00 1.687792134872671213e+00 1.850131573588577716e+00 2.026701591137502145e+00 2.214782659842397194e+00 2.413530768855784991e+00 2.619874275510626571e+00 2.833857654161687556e+00 3.053096320653195583e+00 3.277709902627844230e+00 3.505281889549629604e+00 3.737171339377114432e+00 3.970422080944502330e+00 4.206579209303523470e+00
1.419425351867001694e+00 1.301709612597349741e+00 1.233056467108600618e+00 1.209235615955667642e+00 1.225328516146409363e+00 1.277322596204283567e+00 1.360707995092212519e+00 1.471576288459663928e+00 1.605377862803375466e+00 1.759274882388219607e+00 1.930268949296766623e+00 2.115115681932213665e+00 2.311463428921992858e+00 2.517863397193514707e+00 2.731884311409548793e+00 2.953002209042730364e+00 3.179237138157784859e+00 3.410368794074738030e+00 3.644302947386814928e+00 3.881924628106870667e+00 4.121147957664763162e+00 4.362430448755399759e+00
1.416507702890394960e+00 1.306537507460286296e+00 1.245692494920781268e+00 1.229884702721861123e+00 1.254496295263917816e+00 1.315252381592437070e+00 1.407517372107303766e+00 1.527176889213709199e+00 1.669888351038912866e+00 1.832849149792970200e+00 2.012226469793056971e+00 2.205330815763643315e+00 2.410093762726827293e+00 2.624090097130524768e+00 2.845778121478559353e+00 3.073802245750171913e+00 3.307127070265509783e+00 3.544497976479329626e+00 3.784899909415035957e+00 4.028150625469203661e+00 4.273293364183527565e+00 4.519596989958201583e+00
1.416019205026743055e+00 1.313000613711736486e+00 1.260125612179005206e+00 1.252796827297524063e+00 1.285928319262870101e+00 1.355441556355127641e+00 1.456413399955390320e+00 1.584993956089831180e+00 1.736593154293152086e+00 1.908387322069170056e+00 2.096093134814330572e+00 2.297605848864454625e+00 2.510568753361120731e+00 2.731859567429892888e+00 2.961378150995198411e+00 3.196285937378212871e+00 3.436593449219765173e+00 3.680176777012735823e+00 3.926962395430920516e+00 4.175744046795784037e+00 4.426930560647913460e+00 4.678156983376038802e+00
1.417156280207157337e+00 1.321749347512276129e+00 1.276598291695179244e+00 1.277369978088529701e+00 1.319059558433548718e+00 1.397382776506946866e+00 1.507191201418349280e+00 1.644689323961677108e+00 1.805159047502759240e+00 1.985582732661655747e+00 2.181523238089157157e+00 2.391653365834860878e+00 2.612387165593693883e+00 2.841515077463519390e+00 3.078626164238628338e+00 3.320278127720353467e+00 3.567555441646900860e+00 3.817230127975955511e+00 4.070385011988082447e+00 4.324604518150140464e+00 4.581609041905568169e+00 4.837662257385220599e+00
1.420142438532718598e+00 1.332061096583388782e+00 1.294752103373727481e+00 1.303906356910140341e+00 1.354088116577587320e+00 1.440863383245857721e+00 1.559515964260719922e+00 1.705928667770064022e+00 1.875255318975626251e+00 2.064134439824224287e+00 2.268849914073394647e+00 2.487344612177509351e+00 2.715785912703944760e+00 2.952684514131600046e+00 3.197071777407759718e+00 3.445733603225697106e+00 3.699932828280400710e+00 3.955588601660569914e+00 4.215097608401791263e+00 4.474813240249684299e+00 4.736923726019911740e+00 4.998195681056072814e+00
1.424677230911420622e+00 1.344109624999217489e+00 1.314767284976393835e+00 1.331831017703670295e+00 1.390690881194567519e+00 1.486198811536957987e+00 1.613729145165003764e+00 1.769018780236929933e+00 1.947118616382186085e+00 2.144479130369990383e+00 2.357737602887359341e+00 2.584569504634218973e+00 2.820427109505847518e+00 3.065321980789187162e+00 3.316709660289248074e+00 3.572485021724796095e+00 3.833088884651924655e+00 4.095188282352517639e+00 4.360384260166081383e+00 4.625955223620050738e+00 4.893023547256141192e+00 5.159671299105606401e+00
1.430834952932024784e+00 1.357596015163238912e+00 1.335968214470107718e+00 1.361573994660208342e+00 1.428723973262544966e+00 1.532926545971945220e+00 1.669480534952626938e+00 1.833673641557367562e+00 2.020276290941961150e+00 2.226302748553232291e+00 2.448079763608437265e+00 2.682680579198085891e+00 2.926656355704150503e+00 3.179295110757651699e+00 3.437415194935242280e+00 3.700494906158666719e+00 3.967333746428176600e+00 4.235866139895335891e+00 4.506645708294592545e+00 4.778051805645869621e+00 5.050057606522297071e+00 5.322037978308017614e+00
