7.662015825209331524e+03 1.451313781738281250e+02
7.662035825359167575e+03 1.462745361328125000e+02
7.662055825509003625e+03 1.453394927978515625e+02
7.662075825658838767e+03 1.447411041259765625e+02
7.662095825808673908e+03 1.453145751953125000e+02
7.662115825958509049e+03 1.436118164062500000e+02
7.662135826108345100e+03 1.414593963623046875e+02
7.662155826258180241e+03 1.394950103759765625e+02
7.662175826408016292e+03 1.384271392822265625e+02
7.662195826557852342e+03 1.396994018554687500e+02
7.662215826707686574e+03 1.423979187011718750e+02
7.662235826857522625e+03 1.455474853515625000e+02
7.662255827007357766e+03 1.464990386962890625e+02
7.662275827157193817e+03 1.472069396972656250e+02
7.662295827307028958e+03 1.473518676757812500e+02
7.662315827456865009e+03 1.465546569824218750e+02
7.662335827606700150e+03 1.476107635498046875e+02
7.662355827756535291e+03 1.461011047363281250e+02
7.662375827906371342e+03 1.441609649658203125e+02
7.662395828056206483e+03 1.435559997558593750e+02
7.662415828206042534e+03 1.468452911376953125e+02
7.662435828355877675e+03 1.452417755126953125e+02
7.662455828505712816e+03 1.420253601074218750e+02
7.662475828655548867e+03 1.442947692871093750e+02
7.662495828805384008e+03 1.445269317626953125e+02
7.662515828955220059e+03 1.455281066894531250e+02
7.662535829105055200e+03 1.475707244873046875e+02
7.662555829254891250e+03 1.495202941894531250e+02
7.662575829404725482e+03 1.473489685058593750e+02
7.662595829554561533e+03 1.456849975585937500e+02
7.662615829704397584e+03 1.458471832275390625e+02
7.662635829854232725e+03 1.453298645019531250e+02
7.662655830004068775e+03 1.452977600097656250e+02
7.662675830153903917e+03 1.457963562011718750e+02
7.662695830303739058e+03 1.468525695800781250e+02
7.662715830453574199e+03 1.442663116455078125e+02
7.662735830603410250e+03 1.438002014160156250e+02
7.662755830753246300e+03 1.455079193115234375e+02
7.662775830903081442e+03 1.453668365478515625e+02
7.662795831052917492e+03 1.445975341796875000e+02
7.662815831202751724e+03 1.437779541015625000e+02
7.662835831352587775e+03 1.437987976074218750e+02
7.662855831502422916e+03 1.448818206787109375e+02
7.662875831652258967e+03 1.438512878417968750e+02
7.662895831802095017e+03 1.428520812988281250e+02
7.662915831951930159e+03 1.438712158203125000e+02
7.662935832101766209e+03 1.445511474609375000e+02
7.662955832251600441e+03 1.450012512207031250e+02
7.662975832401436492e+03 1.447698669433593750e+02
7.662995832551271633e+03 1.418256530761718750e+02
7.663015832701107684e+03 1.424779052734375000e+02
7.663035832850943734e+03 1.439521789550781250e+02
7.663055833000778875e+03 1.442870330810546875e+02
7.663075833150614017e+03 1.438640899658203125e+02
7.663095833300449158e+03 1.433770446777343750e+02
7.663115833450285209e+03 1.435489501953125000e+02
7.663135833600120350e+03 1.440744781494140625e+02
7.663155833749956400e+03 1.441258087158203125e+02
7.663175833899792451e+03 1.453488006591796875e+02
7.663195834049626683e+03 1.473818664550781250e+02
7.663215834199462734e+03 1.484597930908203125e+02
7.663235834349297875e+03 1.455549011230468750e+02
7.663255834499133925e+03 1.449447174072265625e+02
7.663275834648969067e+03 1.467962036132812500e+02
7.663295834798805117e+03 1.453574829101562500e+02
7.663315834948640259e+03 1.434695739746093750e+02
7.663335835098475400e+03 1.416294250488281250e+02
7.663355835248311450e+03 1.410753479003906250e+02
7.663375835398146592e+03 1.412905883789062500e+02
7.663395835547982642e+03 1.420015563964843750e+02
7.663415835697817784e+03 1.419463348388671875e+02
7.663435835847652925e+03 1.383049926757812500e+02
7.663455835997488975e+03 1.411260681152343750e+02
7.663475836147324117e+03 1.450418090820312500e+02
7.663495836297160167e+03 1.472604522705078125e+02
7.663515836446995309e+03 1.449000701904296875e+02
7.663535836596831359e+03 1.423545684814453125e+02
7.663555836746665591e+03 1.411251831054687500e+02
7.663575836896501642e+03 1.410876770019531250e+02
7.663595837046337692e+03 1.435789337158203125e+02
7.663615837196172834e+03 1.448228454589843750e+02
7.663635837346008884e+03 1.453550415039062500e+02
7.663655837495844025e+03 1.461297302246093750e+02
7.663675837645679167e+03 1.439933776855468750e+02
7.663695837795514308e+03 1.412585754394531250e+02
7.663715837945350358e+03 1.391340637207031250e+02
7.663735838095186409e+03 1.399558715820312500e+02
7.663755838245021550e+03 1.392833557128906250e+02
7.663775838394857601e+03 1.384831542968750000e+02
7.663795838544691833e+03 1.383455352783203125e+02
7.663815838694527883e+03 1.419316864013671875e+02
7.663835838844363025e+03 1.437299957275390625e+02
7.663855838994199075e+03 1.439736328125000000e+02
7.663875839144035126e+03 1.418967742919921875e+02
7.663895839293870267e+03 1.398179473876953125e+02
7.663915839443705408e+03 1.428427124023437500e+02
7.663935839593540550e+03 1.456831054687500000e+02
7.663955839743376600e+03 1.437374572753906250e+02
7.663975839893211742e+03 1.438051452636718750e+02
7.663995840043047792e+03 1.451457824707031250e+02
7.664015840192883843e+03 1.464311828613281250e+02
7.664035840342718075e+03 1.455965728759765625e+02
7.664055840492554125e+03 1.464181823730468750e+02
7.664075840642389267e+03 1.449839630126953125e+02
7.664095840792225317e+03 1.428175354003906250e+02
7.664115840942060458e+03 1.418083953857421875e+02
7.664135841091896509e+03 1.460776824951171875e+02
7.664155841241731650e+03 1.483436737060546875e+02
7.664175841391566792e+03 1.480229034423828125e+02
7.664195841541402842e+03 1.461289062500000000e+02
7.664215841691237983e+03 1.447315368652343750e+02
7.664235841841074034e+03 1.443777770996093750e+02
7.664255841990909175e+03 1.459783630371093750e+02
7.664275842140744317e+03 1.419139099121093750e+02
7.664295842290580367e+03 1.414830322265625000e+02
7.664315842440415508e+03 1.431601867675781250e+02
7.664335842590251559e+03 1.437648010253906250e+02
7.664355842740086700e+03 1.382803649902343750e+02
7.664375842889922751e+03 1.371739654541015625e+02
7.664395843039756983e+03 1.387287292480468750e+02
7.664415843189593033e+03 1.394628448486328125e+02
7.664435843339429084e+03 1.374110717773437500e+02
7.664455843489264225e+03 1.369171142578125000e+02
7.664475843639100276e+03 1.376447296142578125e+02
7.664495843788935417e+03 1.284858703613281250e+02
7.664515843938770558e+03 1.234208145141601562e+02
7.664535844088605700e+03 1.117675018310546875e+02
7.664555844238441750e+03 8.963465118408203125e+01
7.664575844388277801e+03 5.912355422973632812e+01
7.664595844538112942e+03 3.630096054077148438e+01
7.664615844687948993e+03 2.945979690551757812e+01
7.664635844837783225e+03 4.529396057128906250e+01
7.664655844987619275e+03 5.607796096801757812e+01
7.664675845137454417e+03 6.128593063354492188e+01
7.664695845287290467e+03 7.126344299316406250e+01
7.664715845437126518e+03 9.573719787597656250e+01
7.664735845586961659e+03 1.075345687866210938e+02
7.664755845736796800e+03 1.079745712280273438e+02
7.664775845886631942e+03 1.015425567626953125e+02
7.664795846036467992e+03 8.979635620117187500e+01
7.664815846186303133e+03 7.579723358154296875e+01
7.664835846336139184e+03 5.650506591796875000e+01
7.664855846485975235e+03 3.329524993896484375e+01
7.664875846635809467e+03 1.406361961364746094e+01
7.664895846785645517e+03 8.639997482299804688e+00
7.664915846935480658e+03 4.097121238708496094e+00
7.664935847085316709e+03 -1.337109923362731934e+00
7.664955847235151850e+03 5.937510490417480469e+00
7.664975847384987901e+03 1.404001331329345703e+01
7.664995847534823952e+03 2.918161010742187500e+01
7.665015847684658183e+03 5.495397949218750000e+01
7.665035847834494234e+03 7.483134460449218750e+01
7.665055847984329375e+03 9.182463073730468750e+01
7.665075848134165426e+03 1.042818145751953125e+02
7.665095848284000567e+03 1.099202117919921875e+02
7.665115848433836618e+03 1.209924697875976562e+02
7.665135848583671759e+03 1.254881439208984375e+02
7.665155848733506900e+03 1.250246810913085938e+02
7.665175848883342951e+03 1.280760192871093750e+02
7.665195849033178092e+03 1.301485900878906250e+02
7.665215849183014143e+03 1.314930114746093750e+02
7.665235849332849284e+03 1.318973693847656250e+02
7.665255849482684425e+03 1.320095520019531250e+02
7.665275849632520476e+03 1.351539916992187500e+02
7.665295849782355617e+03 1.377729797363281250e+02
7.665315849932191668e+03 1.373686218261718750e+02
7.665335850082026809e+03 1.324814910888671875e+02
7.665355850231862860e+03 1.350599517822265625e+02
7.665375850381697092e+03 1.361456451416015625e+02
7.665395850531533142e+03 1.325524902343750000e+02
7.665415850681369193e+03 1.355598602294921875e+02
7.665435850831204334e+03 1.363668975830078125e+02
7.665455850981040385e+03 1.355614471435546875e+02
7.665475851130875526e+03 1.352689666748046875e+02
7.665495851280710667e+03 1.366589050292968750e+02
7.665515851430545808e+03 1.358400115966796875e+02
7.665535851580381859e+03 1.345579681396484375e+02
7.665555851730217910e+03 1.345223083496093750e+02
7.665575851880053051e+03 1.337653503417968750e+02
7.665595852029889102e+03 1.335668029785156250e+02
7.665615852179723333e+03 1.344715728759765625e+02
7.665635852329559384e+03 1.360410156250000000e+02
7.665655852479394525e+03 1.302070617675781250e+02
7.665675852629230576e+03 1.276911849975585938e+02
7.665695852779066627e+03 1.288444519042968750e+02
7.665715852928901768e+03 1.279602279663085938e+02
7.665735853078736909e+03 1.241112823486328125e+02
7.665755853228572050e+03 1.216806259155273438e+02
7.665775853378408101e+03 1.209108428955078125e+02
7.665795853528243242e+03 1.177831802368164062e+02
7.665815853678079293e+03 1.130276336669921875e+02
7.665835853827915344e+03 1.045851669311523438e+02
7.665855853977749575e+03 9.224315643310546875e+01
7.665875854127585626e+03 8.179089355468750000e+01
7.665895854277420767e+03 6.161859893798828125e+01
7.665915854427256818e+03 4.091255950927734375e+01
7.665935854577091959e+03 2.518479537963867188e+01
7.665955854726928010e+03 8.577723503112792969e+00
7.665975854876763151e+03 3.366595506668090820e+00
7.665995855026598292e+03 3.102612972259521484e+00
7.666015855176434343e+03 5.800111770629882812e+00
7.666035855326269484e+03 1.360793781280517578e+01
7.666055855476105535e+03 2.511239624023437500e+01
7.666075855625940676e+03 4.185641860961914062e+01
7.666095855775775817e+03 6.640734863281250000e+01
7.666115855925611868e+03 8.199275207519531250e+01
7.666135856075447009e+03 9.190959167480468750e+01
7.666155856225283060e+03 9.986473083496093750e+01
7.666175856375118201e+03 1.085150909423828125e+02
7.666195856524954252e+03 1.173018798828125000e+02
7.666215856674788483e+03 1.230976562500000000e+02
7.666235856824624534e+03 1.263736801147460938e+02
7.666255856974460585e+03 1.290987701416015625e+02
7.666275857124295726e+03 1.304431457519531250e+02
7.666295857274131777e+03 1.313422393798828125e+02
7.666315857423966918e+03 1.318951721191406250e+02
7.666335857573802059e+03 1.343245391845703125e+02
7.666355857723637200e+03 1.362167663574218750e+02
7.666375857873473251e+03 1.377204895019531250e+02
7.666395858023309302e+03 1.381475372314453125e+02
7.666415858173144443e+03 1.344854278564453125e+02
7.666435858322980494e+03 1.353735504150390625e+02
7.666455858472814725e+03 1.354449920654296875e+02
7.666475858622650776e+03 1.321905670166015625e+02
7.666495858772485917e+03 1.346049346923828125e+02
7.666515858922321968e+03 1.348106384277343750e+02
7.666535859072158019e+03 1.352687530517578125e+02
7.666555859221993160e+03 1.378502502441406250e+02
7.666575859371828301e+03 1.397247467041015625e+02
7.666595859521663442e+03 1.434429626464843750e+02
7.666615859671499493e+03 1.450537414550781250e+02
7.666635859821334634e+03 1.413558349609375000e+02
7.666655859971170685e+03 1.410175933837890625e+02
7.666675860121006735e+03 1.424319610595703125e+02
7.666695860270840967e+03 1.430540008544921875e+02
7.666715860420677018e+03 1.389065399169921875e+02
7.666735860570512159e+03 1.430561676025390625e+02
7.666755860720348210e+03 1.439975280761718750e+02
7.666775860870183351e+03 1.427356414794921875e+02
7.666795861020019402e+03 1.437075500488281250e+02
7.666815861169854543e+03 1.413641662597656250e+02
7.666835861319689684e+03 1.430236511230468750e+02
7.666855861469525735e+03 1.463927307128906250e+02
7.666875861619360876e+03 1.431853485107421875e+02
7.666895861769196927e+03 1.419394226074218750e+02
7.666915861919032068e+03 1.438938598632812500e+02
7.666935862068867209e+03 1.471892089843750000e+02
7.666955862218703260e+03 1.472596130371093750e+02
7.666975862368538401e+03 1.390530090332031250e+02
7.666995862518374452e+03 1.397674713134765625e+02
7.667015862668209593e+03 1.465867462158203125e+02
7.667035862818045644e+03 1.450968475341796875e+02
7.667055862967880785e+03 1.439476318359375000e+02
7.667075863117715926e+03 1.444920349121093750e+02
7.667095863267551977e+03 1.457189483642578125e+02
7.667115863417387118e+03 1.431692352294921875e+02
7.667135863567223169e+03 1.434875335693359375e+02
7.667155863717058310e+03 1.435586853027343750e+02
7.667175863866894360e+03 1.422084045410156250e+02
7.667195864016728592e+03 1.420006408691406250e+02
7.667215864166564643e+03 1.420470886230468750e+02
7.667235864316400693e+03 1.424985656738281250e+02
7.667255864466235835e+03 1.428990783691406250e+02
7.667275864616071885e+03 1.434352569580078125e+02
7.667295864765907027e+03 1.447640686035156250e+02
7.667315864915742168e+03 1.447328796386718750e+02
7.667335865065577309e+03 1.425387725830078125e+02
7.667355865215413360e+03 1.440451507568359375e+02
7.667375865365249410e+03 1.441041412353515625e+02
7.667395865515084552e+03 1.433292999267578125e+02
7.667415865664920602e+03 1.434439392089843750e+02
7.667435865814754834e+03 1.448007354736328125e+02
7.667455865964590885e+03 1.449850921630859375e+02
7.667475866114426026e+03 1.461137542724609375e+02
7.667495866264262077e+03 1.456755828857421875e+02
7.667515866414098127e+03 1.409085083007812500e+02
7.667535866563933268e+03 1.434652404785156250e+02
7.667555866713768410e+03 1.459958038330078125e+02
7.667575866863603551e+03 1.416745300292968750e+02
7.667595867013439602e+03 1.411622924804687500e+02
7.667615867163274743e+03 1.422293853759765625e+02
7.667635867313110793e+03 1.432471160888671875e+02
7.667655867462946844e+03 1.449429016113281250e+02
7.667675867612781076e+03 1.453108215332031250e+02
7.667695867762617127e+03 1.433181304931640625e+02
7.667715867912452268e+03 1.410856018066406250e+02
7.667735868062288318e+03 1.425866394042968750e+02
7.667755868212123460e+03 1.405594940185546875e+02
7.667775868361959510e+03 1.428596649169921875e+02
7.667795868511794652e+03 1.456973114013671875e+02
7.667815868661629793e+03 1.448742370605468750e+02
7.667835868811465843e+03 1.501838378906250000e+02
7.667855868961300985e+03 1.475285797119140625e+02
7.667875869111137035e+03 1.449815673828125000e+02
7.667895869260972177e+03 1.483752746582031250e+02
7.667915869410807318e+03 1.459084625244140625e+02
7.667935869560643368e+03 1.444714202880859375e+02
7.667955869710478510e+03 1.458162536621093750e+02
7.667975869860314560e+03 1.500288543701171875e+02
7.667995870010149702e+03 1.441643981933593750e+02
7.668015870159985752e+03 1.426935424804687500e+02
7.668035870309819984e+03 1.444611053466796875e+02
7.668055870459656035e+03 1.446839447021484375e+02
7.668075870609492085e+03 1.424154815673828125e+02
7.668095870759327227e+03 1.411444396972656250e+02
7.668115870909163277e+03 1.415785522460937500e+02
7.668135871058998418e+03 1.452482604980468750e+02
7.668155871208833560e+03 1.440841369628906250e+02
7.668175871358668701e+03 1.427918090820312500e+02
7.668195871508504752e+03 1.428279113769531250e+02
7.668215871658340802e+03 1.466911163330078125e+02
7.668235871808175943e+03 1.469321441650390625e+02
7.668255871958011994e+03 1.445182495117187500e+02
7.668275872107846226e+03 1.432726135253906250e+02
7.668295872257682277e+03 1.437776184082031250e+02
7.668315872407517418e+03 1.427514343261718750e+02
7.668335872557353468e+03 1.409853820800781250e+02
7.668355872707189519e+03 1.419682159423828125e+02
7.668375872857024660e+03 1.449598083496093750e+02
7.668395873006859802e+03 1.462060699462890625e+02
7.668415873156694943e+03 1.431443939208984375e+02
7.668435873306530993e+03 1.401808166503906250e+02
7.668455873456366135e+03 1.460466918945312500e+02
7.668475873606202185e+03 1.471226654052734375e+02
7.668495873756038236e+03 1.454466857910156250e+02
7.668515873905872468e+03 1.424122467041015625e+02
7.668535874055708518e+03 1.409704742431640625e+02
7.668555874205543660e+03 1.446539916992187500e+02
7.668575874355379710e+03 1.419621887207031250e+02
7.668595874505214852e+03 1.387019042968750000e+02
7.668615874655050902e+03 1.465013427734375000e+02
7.668635874804886043e+03 1.461896972656250000e+02
7.668655874954721185e+03 1.439080352783203125e+02
7.668675875104557235e+03 1.424833831787109375e+02
7.668695875254392377e+03 1.428721923828125000e+02
7.668715875404228427e+03 1.421595153808593750e+02
7.668735875554063568e+03 1.411267395019531250e+02
7.668755875703898710e+03 1.396549377441406250e+02
7.668775875853734760e+03 1.417558746337890625e+02
7.668795876003569902e+03 1.438211975097656250e+02
7.668815876153405952e+03 1.424924621582031250e+02
7.668835876303241093e+03 1.402571716308593750e+02
7.668855876453077144e+03 1.442754211425781250e+02
7.668875876602911376e+03 1.424211120605468750e+02
7.668895876752747427e+03 1.423212280273437500e+02
7.668915876902583477e+03 1.437511138916015625e+02
7.668935877052418618e+03 1.429185943603515625e+02
7.668955877202254669e+03 1.398931732177734375e+02
7.668975877352089810e+03 1.403172454833984375e+02
7.668995877501924952e+03 1.431926269531250000e+02
