7.662009628080497350e+03 1.051840942382812500e+03
7.662029628579836753e+03 1.054171752929687500e+03
7.662049629079177066e+03 1.054812377929687500e+03
7.662069629578517379e+03 1.055300170898437500e+03
7.662089630077857692e+03 1.056002075195312500e+03
7.662109630577197095e+03 1.054105224609375000e+03
7.662129631076536498e+03 1.056070190429687500e+03
7.662149631575877720e+03 1.059765625000000000e+03
7.662169632075217123e+03 1.064903930664062500e+03
7.662189632574557436e+03 1.067509399414062500e+03
7.662209633073896839e+03 1.063481811523437500e+03
7.662229633573237152e+03 1.053433715820312500e+03
7.662249634072577464e+03 1.038281127929687500e+03
7.662269634571916868e+03 1.023273986816406250e+03
7.662289635071257180e+03 1.009119567871093750e+03
7.662309635570596583e+03 9.961835327148437500e+02
7.662329636069936896e+03 9.982353515625000000e+02
7.662349636569277209e+03 1.017168884277343750e+03
7.662369637068616612e+03 1.039561523437500000e+03
7.662389637567956925e+03 1.048671386718750000e+03
7.662409638067297237e+03 1.053103881835937500e+03
7.662429638566636640e+03 1.055218750000000000e+03
7.662449639065976953e+03 1.055565063476562500e+03
7.662469639565316356e+03 1.056244506835937500e+03
7.662489640064657578e+03 1.054251953125000000e+03
7.662509640563996982e+03 1.052999511718750000e+03
7.662529641063337294e+03 1.053756835937500000e+03
7.662549641562676698e+03 1.050860961914062500e+03
7.662569642062016101e+03 1.051622680664062500e+03
7.662589642561357323e+03 1.053058715820312500e+03
7.662609643060696726e+03 1.052508422851562500e+03
7.662629643560037039e+03 1.053032592773437500e+03
7.662649644059377351e+03 1.055338867187500000e+03
7.662669644558716755e+03 1.057981811523437500e+03
7.662689645058057067e+03 1.051660400390625000e+03
7.662709645557396470e+03 1.051915039062500000e+03
7.662729646056736783e+03 1.055393676757812500e+03
7.662749646556077096e+03 1.062474731445312500e+03
7.662769647055416499e+03 1.060905639648437500e+03
7.662789647554756812e+03 1.054363769531250000e+03
7.662809648054096215e+03 1.048725463867187500e+03
7.662829648553437437e+03 1.050444458007812500e+03
7.662849649052776840e+03 1.052204956054687500e+03
7.662869649552116243e+03 1.053457031250000000e+03
7.662889650051456556e+03 1.054375976562500000e+03
7.662909650550796869e+03 1.055963989257812500e+03
7.662929651050137181e+03 1.051064208984375000e+03
7.662949651549476584e+03 1.047483032226562500e+03
7.662969652048815988e+03 1.046177856445312500e+03
7.662989652548156300e+03 1.047332397460937500e+03
7.663009653047496613e+03 1.045559692382812500e+03
7.663029653546836926e+03 1.044195678710937500e+03
7.663049654046176329e+03 1.044934936523437500e+03
7.663069654545516642e+03 1.046510131835937500e+03
7.663089655044856954e+03 1.050814086914062500e+03
7.663109655544196357e+03 1.055161254882812500e+03
7.663129656043536670e+03 1.054051391601562500e+03
7.663149656542876073e+03 1.052111694335937500e+03
7.663169657042217295e+03 1.052203125000000000e+03
7.663189657541556699e+03 1.053897338867187500e+03
7.663209658040896102e+03 1.052836425781250000e+03
7.663229658540236414e+03 1.051159667968750000e+03
7.663249659039575818e+03 1.049847045898437500e+03
7.663269659538917040e+03 1.049342773437500000e+03
7.663289660038256443e+03 1.049033447265625000e+03
7.663309660537595846e+03 1.052219360351562500e+03
7.663329661036937068e+03 1.055634033203125000e+03
7.663349661536276471e+03 1.056033569335937500e+03
7.663369662035616784e+03 1.057658081054687500e+03
7.663389662534956187e+03 1.060703735351562500e+03
7.663409663034295590e+03 1.063770263671875000e+03
7.663429663533636813e+03 1.061101928710937500e+03
7.663449664032976216e+03 1.058286254882812500e+03
7.663469664532316528e+03 1.054998901367187500e+03
7.663489665031655932e+03 1.051393676757812500e+03
7.663509665530996244e+03 1.050789306640625000e+03
7.663529666030336557e+03 1.049255371093750000e+03
7.663549666529675960e+03 1.048051635742187500e+03
7.663569667029016273e+03 1.047536987304687500e+03
7.663589667528356586e+03 1.050671508789062500e+03
7.663609668027696898e+03 1.052141967773437500e+03
7.663629668527036301e+03 1.052882812500000000e+03
7.663649669026375705e+03 1.053404541015625000e+03
7.663669669525716017e+03 1.050985107421875000e+03
7.663689670025056330e+03 1.049761230468750000e+03
7.663709670524396643e+03 1.049555541992187500e+03
7.663729671023736046e+03 1.050530151367187500e+03
7.663749671523075449e+03 1.052430175781250000e+03
7.663769672022416671e+03 1.051699829101562500e+03
7.663789672521756074e+03 1.047431518554687500e+03
7.663809673021096387e+03 1.045652343750000000e+03
7.663829673520435790e+03 1.045837524414062500e+03
7.663849674019776103e+03 1.044618286132812500e+03
7.663869674519116415e+03 1.039442504882812500e+03
7.663889675018455819e+03 1.026552490234375000e+03
7.663909675517796131e+03 1.017423095703125000e+03
7.663929676017135534e+03 1.013919921875000000e+03
7.663949676516475847e+03 1.027141235351562500e+03
7.663969677015816160e+03 1.041348022460937500e+03
7.663989677515155563e+03 1.048862792968750000e+03
7.664009678014496785e+03 1.051024658203125000e+03
7.664029678513836188e+03 1.052130493164062500e+03
7.664049679013175592e+03 1.050027709960937500e+03
7.664069679512515904e+03 1.047618774414062500e+03
7.664089680011855307e+03 1.045261108398437500e+03
7.664109680511196530e+03 1.039525512695312500e+03
7.664129681010535933e+03 1.035895629882812500e+03
7.664149681509876245e+03 1.034981567382812500e+03
7.664169682009215649e+03 1.039325195312500000e+03
7.664189682508555961e+03 1.038949707031250000e+03
7.664209683007896274e+03 1.040507202148437500e+03
7.664229683507235677e+03 1.040935424804687500e+03
7.664249684006575990e+03 1.033709106445312500e+03
7.664269684505916302e+03 1.031481445312500000e+03
7.664289685005255706e+03 1.030161132812500000e+03
7.664309685504596018e+03 1.029194580078125000e+03
7.664329686003935421e+03 1.026123657226562500e+03
7.664349686503275734e+03 1.026265991210937500e+03
7.664369687002616047e+03 1.026821411132812500e+03
7.664389687501955450e+03 1.027605102539062500e+03
7.664409688001295763e+03 1.031752929687500000e+03
7.664429688500636075e+03 1.030988403320312500e+03
7.664449688999976388e+03 1.027068481445312500e+03
7.664469689499315791e+03 1.019425354003906250e+03
7.664489689998655194e+03 1.000230163574218750e+03
7.664509690497995507e+03 9.592854614257812500e+02
7.664529690997335820e+03 8.976843872070312500e+02
7.664549691496676132e+03 8.051497192382812500e+02
7.664569691996015536e+03 6.213031616210937500e+02
7.664589692495355848e+03 4.287651062011718750e+02
7.664609692994696161e+03 2.620363464355468750e+02
7.664629693494035564e+03 2.518457794189453125e+02
7.664649693993375877e+03 3.577681884765625000e+02
7.664669694492715280e+03 4.358702392578125000e+02
7.664689694992056502e+03 4.871737060546875000e+02
7.664709695491395905e+03 5.976987304687500000e+02
7.664729695990735308e+03 8.036647949218750000e+02
7.664749696490075621e+03 9.449752807617187500e+02
7.664769696989415024e+03 9.703710937500000000e+02
7.664789697488756246e+03 9.618203735351562500e+02
7.664809697988095650e+03 9.501928710937500000e+02
7.664829698487435053e+03 9.340753784179687500e+02
7.664849698986775365e+03 9.130219116210937500e+02
7.664869699486115678e+03 8.859375000000000000e+02
7.664889699985455991e+03 8.496636352539062500e+02
7.664909700484795394e+03 8.036860961914062500e+02
7.664929700984134797e+03 7.414754028320312500e+02
7.664949701483476019e+03 6.421932983398437500e+02
7.664969701982815423e+03 5.165299682617187500e+02
7.664989702482155735e+03 3.728342590332031250e+02
7.665009702981495138e+03 2.152772216796875000e+02
7.665029703480834542e+03 1.045043258666992188e+02
7.665049703980175764e+03 3.784712600708007812e+01
7.665069704479515167e+03 1.473407459259033203e+01
7.665089704978855480e+03 2.794149017333984375e+01
7.665109705478195792e+03 9.334159088134765625e+01
7.665129705977536105e+03 1.982400054931640625e+02
7.665149706476875508e+03 3.481195983886718750e+02
7.665169706976214911e+03 5.031015930175781250e+02
7.665189707475555224e+03 6.221833496093750000e+02
7.665209707974895537e+03 7.191565551757812500e+02
7.665229708474235849e+03 7.884887695312500000e+02
7.665249708973575252e+03 8.379721679687500000e+02
7.665269709472914656e+03 8.739047241210937500e+02
7.665289709972255878e+03 9.024047851562500000e+02
7.665309710471595281e+03 9.266875000000000000e+02
7.665329710970935594e+03 9.434387817382812500e+02
7.665349711470274997e+03 9.571630249023437500e+02
7.665369711969615309e+03 9.683669433593750000e+02
7.665389712468955622e+03 9.763467407226562500e+02
7.665409712968295025e+03 9.812883911132812500e+02
7.665429713467635338e+03 9.836627807617187500e+02
7.665449713966974741e+03 9.848591918945312500e+02
7.665469714466315054e+03 9.942277832031250000e+02
7.665489714965655367e+03 1.003125244140625000e+03
7.665509715464994770e+03 1.008357849121093750e+03
7.665529715964335082e+03 1.009012390136718750e+03
7.665549716463675395e+03 1.008482910156250000e+03
7.665569716963014798e+03 1.006596374511718750e+03
7.665589717462355111e+03 1.004868408203125000e+03
7.665609717961694514e+03 1.003995544433593750e+03
7.665629718461035736e+03 1.002026428222656250e+03
7.665649718960375139e+03 9.993405761718750000e+02
7.665669719459715452e+03 9.971728515625000000e+02
7.665689719959054855e+03 9.969716186523437500e+02
7.665709720458394258e+03 9.944135742187500000e+02
7.665729720957735481e+03 9.890698852539062500e+02
7.665749721457074884e+03 9.831216430664062500e+02
7.665769721956415196e+03 9.800493164062500000e+02
7.665789722455755509e+03 9.692758789062500000e+02
7.665809722955094912e+03 9.656637573242187500e+02
7.665829723454435225e+03 9.647438354492187500e+02
7.665849723953774628e+03 9.556576538085937500e+02
7.665869724453114941e+03 9.454834594726562500e+02
7.665889724952455254e+03 9.318912963867187500e+02
7.665909725451794657e+03 9.147666625976562500e+02
7.665929725951134969e+03 8.919467773437500000e+02
7.665949726450474373e+03 8.618429565429687500e+02
7.665969726949815595e+03 8.229434204101562500e+02
7.665989727449154998e+03 7.732400512695312500e+02
7.666009727948494401e+03 6.962472534179687500e+02
7.666029728447834714e+03 5.917476806640625000e+02
7.666049728947175026e+03 4.634128112792968750e+02
7.666069729446515339e+03 3.069407958984375000e+02
7.666089729945854742e+03 1.602772369384765625e+02
7.666109730445194145e+03 7.142478179931640625e+01
7.666129730944534458e+03 2.053645515441894531e+01
7.666149731443874771e+03 1.596275806427001953e+01
7.666169731943215083e+03 4.393744277954101562e+01
7.666189732442554487e+03 1.259766464233398438e+02
7.666209732941894799e+03 2.438262176513671875e+02
7.666229733441235112e+03 4.067093505859375000e+02
7.666249733940574515e+03 5.520701904296875000e+02
7.666269734439914828e+03 6.655407714843750000e+02
7.666289734939254231e+03 7.552982788085937500e+02
7.666309735438595453e+03 8.144382934570312500e+02
7.666329735937934856e+03 8.576918334960937500e+02
7.666349736437274260e+03 8.920691528320312500e+02
7.666369736936614572e+03 9.192141113281250000e+02
7.666389737435953975e+03 9.370327148437500000e+02
7.666409737935295198e+03 9.539906616210937500e+02
7.666429738434634601e+03 9.681948242187500000e+02
7.666449738933974004e+03 9.798249511718750000e+02
7.666469739433315226e+03 9.875579223632812500e+02
7.666489739932654629e+03 9.933188476562500000e+02
7.666509740431994942e+03 9.987170410156250000e+02
7.666529740931334345e+03 1.003563537597656250e+03
7.666549741430673748e+03 1.004279052734375000e+03
7.666569741930014970e+03 1.003980163574218750e+03
7.666589742429354374e+03 1.003475341796875000e+03
7.666609742928694686e+03 1.002724670410156250e+03
7.666629743428034089e+03 9.941392211914062500e+02
7.666649743927374402e+03 9.925717163085937500e+02
7.666669744426714715e+03 9.976249389648437500e+02
7.666689744926054118e+03 1.011407531738281250e+03
7.666709745425394431e+03 1.019320251464843750e+03
7.666729745924734743e+03 1.024020751953125000e+03
7.666749746424075056e+03 1.027728637695312500e+03
7.666769746923414459e+03 1.031377441406250000e+03
7.666789747422753862e+03 1.030703491210937500e+03
7.666809747922094175e+03 1.031975463867187500e+03
7.666829748421434488e+03 1.032443237304687500e+03
7.666849748920774800e+03 1.029285034179687500e+03
7.666869749420114204e+03 1.030199707031250000e+03
7.666889749919453607e+03 1.034849731445312500e+03
7.666909750418794829e+03 1.040385131835937500e+03
7.666929750918134232e+03 1.044057983398437500e+03
7.666949751417474545e+03 1.046004028320312500e+03
7.666969751916813948e+03 1.046372314453125000e+03
7.666989752416154261e+03 1.045848510742187500e+03
7.667009752915494573e+03 1.045635375976562500e+03
7.667029753414833976e+03 1.042905273437500000e+03
7.667049753914174289e+03 1.040407104492187500e+03
7.667069754413513692e+03 1.039111816406250000e+03
7.667089754912854005e+03 1.043099121093750000e+03
7.667109755412194318e+03 1.043564575195312500e+03
7.667129755911533721e+03 1.046882690429687500e+03
7.667149756410874943e+03 1.051488647460937500e+03
7.667169756910214346e+03 1.050973876953125000e+03
7.667189757409553749e+03 1.051083129882812500e+03
7.667209757908894062e+03 1.050069091796875000e+03
7.667229758408233465e+03 1.048451538085937500e+03
7.667249758907574687e+03 1.050238281250000000e+03
7.667269759406914091e+03 1.051245117187500000e+03
7.667289759906254403e+03 1.052118041992187500e+03
7.667309760405593806e+03 1.052759155273437500e+03
7.667329760904934119e+03 1.051436279296875000e+03
7.667349761404274432e+03 1.050255493164062500e+03
7.667369761903613835e+03 1.048485229492187500e+03
7.667389762402954148e+03 1.046232910156250000e+03
7.667409762902294460e+03 1.048368774414062500e+03
7.667429763401633863e+03 1.045177246093750000e+03
7.667449763900974176e+03 1.042895019531250000e+03
7.667469764400313579e+03 1.042908935546875000e+03
7.667489764899653892e+03 1.042693237304687500e+03
7.667509765398994205e+03 1.043720092773437500e+03
7.667529765898333608e+03 1.044965820312500000e+03
7.667549766397673920e+03 1.046182617187500000e+03
7.667569766897014233e+03 1.048531494140625000e+03
7.667589767396354546e+03 1.050685424804687500e+03
7.667609767895693949e+03 1.052956420898437500e+03
7.667629768395033352e+03 1.055477172851562500e+03
7.667649768894373665e+03 1.053596191406250000e+03
7.667669769393713977e+03 1.047977416992187500e+03
7.667689769893054290e+03 1.039710937500000000e+03
7.667709770392393693e+03 1.028228271484375000e+03
7.667729770891734006e+03 1.027915649414062500e+03
7.667749771391074319e+03 1.038401855468750000e+03
7.667769771890413722e+03 1.048385864257812500e+03
7.667789772389754035e+03 1.049701660156250000e+03
7.667809772889093438e+03 1.051423583984375000e+03
7.667829773388434660e+03 1.057634765625000000e+03
7.667849773887774063e+03 1.061278198242187500e+03
7.667869774387113466e+03 1.055088867187500000e+03
7.667889774886453779e+03 1.052060913085937500e+03
7.667909775385793182e+03 1.052752563476562500e+03
7.667929775885134404e+03 1.054400390625000000e+03
7.667949776384473807e+03 1.055182739257812500e+03
7.667969776883813211e+03 1.052181518554687500e+03
7.667989777383153523e+03 1.053523315429687500e+03
7.668009777882493836e+03 1.055394897460937500e+03
7.668029778381834149e+03 1.053705810546875000e+03
7.668049778881173552e+03 1.055011352539062500e+03
7.668069779380512955e+03 1.055657592773437500e+03
7.668089779879854177e+03 1.055975708007812500e+03
7.668109780379193580e+03 1.055983520507812500e+03
7.668129780878533893e+03 1.057257446289062500e+03
7.668149781377873296e+03 1.058470214843750000e+03
7.668169781877212699e+03 1.058712524414062500e+03
7.668189782376553921e+03 1.055748657226562500e+03
7.668209782875893325e+03 1.055523559570312500e+03
7.668229783375233637e+03 1.054929809570312500e+03
7.668249783874573950e+03 1.054021606445312500e+03
7.668269784373914263e+03 1.052511962890625000e+03
7.668289784873253666e+03 1.051651855468750000e+03
7.668309785372593069e+03 1.050640014648437500e+03
7.668329785871933382e+03 1.050281738281250000e+03
7.668349786371273694e+03 1.052836303710937500e+03
7.668369786870614007e+03 1.055206176757812500e+03
7.668389787369953410e+03 1.054855590820312500e+03
7.668409787869292813e+03 1.053008789062500000e+03
7.668429788368634036e+03 1.050811889648437500e+03
7.668449788867973439e+03 1.047695190429687500e+03
7.668469789367313751e+03 1.048117553710937500e+03
7.668489789866653155e+03 1.050341064453125000e+03
7.668509790365993467e+03 1.052106079101562500e+03
7.668529790865333780e+03 1.055873413085937500e+03
7.668549791364673183e+03 1.055017211914062500e+03
7.668569791864013496e+03 1.052420776367187500e+03
7.668589792363352899e+03 1.053387817382812500e+03
7.668609792862693212e+03 1.050126098632812500e+03
7.668629793362033524e+03 1.051474487304687500e+03
7.668649793861372927e+03 1.054054565429687500e+03
7.668669794360713240e+03 1.050906005859375000e+03
7.668689794860053553e+03 1.052387329101562500e+03
7.668709795359392956e+03 1.050502075195312500e+03
7.668729795858733269e+03 1.047602905273437500e+03
7.668749796358072672e+03 1.048054565429687500e+03
7.668769796857413894e+03 1.049661499023437500e+03
7.668789797356753297e+03 1.050180908203125000e+03
7.668809797856093610e+03 1.050858764648437500e+03
7.668829798355433013e+03 1.054750122070312500e+03
7.668849798854772416e+03 1.057022460937500000e+03
7.668869799354113638e+03 1.057721069335937500e+03
7.668889799853453042e+03 1.057413696289062500e+03
7.668909800352793354e+03 1.056667236328125000e+03
7.668929800852133667e+03 1.056954101562500000e+03
7.668949801351473070e+03 1.054924316406250000e+03
7.668969801850813383e+03 1.052527954101562500e+03
7.668989802350152786e+03 1.053657470703125000e+03
