3.299999999999999822e+00 5.664405730543402573e-01 6.508053035349740112e-01 1.217245876589314157e+00 -1.558695624351980058e-02
1.000000000000000000e+01 1.150058174348632667e+00 1.178639467160072840e+00 2.328697641508705729e+00 1.713607994715182770e-02
2.000000000000000000e+01 1.625340710115798615e+00 1.658156407050918046e+00 3.283497117166716883e+00 -2.974112107151771767e-02
3.000000000000000000e+01 1.990535248094371878e+00 2.025377650059639212e+00 4.015912898154010868e+00 9.206191447309386433e-03
4.000000000000000000e+01 2.298779905391523215e+00 2.335059073741397206e+00 4.633838979132920421e+00 1.071585600980551334e-02
5.000000000000000000e+01 2.570714988101379106e+00 2.607869253227410589e+00 5.178584241328789695e+00 1.609675384130770937e-02
6.000000000000000000e+01 2.816627129856819511e+00 2.854625060776466050e+00 5.671252190633286006e+00 -3.059966121856305676e-02
7.000000000000000000e+01 3.042876007505879166e+00 3.081601974145032674e+00 6.124477981650912284e+00 3.736586953881015916e-02
8.000000000000000000e+01 3.253483180308805345e+00 3.293082592924128971e+00 6.546565773232934760e+00 -2.858651191480987563e-03
9.000000000000000000e+01 3.451371230110543920e+00 3.491610075051982953e+00 6.942981305162526873e+00 8.296620477850957798e-03
1.000000000000000000e+02 3.638637989883987789e+00 3.679351626461742519e+00 7.317989616345730752e+00 -1.955328599205330420e-03
