-3.739751007257201998e+00 3.670425350247890606e+02
-3.730244000250195313e+00 3.969185303102450462e+02
-3.720736993243188184e+00 4.286916208025475044e+02
-3.711229986236181055e+00 4.624403481270719567e+02
-3.701722979229174371e+00 4.982440312544051721e+02
-3.692215972222167686e+00 5.361827002272164009e+02
-3.682708965215160557e+00 5.763370393731934200e+02
-3.673201958208153428e+00 6.187883413192297439e+02
-3.663694951201146743e+00 6.636184730627346653e+02
-3.654187944194140059e+00 7.109098552839540162e+02
-3.644680937187132930e+00 7.607454559998121795e+02
-3.635173930180125801e+00 8.132087995664896880e+02
-3.625666923173119116e+00 8.683839919363468880e+02
-3.616159916166112431e+00 9.263557629666604498e+02
-3.606652909159105747e+00 9.872095264649208275e+02
-3.597145902152098618e+00 1.051031458540148378e+03
-3.587638895145091489e+00 1.117908594713740968e+03
-3.578131888138084804e+00 1.187928946129016367e+03
-3.568624881131078119e+00 1.261181635087685208e+03
-3.559117874124070990e+00 1.337757050036108240e+03
-3.549610867117063862e+00 1.417747020026228256e+03
-3.540103860110057177e+00 1.501245008587272423e+03
-3.530596853103050492e+00 1.588346326866308345e+03
-3.521089846096043363e+00 1.679148365830090597e+03
-3.511582839089036234e+00 1.773750847268627467e+03
-3.502075832082029549e+00 1.872256093303683429e+03
-3.492568825075022865e+00 1.974769314083848940e+03
-3.483061818068015736e+00 2.081398913342754440e+03
-3.473554811061008607e+00 2.192256811509008458e+03
-3.464047804054001922e+00 2.307458786085802330e+03
-3.454540797046995237e+00 2.427124829065070571e+03
-3.445033790039988109e+00 2.551379521205696619e+03
-3.435526783032981424e+00 2.680352423087449552e+03
-3.426019776025974295e+00 2.814178482951876049e+03
-3.416512769018967610e+00 2.952998461457596022e+03
-3.407005762011960925e+00 3.096959373610845432e+03
-3.397498755004953797e+00 3.246214948280860426e+03
-3.387991747997946668e+00 3.400926105874674704e+03
-3.378484740990939983e+00 3.561261454925593171e+03
-3.368977733983933298e+00 3.727397808543872543e+03
-3.359470726976926169e+00 3.899520721886429783e+03
-3.349963719969919040e+00 4.077825052024265005e+03
-3.340456712962912356e+00 4.262515541821248007e+03
-3.330949705955905671e+00 4.453807429685421084e+03
-3.321442698948898542e+00 4.651927087313926677e+03
-3.311935691941891413e+00 4.857112687824737804e+03
-3.302428684934884728e+00 5.069614906952138881e+03
-3.292921677927878044e+00 5.289697660278127842e+03
-3.283414670920870915e+00 5.517638879778575756e+03
-3.273907663913863786e+00 5.753731333280610670e+03
-3.264400656906857101e+00 5.998283490756140054e+03
-3.254893649899850416e+00 6.251620441714922890e+03
-3.245386642892843732e+00 6.514084868308893419e+03
-3.235879635885836603e+00 6.786038079116868175e+03
-3.226372628878829474e+00 7.067861108943528052e+03
-3.216865621871822789e+00 7.359955890338256722e+03
-3.207358614864816104e+00 7.662746502915186284e+03
-3.197851607857808975e+00 7.976680506933877950e+03
-3.188344600850801847e+00 8.302230367977335845e+03
-3.178837593843795162e+00 8.639894979936576419e+03
-3.169330586836788477e+00 8.990201293874049952e+03
-3.159823579829781348e+00 9.353706060686479759e+03
-3.150316572822774219e+00 9.730997695814447070e+03
-3.140809565815767535e+00 1.012269827454328697e+04
-3.131302558808760850e+00 1.052946566669786807e+04
-3.121795551801753721e+00 1.095199581974270041e+04
-3.112288544794746592e+00 1.139102519944559026e+04
-3.102781537787739907e+00 1.184733339733411231e+04
-3.093274530780733222e+00 1.232174591415315808e+04
-3.083767523773726538e+00 1.281513712840180051e+04
-3.074260516766719409e+00 1.332843345876962667e+04
-3.064753509759712280e+00 1.386261672888386420e+04
-3.055246502752705595e+00 1.441872774219864550e+04
-3.045739495745698910e+00 1.499787007407965393e+04
-3.036232488738691782e+00 1.560121408713748133e+04
-3.026725481731684653e+00 1.623000117461358059e+04
-3.017218474724677968e+00 1.688554823509656126e+04
-3.007711467717671283e+00 1.756925238001543039e+04
-2.998204460710664154e+00 1.828259587319369166e+04
-2.988697453703657025e+00 1.902715129922734559e+04
-2.979190446696650341e+00 1.980458695454614281e+04
-2.969683439689643656e+00 2.061667245170844762e+04
-2.960176432682636527e+00 2.146528452374842527e+04
-2.950669425675629398e+00 2.235241301122603909e+04
-2.941162418668622713e+00 2.328016701001775073e+04
-2.931655411661616029e+00 2.425078115282801446e+04
-2.922148404654608900e+00 2.526662199190647880e+04
-2.912641397647602215e+00 2.633019444454204131e+04
-2.903134390640595086e+00 2.744414825659968119e+04
-2.893627383633588401e+00 2.861128443270802381e+04
-2.884120376626581717e+00 2.983456157475634245e+04
-2.874613369619574588e+00 3.111710206317599295e+04
-2.865106362612567459e+00 3.246219800815890267e+04
-2.855599355605560774e+00 3.387331689059556811e+04
-2.846092348598554089e+00 3.535410680521581526e+04
-2.836585341591546960e+00 3.690840121131875640e+04
-2.827078334584539832e+00 3.854022308973132021e+04
-2.817571327577533147e+00 4.025378839839865395e+04
-2.808064320570526462e+00 4.205350871345791529e+04
-2.798557313563519333e+00 4.394399293796869460e+04
-2.789050306556512204e+00 4.593004795686205762e+04
-2.779543299549505520e+00 4.801667811432515009e+04
-2.770036292542498835e+00 5.020908338896412170e+04
-2.760529285535491706e+00 5.251265614288183860e+04
-2.751022278528484577e+00 5.493297632346729370e+04
-2.741515271521477892e+00 5.747580500139592914e+04
-2.732008264514471207e+00 6.014707613524993940e+04
-2.722501257507464079e+00 6.295288646242616232e+04
-2.712994250500457394e+00 6.589948342771586613e+04
-2.703487243493450265e+00 6.899325107519284938e+04
-2.693980236486443580e+00 7.224069384585772059e+04
-2.684473229479436451e+00 7.564841824286725023e+04
-2.674966222472429767e+00 7.922311234803032130e+04
-2.665459215465422638e+00 8.297152319749674643e+04
-2.655952208458415953e+00 8.690043205098029284e+04
-2.646445201451409268e+00 9.101662761724695156e+04
-2.636938194444402139e+00 9.532687732861867698e+04
-2.627431187437395455e+00 9.983789678856573300e+04
-2.617924180430388326e+00 1.045563175486432447e+05
-2.608417173423381641e+00 1.094886534035874938e+05
-2.598910166416374512e+00 1.146412654258284310e+05
-2.589403159409367827e+00 1.200203259923746664e+05
-2.579896152402360698e+00 1.256317820874427271e+05
-2.570389145395354014e+00 1.314813181926408433e+05
-2.560882138388346885e+00 1.375743191024071712e+05
-2.551375131381340200e+00 1.439158330250368163e+05
-2.541868124374333071e+00 1.505105353484632215e+05
-2.532361117367326386e+00 1.573626934643255372e+05
-2.522854110360319257e+00 1.644761330532837019e+05
-2.513347103353312573e+00 1.718542062384844467e+05
-2.503840096346305444e+00 1.794997620122099179e+05
-2.494333089339298759e+00 1.874151193326527136e+05
-2.484826082332292074e+00 1.956020432733462076e+05
-2.475319075325284945e+00 2.040617245868433965e+05
-2.465812068318278261e+00 2.127947630168890464e+05
-2.456305061311271132e+00 2.218011546596793341e+05
-2.446798054304264447e+00 2.310802836351359729e+05
-2.437291047297257318e+00 2.406309182839063578e+05
-2.427784040290250633e+00 2.504512120555062138e+05
-2.418277033283243505e+00 2.605387091984222352e+05
-2.408770026276236820e+00 2.708903553047603345e+05
-2.399263019269229691e+00 2.815025127011680161e+05
-2.389756012262223006e+00 2.923709806151301018e+05
-2.380249005255215877e+00 3.034910199824905721e+05
-2.370741998248209192e+00 3.148573826991579263e+05
-2.361234991241202064e+00 3.264643450586343533e+05
-2.351727984234195379e+00 3.383057450582515448e+05
-2.342220977227188250e+00 3.503750232020133408e+05
-2.332713970220181565e+00 3.626652663776294212e+05
-2.323206963213174436e+00 3.751692543407775811e+05
-2.313699956206167752e+00 3.878795083015759010e+05
-2.304192949199161067e+00 4.007883410775630618e+05
-2.294685942192153938e+00 4.138879082546570571e+05
-2.285178935185147253e+00 4.271702597831620951e+05
-2.275671928178140124e+00 4.406273914301496698e+05
-2.266164921171133440e+00 4.542512955125917797e+05
-2.256657914164126311e+00 4.680340103474799544e+05
-2.247150907157119626e+00 4.819676678755154135e+05
-2.237643900150112497e+00 4.960445389435325633e+05
-2.228136893143105812e+00 5.102570757669452578e+05
-2.218629886136098683e+00 5.245979511366412044e+05
-2.209122879129091999e+00 5.390600939839092316e+05
-2.199615872122084870e+00 5.536367209714021301e+05
-2.190108865115078185e+00 5.683213638366259402e+05
-2.180601858108071056e+00 5.831078922760714777e+05
-2.171094851101064371e+00 5.979905322215901688e+05
-2.161587844094057242e+00 6.129638794249466155e+05
-2.152080837087050558e+00 6.280229083304003580e+05
-2.142573830080043429e+00 6.431629762776870048e+05
-2.133066823073036744e+00 6.583798231377210468e+05
-2.123559816066030059e+00 6.736695665398970013e+05
-2.114052809059022930e+00 6.890286929020036478e+05
-2.104545802052016246e+00 7.044540445208755555e+05
-2.095038795045009117e+00 7.199428030232579913e+05
-2.085531788038002432e+00 7.354924695114901988e+05
-2.076024781030995303e+00 7.511008417672202922e+05
-2.066517774023988618e+00 7.667659888981198892e+05
-2.057010767016981490e+00 7.824862238275781274e+05
-2.047503760009974805e+00 7.982600740354852751e+05
-2.037996753002967676e+00 8.140862509598805336e+05
-2.028489745995960991e+00 8.299636184645495377e+05
-2.018982738988953862e+00 8.458911607672349783e+05
-2.009475731981947177e+00 8.618679502072812757e+05
-1.999968724974940049e+00 8.778931152110579424e+05
-1.990461717967933364e+00 8.939658087888691807e+05
-1.980954710960926235e+00 9.100851778690785868e+05
-1.971447703953919550e+00 9.262503337444545468e+05
-1.961940696946912865e+00 9.424603238730983576e+05
-1.952433689939905737e+00 9.587141052423312794e+05
-1.942926682932899052e+00 9.750105194693999365e+05
-1.933419675925891923e+00 9.913482697783478070e+05
-1.923912668918885238e+00 1.007725899958500057e+06
-1.914405661911878109e+00 1.024141775377379032e+06
-1.904898654904871425e+00 1.040594066089719534e+06
-1.895391647897864296e+00 1.057080732055319473e+06
-1.885884640890857611e+00 1.073599510451721493e+06
-1.876377633883850482e+00 1.090147905043752166e+06
-1.866870626876843797e+00 1.106723177550633671e+06
-1.857363619869836668e+00 1.123322340933104279e+06
-1.847856612862829984e+00 1.139942154507527361e+06
-1.838349605855822855e+00 1.156579120781572303e+06
-1.828842598848816170e+00 1.173229483896380756e+06
-1.819335591841809041e+00 1.189889229553299490e+06
-1.809828584834802356e+00 1.206554086298953742e+06
-1.800321577827795227e+00 1.223219528040491976e+06
-1.790814570820788543e+00 1.239880777663083514e+06
-1.781307563813781858e+00 1.256532811623893445e+06
-1.771800556806774729e+00 1.273170365400567418e+06
-1.762293549799768044e+00 1.289787939677482937e+06
-1.752786542792760915e+00 1.306379807159417309e+06
-1.743279535785754231e+00 1.322940019909563474e+06
-1.733772528778747102e+00 1.339462417116797762e+06
-1.724265521771740417e+00 1.355940633205525577e+06
-1.714758514764733288e+00 1.372368106210132595e+06
-1.705251507757726603e+00 1.388738086344769225e+06
-1.695744500750719475e+00 1.405043644707914907e+06
-1.686237493743712790e+00 1.421277682069549570e+06
-1.676730486736705661e+00 1.437432937696887180e+06
-1.667223479729698976e+00 1.453501998182239011e+06
-1.657716472722691847e+00 1.469477306243754225e+06
-1.648209465715685162e+00 1.485351169476322364e+06
-1.638702458708678034e+00 1.501115769035934936e+06
-1.629195451701671349e+00 1.516763168246137677e+06
-1.619688444694664220e+00 1.532285321119992062e+06
-1.610181437687657535e+00 1.547674080795048736e+06
-1.600674430680650850e+00 1.562921207882463932e+06
-1.591167423673643722e+00 1.578018378734319704e+06
-1.581660416666637037e+00 1.592957193635744043e+06
-1.572153409659629908e+00 1.607729184930412797e+06
-1.562646402652623223e+00 1.622325825089585735e+06
-1.553139395645616094e+00 1.636738534736074507e+06
-1.543632388638609410e+00 1.650958690635345876e+06
-1.534125381631602281e+00 1.664977633666628273e+06
-1.524618374624595596e+00 1.678786676787198754e+06
-1.515111367617588467e+00 1.692377113003239036e+06
-1.505604360610581782e+00 1.705740223360675387e+06
-1.496097353603574653e+00 1.718867284969391301e+06
-1.486590346596567969e+00 1.731749579074043548e+06
-1.477083339589560840e+00 1.744378399184644921e+06
-1.467576332582554155e+00 1.756745059279883280e+06
-1.458069325575547026e+00 1.768840902096142527e+06
-1.448562318568540341e+00 1.780657307515082648e+06
-1.439055311561533657e+00 1.792185701062770095e+06
-1.429548304554526528e+00 1.803417562533458229e+06
-1.420041297547519843e+00 1.814344434751393506e+06
-1.410534290540512714e+00 1.824957932484448887e+06
-1.401027283533506029e+00 1.835249751523825806e+06
-1.391520276526498900e+00 1.845211677944790339e+06
-1.382013269519492216e+00 1.854835597564091673e+06
-1.372506262512485087e+00 1.864113505610684399e+06
-1.362999255505478402e+00 1.873037516627283301e+06
-1.353492248498471273e+00 1.881599874621476978e+06
-1.343985241491464588e+00 1.889792963486212073e+06
-1.334478234484457460e+00 1.897609317710808478e+06
-1.324971227477450775e+00 1.905041633404903812e+06
-1.315464220470443646e+00 1.912082779659073800e+06
-1.305957213463436961e+00 1.918725810267197900e+06
-1.296450206456429832e+00 1.924963975836929632e+06
-1.286943199449423147e+00 1.930790736315837130e+06
-1.277436192442416019e+00 1.936199773961944040e+06
-1.267929185435409334e+00 1.941185006788340164e+06
-1.258422178428402649e+00 1.945740602512415731e+06
-1.248915171421395520e+00 1.949860993040852714e+06
-1.239408164414388835e+00 1.953540889521884266e+06
-1.229901157407381707e+00 1.956775297996481182e+06
-1.220394150400375022e+00 1.959559535679821158e+06
-1.210887143393367893e+00 1.961889247903962852e+06
-1.201380136386361208e+00 1.963760425751595059e+06
-1.191873129379354079e+00 1.965169424409490079e+06
-1.182366122372347395e+00 1.966112982268510852e+06
-1.172859115365340266e+00 1.966588240794841433e+06
-1.163352108358333581e+00 1.966592765194496140e+06
-1.153845101351326452e+00 1.966124565890095662e+06
-1.144338094344319767e+00 1.965182120825370774e+06
-1.134831087337312638e+00 1.963764398608968360e+06
-1.125324080330305954e+00 1.961870882504731184e+06
-1.115817073323298825e+00 1.959501595270947553e+06
-1.106310066316292140e+00 1.956657124845998827e+06
-1.096803059309285011e+00 1.953338650872449391e+06
-1.087296052302278326e+00 1.949547972046042094e+06
-1.077789045295271642e+00 1.945287534270222532e+06
-1.068282038288264513e+00 1.940560459590910003e+06
-1.058775031281257828e+00 1.935370575880166842e+06
-1.049268024274250699e+00 1.929722447231411003e+06
-1.039761017267244014e+00 1.923621405022819294e+06
-1.030254010260236885e+00 1.917073579599665944e+06
-1.020747003253230201e+00 1.910085932520611677e+06
-1.011239996246223072e+00 1.902666289307397557e+06
-1.001732989239216387e+00 1.894823372632073471e+06
-9.922259822322092582e-01 1.886566835870801006e+06
-9.827189752252025734e-01 1.877907296948394040e+06
-9.732119682181954445e-01 1.868856372393124970e+06
-9.637049612111887598e-01 1.859426711516861804e+06
-9.541979542041816309e-01 1.849632030631186906e+06
-9.446909471971749461e-01 1.839487147205879912e+06
-9.351839401901678173e-01 1.829008013871596195e+06
-9.256769331831611325e-01 1.818211752163995989e+06
-9.161699261761544477e-01 1.807116685901402030e+06
-9.066629191691473189e-01 1.795742374082463561e+06
-8.971559121621406341e-01 1.784109643183748936e+06
-8.876489051551335052e-01 1.772240618729725713e+06
-8.781418981481268204e-01 1.760158755998734152e+06
-8.686348911411196916e-01 1.747888869718215894e+06
-8.591278841341130068e-01 1.735457162590266205e+06
-8.496208771271058779e-01 1.722891252474298002e+06
-8.401138701200991932e-01 1.710220198036963120e+06
-8.306068631130920643e-01 1.697474522660233313e+06
-8.210998561060853795e-01 1.684686236376419663e+06
-8.115928490990782507e-01 1.671888855573786655e+06
-8.020858420920715659e-01 1.659117420188028133e+06
-7.925788350850644370e-01 1.646408508063219953e+06
-7.830718280780577523e-01 1.633800246130757965e+06
-7.735648210710506234e-01 1.621332318016402889e+06
-7.640578140640439386e-01 1.609045967643861659e+06
-7.545508070570368098e-01 1.596983998358539306e+06
-7.450438000500305691e-01 1.585190767047629459e+06
-7.355367930430229961e-01 1.573712172682722798e+06
-7.260297860360163114e-01 1.562595638659423916e+06
-7.165227790290096266e-01 1.551890088255429408e+06
-7.070157720220029418e-01 1.541645912475218996e+06
-6.975087650149953689e-01 1.531914929496606579e+06
-6.880017580079886841e-01 1.522750334883158095e+06
-6.784947510009819993e-01 1.514206641677985433e+06
-6.689877439939753145e-01 1.506339609450164717e+06
-6.594807369869677416e-01 1.499206161326321540e+06
-6.499737299799610568e-01 1.492864288008597679e+06
-6.404667229729543720e-01 1.487372937757805688e+06
-6.309597159659476873e-01 1.482791891309128376e+06
-6.214527089589401143e-01 1.479181620688976254e+06
-6.119457019519334295e-01 1.476603130917685106e+06
-6.024386949449267448e-01 1.475117783615549328e+06
-5.929316879379200600e-01 1.474787101581309224e+06
-5.834246809309124870e-01 1.475672553484504344e+06
-5.739176739239058023e-01 1.477835317908024415e+06
-5.644106669168991175e-01 1.481336026096362621e+06
-5.549036599098924327e-01 1.486234482910088496e+06
-5.453966529028857479e-01 1.492589365659136791e+06
-5.358896458958781750e-01 1.500457900687573478e+06
-5.263826388888714902e-01 1.509895517811216880e+06
-5.168756318818648055e-01 1.520955482966890559e+06
-5.073686248748581207e-01 1.533688509717828827e+06
-4.978616178678505477e-01 1.548142350572963711e+06
-4.883546108608438630e-01 1.564361369416843168e+06
-4.788476038538371782e-01 1.582386096709674923e+06
-4.693405968468304934e-01 1.602252769500387134e+06
-4.598335898398229205e-01 1.623992858696142910e+06
-4.503265828328162357e-01 1.647632586444904096e+06
-4.408195758258095509e-01 1.673192436908338917e+06
-4.313125688188028661e-01 1.700686664124562638e+06
-4.218055618117952932e-01 1.730122801077506039e+06
-4.122985548047886084e-01 1.761501174494536826e+06
-4.027915477977819236e-01 1.794814430278830463e+06
-3.932845407907752389e-01 1.830047074839150766e+06
-3.837775337837685541e-01 1.867175037898937473e+06
-3.742705267767609811e-01 1.906165262639539549e+06
-3.647635197697542964e-01 1.946975329250464449e+06
-3.552565127627476116e-01 1.989553118113620905e+06
-3.457495057557409268e-01 2.033836518930123420e+06
-3.362424987487333539e-01 2.079753192099581007e+06
-3.267354917417266691e-01 2.127220388575291727e+06
-3.172284847347199843e-01 2.176144834238506388e+06
-3.077214777277132995e-01 2.226422684555368498e+06
-2.982144707207057266e-01 2.277939554898155387e+06
-2.887074637136990418e-01 2.330570631425291765e+06
-2.792004567066923570e-01 2.384180866822637618e+06
-2.696934496996856723e-01 2.438625264512606431e+06
-2.601864426926780993e-01 2.493749254142300226e+06
-2.506794356856714145e-01 2.549389160271879751e+06
-2.411724286786647298e-01 2.605372765208709985e+06
-2.316654216716580450e-01 2.661519965880585369e+06
-2.221584146646513602e-01 2.717643523525702767e+06
-2.126514076576437873e-01 2.773549903811403085e+06
-2.031444006506371025e-01 2.829040203794461209e+06
-1.936373936436304177e-01 2.883911160920487251e+06
-1.841303866366237330e-01 2.937956238047227729e+06
-1.746233796296161600e-01 2.990966777286929544e+06
-1.651163726226094752e-01 3.042733214316136204e+06
-1.556093656156027905e-01 3.093046343718798831e+06
-1.461023586085961057e-01 3.141698624930457212e+06
-1.365953516015885327e-01 3.188485517457944807e+06
-1.270883445945818480e-01 3.233206833279126789e+06
-1.175813375875751632e-01 3.275668093698290177e+06
-1.080743305805684784e-01 3.315681877460100688e+06
-9.856732357356090546e-02 3.353069146622178610e+06
-8.906031656655422069e-02 3.387660536563302390e+06
-7.955330955954753591e-02 3.419297596568785608e+06
-7.004630255254085114e-02 3.447833967690748628e+06
-6.053929554553327819e-02 3.473136485029868316e+06
-5.103228853852659341e-02 3.495086192223640159e+06
-4.152528153151990864e-02 3.513579256748319604e+06
-3.201827452451322387e-02 3.528527775637309067e+06
-2.251126751750653909e-02 3.539860462375092786e+06
-1.300426051049896614e-02 3.547523207026069518e+06
-3.497253503492281368e-03 3.551479503082934301e+06
6.009753503514403405e-03 3.551710736047696788e+06
1.551676051052108818e-02 3.548216330366175156e+06
2.502376751752866113e-02 3.541013752998531330e+06
3.453077452453534590e-02 3.530138373597432859e+06
4.403778153154203068e-02 3.515643182954756543e+06
5.354478853854871545e-02 3.497598373040240724e+06
6.305179554555628840e-02 3.476090783564557787e+06
7.255880255256297318e-02 3.451223221529565752e+06
8.206580955956965795e-02 3.423113661656007636e+06
9.157281656657634272e-02 3.391894336882147007e+06
1.010798235735839157e-01 3.357710729286201298e+06
1.105868305805906004e-01 3.320720472784865182e+06
1.200938375875972852e-01 3.281092179786230903e+06
1.296008445946039700e-01 3.239004204618498683e+06
1.391078516016106548e-01 3.194643357009185478e+06
1.486148586086182277e-01 3.148203579150850419e+06
1.581218656156249125e-01 3.099884599959055427e+06
1.676288726226315973e-01 3.049890580010521691e+06
1.771358796296382820e-01 2.998428760352062993e+06
1.866428866366458550e-01 2.945708127903570887e+06
1.961498936436525398e-01 2.891938109555008356e+06
2.056569006506592245e-01 2.837327306292595342e+06
2.151639076576659093e-01 2.782082277801411692e+06
2.246709146646734823e-01 2.726406386998397298e+06
2.341779216716801670e-01 2.670498712871975265e+06
2.436849286786868518e-01 2.614553038862079382e+06
2.531919356856935366e-01 2.558756922828712035e+06
2.626989426927011095e-01 2.503290853447891772e+06
2.722059496997077943e-01 2.448327496661779936e+06
2.817129567067144791e-01 2.394031034612879623e+06
2.912199637137211639e-01 2.340556598328888416e+06
3.007269707207278486e-01 2.288049794310235884e+06
3.102339777277354216e-01 2.236646324121303856e+06
3.197409847347421064e-01 2.186471695110805798e+06
3.292479917417487911e-01 2.137641019496717956e+06
3.387549987487554759e-01 2.090258898254979867e+06
3.482620057557630489e-01 2.044419385554057080e+06
3.577690127627697336e-01 2.000206028883703984e+06
3.672760197697764184e-01 1.957691979537027888e+06
3.767830267767831032e-01 1.916940167720394442e+06
3.862900337837906761e-01 1.878003536283347523e+06
3.957970407907973609e-01 1.840925326877292013e+06
4.053040477978040457e-01 1.805739412261832738e+06
4.148110548048107304e-01 1.772470668475554325e+06
4.243180618118183034e-01 1.741135380665901350e+06
4.338250688188249882e-01 1.711741676523418631e+06
4.433320758258316729e-01 1.684289981479784241e+06
4.528390828328383577e-01 1.658773490098681767e+06
4.623460898398459307e-01 1.635178648404046893e+06
4.718530968468526154e-01 1.613485642243281007e+06
4.813601038538593002e-01 1.593668887164588552e+06
4.908671108608659850e-01 1.575697515689662425e+06
5.003741178678726698e-01 1.559535858277420746e+06
5.098811248748802427e-01 1.545143914694401203e+06
5.193881318818869275e-01 1.532477812925925711e+06
5.288951388888936123e-01 1.521490253173487261e+06
5.384021458959002970e-01 1.512130934882780071e+06
5.479091529029078700e-01 1.504346965128936339e+06
5.574161599099145548e-01 1.498083247047250625e+06
5.669231669169212395e-01 1.493282847335980739e+06
5.764301739239279243e-01 1.489887342170505086e+06
5.859371809309354973e-01 1.487837141153619625e+06
5.954441879379421820e-01 1.487071789184085792e+06
6.049511949449488668e-01 1.487530246354387375e+06
6.144582019519555516e-01 1.489151146189007908e+06
6.239652089589631245e-01 1.491873032707062084e+06
6.334722159659698093e-01 1.495634576938642655e+06
6.429792229729764941e-01 1.500374773644086905e+06
6.524862299799831789e-01 1.506033119080957025e+06
6.619932369869898636e-01 1.512549770736612147e+06
6.715002439939974366e-01 1.519865689996654401e+06
6.810072510010041213e-01 1.527922768753133016e+06
6.905142580080108061e-01 1.536663940973298857e+06
7.000212650150174909e-01 1.546033280251751887e+06
7.095282720220250638e-01 1.555976084358133376e+06
7.190352790290317486e-01 1.566438947770903818e+06
7.285422860360384334e-01 1.577369823157099541e+06
7.380492930430451182e-01 1.588718072719979100e+06
7.475563000500526911e-01 1.600434510292825522e+06
7.570633070570593759e-01 1.612471435009298613e+06
7.665703140640660607e-01 1.624782657330055023e+06
7.760773210710727454e-01 1.637323518152981997e+06
7.855843280780803184e-01 1.650050901681572665e+06
7.950913350850870032e-01 1.662923242673399393e+06
8.045983420920936879e-01 1.675900528639395023e+06
8.141053490991003727e-01 1.688944297515050508e+06
8.236123561061070575e-01 1.702017631277561421e+06
8.331193631131146304e-01 1.715085145938508445e+06
8.426263701201213152e-01 1.728112978300333023e+06
8.521333771271280000e-01 1.741068769826794509e+06
8.616403841341346848e-01 1.753921647942784242e+06
8.711473911411422577e-01 1.766642205047574826e+06
8.806543981481489425e-01 1.779202475497436244e+06
8.901614051551556273e-01 1.791575910788763082e+06
8.996684121621623120e-01 1.803737353150951443e+06
9.091754191691698850e-01 1.815663007739352994e+06
9.186824261761765698e-01 1.827330413602193119e+06
9.281894331831832545e-01 1.838718413581348723e+06
9.376964401901899393e-01 1.849807123294892721e+06
9.472034471971975123e-01 1.860577899339193944e+06
9.567104542042041970e-01 1.871013306839741301e+06
9.662174612112108818e-01 1.881097086472538067e+06
9.757244682182175666e-01 1.890814121071580099e+06
9.852314752252251395e-01 1.900150401932422537e+06
9.947384822322318243e-01 1.909092994916877244e+06
1.004245489239238509e+00 1.917630006459306926e+06
1.013752496246245194e+00 1.925750549570630072e+06
1.023259503253251879e+00 1.933444709931849269e+06
1.032766510260259452e+00 1.940703512164612068e+06
1.042273517267266136e+00 1.947518886361822486e+06
1.051780524274272821e+00 1.953883634956718422e+06
1.061287531281279506e+00 1.959791400003883755e+06
1.070794538288287079e+00 1.965236630940579111e+06
1.080301545295293764e+00 1.970214552891333587e+06
1.089808552302300448e+00 1.974721135573153384e+06
1.099315559309307133e+00 1.978753062852810370e+06
1.108822566316314706e+00 1.982307703001719667e+06
1.118329573323321391e+00 1.985383079687768361e+06
1.127836580330328076e+00 1.987977843737303047e+06
1.137343587337334760e+00 1.990091245694314828e+06
1.146850594344342333e+00 1.991723109197779791e+06
1.156357601351349018e+00 1.992873805192149011e+06
1.165864608358355703e+00 1.993544226980235428e+06
1.175371615365362388e+00 1.993735766122214962e+06
1.184878622372369072e+00 1.993450289179280866e+06
1.194385629379376645e+00 1.992690115295604570e+06
1.203892636386383330e+00 1.991457994607800618e+06
1.213399643393390015e+00 1.989757087467020378e+06
1.222906650400396700e+00 1.987590944455175661e+06
1.232413657407404273e+00 1.984963487173606176e+06
1.241920664414410957e+00 1.981878989779803436e+06
1.251427671421417642e+00 1.978342061245497782e+06
1.260934678428424327e+00 1.974357628307614475e+06
1.270441685435431900e+00 1.969930919082183158e+06
1.279948692442438585e+00 1.965067447310309391e+06
1.289455699449445270e+00 1.959772997204690939e+06
1.298962706456451954e+00 1.954053608864908107e+06
1.308469713463459527e+00 1.947915564229791518e+06
1.317976720470466212e+00 1.941365373535495019e+06
1.327483727477472897e+00 1.934409762248515151e+06
1.336990734484479582e+00 1.927055658443708206e+06
1.346497741491486266e+00 1.919310180598326726e+06
1.356004748498493839e+00 1.911180625774226850e+06
1.365511755505500524e+00 1.902674458161626477e+06
1.375018762512507209e+00 1.893799297959057614e+06
1.384525769519513894e+00 1.884562910565529717e+06
1.394032776526521467e+00 1.874973196062199771e+06
1.403539783533528151e+00 1.865038178962200414e+06
1.413046790540534836e+00 1.854765998208504170e+06
1.422553797547541521e+00 1.844164897400930058e+06
1.432060804554549094e+00 1.833243215234486386e+06
1.441567811561555779e+00 1.822009376132260077e+06
1.451074818568562463e+00 1.810471881056949729e+06
1.460581825575569148e+00 1.798639298485937994e+06
1.470088832582576721e+00 1.786520255535397446e+06
1.479595839589583406e+00 1.774123429219497368e+06
1.489102846596590091e+00 1.761457537831105059e+06
1.498609853603596775e+00 1.748531332430710085e+06
1.508116860610604348e+00 1.735353588430389995e+06
1.517623867617611033e+00 1.721933097259751754e+06
1.527130874624617718e+00 1.708278658100693021e+06
1.536637881631624403e+00 1.694399069677803898e+06
1.546144888638631087e+00 1.680303122091047466e+06
1.555651895645638660e+00 1.665999588677250780e+06
1.565158902652645345e+00 1.651497217886820668e+06
1.574665909659652030e+00 1.636804725162020652e+06
1.584172916666658715e+00 1.621930784803228918e+06
1.593679923673666288e+00 1.606884021809736034e+06
1.603186930680672972e+00 1.591673003682059236e+06
1.612693937687679657e+00 1.576306232173293596e+06
1.622200944694686342e+00 1.560792134977989830e+06
1.631707951701693915e+00 1.545139057348212460e+06
1.641214958708700600e+00 1.529355253628081409e+06
1.650721965715707285e+00 1.513448878700132947e+06
1.660228972722713969e+00 1.497427979339409620e+06
1.669735979729721542e+00 1.481300485474217683e+06
1.679242986736728227e+00 1.465074201356166974e+06
1.688749993743734912e+00 1.448756796646294184e+06
1.698257000750741597e+00 1.432355797429002589e+06
1.707764007757748281e+00 1.415878577170964098e+06
1.717271014764755854e+00 1.399332347648300696e+06
1.726778021771762539e+00 1.382724149872078327e+06
1.736285028778769224e+00 1.366060845049429219e+06
1.745792035785775909e+00 1.349349105625509517e+06
1.755299042792783482e+00 1.332595406459710794e+06
1.764806049799790166e+00 1.315806016198233003e+06
1.774313056806796851e+00 1.298986988913943758e+06
1.783820063813803536e+00 1.282144156093475409e+06
1.793327070820811109e+00 1.265283119060332421e+06
1.802834077827817794e+00 1.248409241931474535e+06
1.812341084834824478e+00 1.231527645212952048e+06
1.821848091841831163e+00 1.214643200147716329e+06
1.831355098848838736e+00 1.197760523935215781e+06
1.840862105855845421e+00 1.180883975947794737e+06
1.850369112862852106e+00 1.164017655072801048e+06
1.859876119869858790e+00 1.147165398311573314e+06
1.869383126876865475e+00 1.130330780766697135e+06
1.878890133883873048e+00 1.113517117147000041e+06
1.888397140890879733e+00 1.096727464915376622e+06
1.897904147897886418e+00 1.079964629197515314e+06
1.907411154904893102e+00 1.063231169559823349e+06
1.916918161911900675e+00 1.046529408752086456e+06
1.926425168918907360e+00 1.029861443494698731e+06
1.935932175925914045e+00 1.013229157371521695e+06
1.945439182932920730e+00 9.966342358677616576e+05
1.954946189939928303e+00 9.800781835676111514e+05
1.964453196946934987e+00 9.635623434991848189e+05
1.973960203953941672e+00 9.470879185845401371e+05
1.983467210960948357e+00 9.306559951208480634e+05
1.992974217967955930e+00 9.142675681852624984e+05
2.002481224974962615e+00 8.979235688214104157e+05
2.011988231981969300e+00 8.816248928300539264e+05
2.021495238988975984e+00 8.653724309511587489e+05
2.031002245995983557e+00 8.491671001897633541e+05
2.040509253002990242e+00 8.330098760046174284e+05
2.050016260009996927e+00 8.169018250470471103e+05
2.059523267017003612e+00 8.008441381088453345e+05
2.069030274024010296e+00 7.848381629126860062e+05
2.078537281031017869e+00 7.688854363575204043e+05
2.088044288038024554e+00 7.529877158151709009e+05
2.097551295045031239e+00 7.371470090635038214e+05
2.107058302052037924e+00 7.213656024367756909e+05
2.116565309059045497e+00 7.056460867752457270e+05
2.126072316066052181e+00 6.899913807644675253e+05
2.135579323073058866e+00 6.744047512698406354e+05
2.145086330080065551e+00 6.588898302942615701e+05
2.154593337087073124e+00 6.434506282158123795e+05
2.164100344094079809e+00 6.280915429983309004e+05
2.173607351101086493e+00 6.128173651099102572e+05
2.183114358108093178e+00 5.976332779325218871e+05
2.192621365115100751e+00 5.825448534992398927e+05
2.202128372122107436e+00 5.675580434533531079e+05
2.211635379129114121e+00 5.526791651849545306e+05
2.221142386136120805e+00 5.379148831645697355e+05
2.230649393143127490e+00 5.232721855587568134e+05
2.240156400150135063e+00 5.087583562784412061e+05
2.249663407157141748e+00 4.943809426757733454e+05
2.259170414164148433e+00 4.801477191683239071e+05
2.268677421171155117e+00 4.660666471294292714e+05
2.278184428178162690e+00 4.521458314391637105e+05
2.287691435185169375e+00 4.383934741408859845e+05
2.297198442192176060e+00 4.248178256924732123e+05
2.306705449199182745e+00 4.114271343385235523e+05
2.316212456206190318e+00 3.982295941590950824e+05
2.325719463213197002e+00 3.852332923715789220e+05
2.335226470220203687e+00 3.724461564745185897e+05
2.344733477227210372e+00 3.598759018255173578e+05
2.354240484234217945e+00 3.475299802396104205e+05
2.363747491241224630e+00 3.354155301799051813e+05
2.373254498248231315e+00 3.235393290890826029e+05
2.382761505255237999e+00 3.119077483791069244e+05
2.392268512262244684e+00 3.005267115576784126e+05
2.401775519269252257e+00 2.894016559244984528e+05
2.411282526276258942e+00 2.785374982190754381e+05
2.420789533283265627e+00 2.679386045455871499e+05
2.430296540290272311e+00 2.576087648403446365e+05
2.439803547297279884e+00 2.475511720846612589e+05
2.449310554304286569e+00 2.377684064016784832e+05
2.458817561311293254e+00 2.282624241109646100e+05
2.468324568318299939e+00 2.190345517506911128e+05
2.477831575325307512e+00 2.100854850148521073e+05
2.487338582332314196e+00 2.014152924934411421e+05
2.496845589339320881e+00 1.930234240475368279e+05
2.506352596346327566e+00 1.849087235997871030e+05
2.515859603353335139e+00 1.770694460743896198e+05
2.525366610360341824e+00 1.695032781800310477e+05
2.534873617367348508e+00 1.622073626946946606e+05
2.544380624374355193e+00 1.551783258831682033e+05
2.553887631381362766e+00 1.484123076565462688e+05
2.563394638388369451e+00 1.419049940681406879e+05
2.572901645395376136e+00 1.356516517318226688e+05
2.582408652402382820e+00 1.296471637467783003e+05
2.591915659409389505e+00 1.238860667165629275e+05
2.601422666416397078e+00 1.183625884598622360e+05
2.610929673423403763e+00 1.130706860249633173e+05
2.620436680430410448e+00 1.080040836390660115e+05
2.629943687437417132e+00 1.031563102466540004e+05
2.639450694444424705e+00 9.852073631750127242e+04
2.648957701451431390e+00 9.409060963392988197e+04
2.658464708458438075e+00 8.985908979794888000e+04
2.667971715465444760e+00 8.581928123130240419e+04
2.677478722472452333e+00 8.196426447456300957e+04
2.686985729479459017e+00 7.828712562469646218e+04
2.696492736486465702e+00 7.478098378340722411e+04
2.705999743493472387e+00 7.143901642060680024e+04
2.715506750500479960e+00 6.825448258804771467e+04
2.725013757507486645e+00 6.522074394720904820e+04
2.734520764514493330e+00 6.233128360255714506e+04
2.744027771521500014e+00 5.957972275612632802e+04
2.753534778528506699e+00 5.695983522174770769e+04
2.763041785535514272e+00 5.446555985711068206e+04
2.772548792542520957e+00 5.209101098908492713e+04
2.782055799549527642e+00 4.983048692234631017e+04
2.791562806556534326e+00 4.767847663339149585e+04
2.801069813563541899e+00 4.562966476153799886e+04
2.810576820570548584e+00 4.367893501563250175e+04
2.820083827577555269e+00 4.182137212004781031e+04
2.829590834584561954e+00 4.005226242632656795e+04
2.839097841591569527e+00 3.836709331768744596e+04
2.848604848598576211e+00 3.676155153276975761e+04
2.858111855605582896e+00 3.523152053263686685e+04
2.867618862612589581e+00 3.377307703141543607e+04
2.877125869619597154e+00 3.238248680619836523e+04
2.886632876626603839e+00 3.105619989620528577e+04
2.896139883633610523e+00 2.979084529484759332e+04
2.905646890640617208e+00 2.858322523148030086e+04
2.915153897647623893e+00 2.743030913238909488e+04
2.924660904654631466e+00 2.632922734312308967e+04
2.934167911661638151e+00 2.527726468676796503e+04
2.943674918668644835e+00 2.427185392527922522e+04
2.953181925675651520e+00 2.331056918366963873e+04
2.962688932682659093e+00 2.239111938974299119e+04
2.972195939689665778e+00 2.151134177527047723e+04
2.981702946696672463e+00 2.066919547806108312e+04
2.991209953703679147e+00 1.986275527833548040e+04
3.000716960710686720e+00 1.909020549719203336e+04
3.010223967717693405e+00 1.834983407978304604e+04
3.019730974724700090e+00 1.764002688109780138e+04
3.029237981731706775e+00 1.695926216798519090e+04
3.038744988738714348e+00 1.630610534722492957e+04
3.048251995745721032e+00 1.567920392606877431e+04
3.057759002752727717e+00 1.507728270869515291e+04
3.067266009759734402e+00 1.449913922943711077e+04
3.076773016766741087e+00 1.394363942142192354e+04
3.086280023773748660e+00 1.340971351738139674e+04
3.095787030780755344e+00 1.289635217782252585e+04
3.105294037787762029e+00 1.240260284046100423e+04
3.114801044794768714e+00 1.192756628379070571e+04
3.124308051801776287e+00 1.147039339685699088e+04
3.133815058808782972e+00 1.103028214670118905e+04
3.143322065815789657e+00 1.060647473451727092e+04
3.152829072822796341e+00 1.019825493129130336e+04
3.162336079829803914e+00 9.804945583553024335e+03
3.171843086836810599e+00 9.425906279841974538e+03
3.181350093843817284e+00 9.060531168556080956e+03
3.190857100850823969e+00 8.708246917996233606e+03
3.200364107857831542e+00 8.368510809627368872e+03
3.209871114864838226e+00 8.040808955836988389e+03
3.219378121871844911e+00 7.724654633770770488e+03
3.228885128878851596e+00 7.419586727156308370e+03
3.238392135885859169e+00 7.125168268377909044e+03
3.247899142892865854e+00 6.840985073434805599e+03
3.257406149899871650e+00 6.566644462792944068e+03
3.266913156906879223e+00 6.301774061525254183e+03
3.276420163913886796e+00 6.046020672520140579e+03
3.285927170920892593e+00 5.799049216920816434e+03
3.295434177927900166e+00 5.560541736338272131e+03
3.304941184934907739e+00 5.330196451753839028e+03
3.314448191941913535e+00 5.107726874391630190e+03
3.323955198948921108e+00 4.892860964199211594e+03
3.333462205955926905e+00 4.685340331922050609e+03
3.342969212962934478e+00 4.484919481092983915e+03
3.352476219969942051e+00 4.291365086586578400e+03
3.361983226976947847e+00 4.104455306701618611e+03
3.371490233983955420e+00 3.923979126040404026e+03
3.380997240990962993e+00 3.749735726746171622e+03
3.390504247997968790e+00 3.581533885939681568e+03
3.400011255004976363e+00 3.419191397465706814e+03
3.409518262011982159e+00 3.262534516316178724e+03
3.419025269018989732e+00 3.111397424338969813e+03
3.428532276025997305e+00 2.965621716072868367e+03
3.438039283033003102e+00 2.825055903763712649e+03
3.447546290040010675e+00 2.689554940819414242e+03
3.457053297047016471e+00 2.558979763148254733e+03
3.466560304054024044e+00 2.433196847995129701e+03
3.476067311061031617e+00 2.312077790046834252e+03
3.485574318068037414e+00 2.195498894714409289e+03
3.495081325075044987e+00 2.083340788622479522e+03
3.504588332082052560e+00 1.975488047438697095e+03
3.514095339089058356e+00 1.871828841261036132e+03
3.523602346096065929e+00 1.772254597848040476e+03
3.533109353103071726e+00 1.676659684025330534e+03
3.542616360110079299e+00 1.584941105630750371e+03
3.552123367117086872e+00 1.496998226372960062e+03
3.561630374124092668e+00 1.412732505970649754e+03
3.571137381131100241e+00 1.332047257916260378e+03
3.580644388138107814e+00 1.254847427167409251e+03
3.590151395145113611e+00 1.181039388012560721e+03
3.599658402152121184e+00 1.110530762287241942e+03
3.609165409159126980e+00 1.043230258033260725e+03
3.618672416166134553e+00 9.790475285976710893e+02
3.628179423173142126e+00 9.178930520638853068e+02
3.637686430180147923e+00 8.596780307936933241e+02
3.647193437187155496e+00 8.043143107405751380e+02
3.656700444194161292e+00 7.517143200720620371e+02
3.666207451201168865e+00 7.017910265143235620e+02
3.675714458208176438e+00 6.544579127090557904e+02
3.685221465215182235e+00 6.096289687512559112e+02
3.694728472222189808e+00 5.672187009607428081e+02
3.704235479229197381e+00 5.271421558310275941e+02
3.713742486236203177e+00 4.893149579985110336e+02
3.723249493243210750e+00 4.536533609853378834e+02
3.732756500250216547e+00 4.200743093914525161e+02
3.742263507257224120e+00 3.884955111468356677e+02
3.751770514264231693e+00 3.588355183855085215e+02
