1.000000000000000000e+01 1.054735084294079028e+00 1.085802312699740035e+00 2.140537396993819286e+00 2.026212171855057420e-02
2.000000000000000000e+01 1.503701470500860227e+00 1.539442433964401280e+00 3.043143904465261507e+00 2.582908965045849214e-02
3.000000000000000000e+01 1.845468179515435736e+00 1.884056925583088127e+00 3.729525105098523863e+00 -2.173115115771695471e-02
4.000000000000000000e+01 2.133421302975314404e+00 2.173856347548608348e+00 4.307277650523922752e+00 -1.482194907565936859e-02
5.000000000000000000e+01 2.387035371389824689e+00 2.428986843855671651e+00 4.816022215245496341e+00 4.628321351617614710e-03
6.000000000000000000e+01 2.616320992317887395e+00 2.659586586249510276e+00 5.275907578567397671e+00 -2.478060962077766050e-02
7.000000000000000000e+01 2.827205779463279445e+00 2.871568345585818083e+00 5.698774125049097528e+00 -9.659308384315501428e-03
8.000000000000000000e+01 3.023538503757587037e+00 3.068842754533259054e+00 6.092381258290846091e+00 -2.379742038781174074e-02
9.000000000000000000e+01 3.207974600338433735e+00 3.254072196101907899e+00 6.462046796440342078e+00 1.967192156548414061e-02
1.000000000000000000e+02 3.382412889186791283e+00 3.429265143421460049e+00 6.811678032608250888e+00 -3.844208751184474693e-02
