3933.10977006 0.982631928433
3933.17939256 0.982449936526
3933.25315926 0.982257111767
3933.33438551 0.982044787875
3933.40235033 0.981867129109
3933.4762828  0.981673871036
3933.55237025 0.981474979881
3933.59670865 0.980423298387
3933.62696579 0.981279988552
3933.69907481 0.981091496934
3933.73230496 0.977324949753
3933.76123775 0.955393264698
3933.78140017 0.90859905481
3933.78610293 0.850023742
3933.79075164 0.80979412244
3933.796049   0.780929647851
3933.80010311 0.73842821446
3933.80102204 0.700661467264
3933.80945458 0.653342794285
3933.81413031 0.6039403281
3933.81646818 0.562775680374
3933.83086026 0.537316869859
3933.84919832 0.576409636591
3933.85621193 0.647732766582
3933.86088766 0.708086397958
3933.86484267 0.768006272535
3933.87023913 0.812330246075
3933.87561758 0.862436023376
3933.88426634 0.91656187191
3933.90407439 0.961964532668
3933.93102368 0.979549405182
3933.95891593 0.980412277138
3934.03226821 0.980220535664
3934.07597146 0.979170514422
3934.1101791  0.980016878054
3934.17350242 0.979851352081
3934.2535683  0.979642061388
3934.31573125 0.979479568614
